,ABS Active,ABS Enabled,AID Allow Tire Blankets,AID Auto Blip,AID Auto Clutch,AID Auto Shift,AID Fuel Rate,AID Ideal Line,AID Mech Damage,AID Stability,AID Tire Wear Rate,Air Density,Air Temp,Ballast,Best Lap Delta,Best Lap Time,Brake Bias,Brake Pos,Brake Temp FL,Brake Temp FR,Brake Temp RL,Brake Temp RR,CG Accel Lateral,CG Accel Longitudinal,CG Accel Vertical,CG Height,Camber FL,Camber FR,Camber RL,Camber RR,Car Coord X,Car Coord Y,Car Coord Z,Car Damage Front,Car Damage Left,Car Damage Rear,Car Damage Right,Car Pos Norm,Caster FL,Caster FR,Chassis Pitch Angle,Chassis Pitch Rate,Chassis Roll Angle,Chassis Roll Rate,Chassis Velocity X,Chassis Velocity Y,Chassis Velocity Z,Chassis Yaw Rate,Clutch Pos,DRS Active,DRS Available,Drive Train Speed,ERS Heat Charging,ERS Is Charging,ERS Max Energy,ERS Power Level,ERS Recovery Level,Engine Brake Setting,Engine Limiter,Engine RPM,Flags,Fuel Level,Gear,Ground Speed,HR Sample Clock,In Pit,KERS Charge,KERS Deployed Energy,KERS Input,KERS Max Energy,LR Sample Clock,Lap Invalidated,Lap Time,Lap Time2,Last Lap Time,Last Sector Time,MR Sample Clock,Max Fuel,Max Power,Max RPM,Max Sus Travel FL,Max Sus Travel FR,Max Sus Travel RL,Max Sus Travel RR,Max Torque,Max Turbo Boost,Num Tires Off Track,Penalties Enabled,Position,Raw Data Sample Rate,Ride Height FL,Ride Height FR,Ride Height RL,Ride Height RR,Road Temp,Self Align Torque FL,Self Align Torque FR,Self Align Torque RL,Self Align Torque RR,Session Lap Count,Session Time Left,Steering Angle,Surface Grip,Suspension Travel FL,Suspension Travel FR,Suspension Travel RL,Suspension Travel RR,TC Active,TC Enabled,Throttle Pos,Tire Dirt Level FL,Tire Dirt Level FR,Tire Dirt Level RL,Tire Dirt Level RR,Tire Load FL,Tire Load FR,Tire Load RL,Tire Load RR,Tire Loaded Radius FL,Tire Loaded Radius FR,Tire Loaded Radius RL,Tire Loaded Radius RR,Tire Pressure FL,Tire Pressure FR,Tire Pressure RL,Tire Pressure RR,Tire Radius FL,Tire Radius FR,Tire Radius RL,Tire Radius RR,Tire Rubber Grip FL,Tire Rubber Grip FR,Tire Rubber Grip RL,Tire Rubber Grip RR,Tire Slip Angle FL,Tire Slip Angle FR,Tire Slip Angle RL,Tire Slip Angle RR,Tire Slip Ratio FL,Tire Slip Ratio FR,Tire Slip Ratio RL,Tire Slip Ratio RR,Tire Temp Core FL,Tire Temp Core FR,Tire Temp Core RL,Tire Temp Core RR,Tire Temp Inner FL,Tire Temp Inner FR,Tire Temp Inner RL,Tire Temp Inner RR,Tire Temp Middle FL,Tire Temp Middle FR,Tire Temp Middle RL,Tire Temp Middle RR,Tire Temp Outer FL,Tire Temp Outer FR,Tire Temp Outer RL,Tire Temp Outer RR,Toe In FL,Toe In FR,Toe In RL,Toe In RR,Turbo Boost,Wheel Angular Speed FL,Wheel Angular Speed FR,Wheel Angular Speed RL,Wheel Angular Speed RR,Wind Direction,Wind Speed
0,0.0,0.0,0.0,1.0,1.0,0.0,0.0,1.0,0.0,100.0,1.0,1.1856,26.0,0.0,0.0,0.0,57.99999,0.0,26.0,26.0,26.0,26.0,-0.0792222222222222,0.3057000000000001,0.02025,293.945,-2.71555,-2.66025,-1.51585,-1.5615,-275.49,216.29250000000002,190.986375,0.0,0.0,0.0,0.0,0.0017000000000000001,-5.498166666666667,-5.498166666666667,-0.5446,1.2113333333333334,-0.013444444444444592,-1.444,65.522,-0.0393,-0.21045,1.0579999999999998,100.0,1.0,1.0,202.3,0.0,0.0,0.0,0.0,0.0,0.0,0.0,8574.8,0.0,55.0,5.0,235.85000000000002,0.0,0.0,0.0,0.0,0.0,0.0,0.0,0.0,0.006000000000000227,0.006000000000000227,0.0,0.0,0.0,55.0,616.79921,10000.0,85.0,85.0,85.0,85.0,395.0,0.0,0.0,0.0,1.0,20.0,52.689,52.689,49.362,49.362,34.0,-26.69,23.154,-31.086666666666666,24.335,0.0,1782.935,0.8350000000000009,100.0,27.491,27.098,40.673,40.58,0.0,0.0,100.0,0.0,0.0,0.0,0.0,3018.0,3341.0,4150.25,3946.8,305.7235,304.1066666666667,314.8025,314.95675,21.7894,20.5161,21.7806,21.323999999999998,314.99999,314.99999,324.99998,324.99998,99.55954285714286,99.50726666666667,99.56571428571428,99.54564285714285,-0.008999999999999897,-0.12275000000000003,-0.17,0.059166666666666666,-0.046666666666666856,-0.02833333333332888,1.54,1.5945,37.184,29.226,37.129000000000005,34.275,56.504999999999995,34.5295,59.251999999999995,51.7975,54.409,33.685,57.8735,50.1435,53.574,33.233000000000004,57.839,49.56366666666666,-0.010000000000000009,-0.13750000000000018,0.10093,0.11666000000000001,0.0,205.35000000000002,205.21,202.3,202.3,0.0,0.0
1,0.0,0.0,0.0,1.0,1.0,0.0,0.0,1.0,0.0,100.0,1.0,1.1856,26.0,0.0,0.0,0.0,57.999998,0.0,26.0,26.0,26.0,26.0,-0.11311111111111105,0.30490000000000017,0.04145,292.953,-2.6309,-2.770375,-1.52225,-1.5539,-272.14,216.28750000000002,190.96625,0.0,0.0,0.0,0.0,0.0036666666666666666,-5.498166666666667,-5.498166666666667,-0.5025000000000001,-0.5743333333333334,-0.058555555555555916,-0.43300000000000005,65.67699999999999,-0.055900000000000005,-0.2026,1.4079999999999995,100.0,1.0,1.0,202.44,0.0,0.0,0.0,0.0,0.0,0.0,0.0,8580.7,0.0,55.0,5.0,236.40333333333334,1.0,0.0,0.0,0.0,0.0,0.0,0.0,0.0,0.05699999999999861,0.05699999999999861,0.0,0.0,1.0,55.0,616.79921,10000.0,85.000001,85.000001,85.000001,85.000001,395.0,0.0,0.0,0.0,1.0,333.33500000000004,53.36,53.36,48.34,48.34,34.0,-27.035,18.32,-34.24333333333334,28.8875,0.0,1782.881,0.9000000000000021,100.0,27.812,27.088,42.687,41.705,0.0,0.0,100.0,0.0,0.0,0.0,0.0,3073.125,2723.7,4325.5,4715.0,305.3945,306.15933333333334,314.2495,313.1185,21.7994,20.5212,21.7914,21.333199999999998,314.999998,314.999998,324.999988,324.999988,99.55954285714286,99.5073,99.56587142857143,99.5458,-0.016000000000000014,-0.14174999999999993,-0.182,0.033,-0.0049999999999954525,-0.03333333333333144,1.4095,1.475,37.245999999999995,29.258,37.196,34.332499999999996,56.488,34.57,59.2965,51.862,54.393,33.7225,57.9155,50.2055,53.557,33.269,57.878,49.62833333333333,-0.006999999999999895,-0.14700000000000024,0.10450500000000001,0.106645,0.0,205.755,205.67000000000002,202.44,202.44,0.0,0.0
2,0.0,0.0,0.0,1.0,1.0,0.0,0.0,1.0,0.0,100.0,1.0,1.1856,26.0,0.0,0.0,0.0,57.999998,0.0,26.0,26.0,26.0,26.0,-0.13322222222222213,0.29400000000000004,-0.014650000000000002,293.61,-2.6031,-2.79175,-1.4911,-1.6083,-268.79,216.28,190.947375,0.0,0.0,0.0,0.0,0.0056,-5.498166666666667,-5.498166666666667,-0.5498000000000001,0.1443333333333333,-0.04899999999999993,1.7720000000000002,65.818,-0.0741,-0.252825,1.6239999999999997,100.0,1.0,1.0,203.36666666666667,0.0,0.0,0.0,0.0,0.0,0.0,0.0,8620.0,0.0,55.0,5.0,236.91666666666669,0.0,0.0,0.0,0.0,0.0,0.0,0.0,0.0,0.10800000000000054,0.10800000000000054,0.0,0.0,0.0,55.0,616.79921,10000.0,85.000001,85.000001,85.000001,85.000001,395.0,0.0,0.0,0.0,1.0,333.33500000000004,52.322,52.322,50.125,50.125,34.0,-30.3375,19.686,-29.633333333333333,20.295,0.0,1782.831,0.6799999999999997,100.0,28.409,27.139,42.585,41.357,0.0,0.0,100.0,0.0,0.0,0.0,0.0,3385.25,2922.7,3760.125,3724.2,304.531,305.495,315.636,315.666,21.8096,20.5262,21.8019,21.342,314.999998,314.999998,324.999988,324.999988,99.55954285714286,99.50731666666667,99.56601428571429,99.54592857142858,-0.025666666666666726,-0.15300000000000002,-0.228,0.004666666666666667,-0.061666666666667425,-0.04833333333333201,1.6285,1.685,37.31,29.289,37.262,34.3875,56.476,34.6095,59.334,51.918,54.381,33.759,57.9505,50.259,53.545,33.3035,57.91,49.677,-0.02499999999999991,-0.1299999999999999,0.10669500000000001,0.11125000000000002,0.0,206.26,206.085,203.36666666666667,203.36666666666667,0.0,0.0
3,0.0,0.0,0.0,1.0,1.0,0.0,0.0,1.0,0.0,100.0,1.0,1.1856,26.0,0.0,0.0,0.0,57.999998,0.0,26.0,26.0,26.0,26.0,-0.13855555555555554,0.3247,-0.029150000000000002,293.396,-2.7251,-2.690625,-1.51065,-1.5935000000000001,-265.62,216.26749999999998,190.928875,0.0,0.0,0.0,0.0,0.0074333333333333335,-5.498166666666667,-5.498166666666667,-0.5105000000000001,0.44033333333333335,-0.012666666666666604,-0.935,65.962,-0.08460000000000001,-0.20270000000000002,1.186,100.0,1.0,1.0,203.48000000000002,0.0,0.0,0.0,0.0,0.0,0.0,0.0,8624.8,0.0,55.0,5.0,237.43333333333334,1.0,0.0,0.0,0.0,0.0,0.0,0.0,0.0,0.1559999999999988,0.1559999999999988,0.0,0.0,1.0,55.0,616.79921,10000.0,85.000001,85.000001,85.000001,85.000001,395.0,0.0,0.0,0.0,1.0,333.33500000000004,53.513,53.513,48.096000000000004,48.096000000000004,34.0,-25.9575,17.98,-35.08333333333333,24.064999999999998,0.0,1782.783,0.6550000000000011,100.0,28.008,27.166,42.44,41.518,0.0,0.0,100.0,0.0,0.0,0.0,0.0,2862.125,2786.0,4341.875,4206.0,306.11,305.77566666666667,314.29,314.381,21.8189,20.5311,21.8117,21.3504,314.999998,314.999998,324.999988,324.999988,99.55955714285714,99.50731666666667,99.56614285714285,99.54607142857142,-0.02733333333333321,-0.15125,-0.20916666666666667,0.006333333333333333,-0.02499999999999858,-0.036666666666668846,1.5115,1.537,37.367999999999995,29.319499999999998,37.323,34.44,56.46,34.6495,59.371,51.9765,54.366,33.795500000000004,57.985,50.3155,53.528,33.339,57.942,49.732,-0.026499999999999968,-0.12150000000000016,0.10544,0.10132500000000001,0.0,206.69,206.57999999999998,203.48000000000002,203.48000000000002,0.0,0.0
4,0.0,0.0,0.0,1.0,1.0,0.0,0.0,1.0,0.0,100.0,1.0,1.1856,26.0,0.0,0.0,0.0,57.999998,0.0,26.0,26.0,26.0,26.0,-0.14511111111111108,0.29110000000000014,-0.024650000000000002,293.594,-2.6565,-2.7455,-1.5258500000000002,-1.6012,-262.26,216.2525,190.909125,0.0,0.0,0.0,0.0,0.0094,-5.498166666666667,-5.498166666666667,-0.5465,-0.7690000000000001,-0.0775555555555556,-0.53,66.108,-0.0863,-0.23935,1.1500000000000004,100.0,1.0,1.0,204.09333333333333,0.0,0.0,0.0,0.0,0.0,0.0,0.0,8650.8,0.0,55.0,5.0,237.96,0.0,0.0,0.0,0.0,0.0,0.0,0.0,0.0,0.20700000000000074,0.20700000000000074,0.0,0.0,0.0,55.0,616.79921,10000.0,85.000001,85.000001,85.000001,85.000001,395.0,0.0,0.0,0.0,1.0,333.33500000000004,52.948,52.948,48.828,48.828,34.0,-28.7775,20.374000000000002,-31.916666666666664,21.3475,0.0,1782.731,0.620000000000001,100.0,27.89,26.794,42.876,41.464,0.0,0.0,100.0,0.0,0.0,0.0,0.0,3216.375,2998.5,4034.375,3692.0,305.0795,305.32533333333333,314.92075,315.6525,21.8286,20.5362,21.822400000000002,21.3593,314.999998,314.999998,324.999988,324.999988,99.55955714285714,99.50735,99.56628571428571,99.5462,-0.020000000000000018,-0.139,-0.203,0.02666666666666667,-0.054999999999999716,-0.051666666666669414,1.568,1.6075,37.429,29.3515,37.39,34.4955,56.441,34.691,59.412,52.0345,54.348,33.834,58.0235,50.371,53.51,33.3755,57.9775,49.78633333333333,-0.025499999999999856,-0.12199999999999989,0.10460000000000001,0.11027500000000001,0.0,207.07999999999998,207.0,204.09333333333333,204.09333333333333,0.0,0.0
5,0.0,0.0,0.0,1.0,1.0,0.0,0.0,1.0,0.0,100.0,1.0,1.1856,26.0,0.0,0.0,0.0,57.999998,0.0,26.0,26.0,26.0,26.0,-0.12944444444444447,0.3014000000000001,-0.01225,293.564,-2.6725,-2.760625,-1.51105,-1.5875,-258.88,216.235,190.88875,0.0,0.0,0.0,0.0,0.011366666666666667,-5.498166666666667,-5.498166666666667,-0.5359,0.3656666666666666,-0.0822222222222222,-0.25,66.255,-0.0897,-0.214375,1.104,100.0,1.0,1.0,204.46,0.0,0.0,0.0,0.0,0.0,0.0,0.0,8666.3,0.0,55.0,5.0,238.49,1.0,0.0,0.0,0.0,0.0,0.0,0.0,0.0,0.2579999999999991,0.2579999999999991,0.0,0.0,1.0,55.0,616.79921,10000.0,85.000001,85.000001,85.000001,85.000001,395.0,0.0,0.0,0.0,1.0,333.33500000000004,53.391,53.391,48.903999999999996,48.903999999999996,34.0,-28.125,18.735999999999997,-34.03333333333333,22.755000000000003,0.0,1782.681,0.1700000000000017,100.0,27.836,26.823999999999998,42.582,41.26,0.0,0.0,100.0,0.0,0.0,0.0,0.0,3196.375,2765.0,4206.375,4049.7,305.222,305.92566666666664,314.6525,314.77475,21.8387,20.5413,21.8329,21.3681,314.999998,314.999998,324.999988,324.999988,99.55955714285714,99.50736666666667,99.56642857142857,99.54634285714286,-0.0086666666666666,-0.14024999999999999,-0.21716666666666667,0.0061666666666666675,-0.046666666666666856,-0.05333333333332746,1.532,1.5755,37.492000000000004,29.383499999999998,37.455,34.551,56.427,34.7315,59.451499999999996,52.092,54.334,33.871,58.06,50.426,53.495999999999995,33.411,58.0115,49.84,-0.05899999999999994,-0.09149999999999991,0.10247,0.11142,0.0,207.585,207.49,204.46,204.46,0.0,0.0
6,0.0,0.0,0.0,1.0,1.0,0.0,0.0,1.0,0.0,100.0,1.0,1.1856,26.0,0.0,0.0,0.0,57.999998,0.0,26.0,26.0,26.0,26.0,-0.11955555555555553,0.2901,0.00905,293.411,-2.6351,-2.797625,-1.55415,-1.5834000000000001,-255.5,216.2125,190.86825,0.0,0.0,0.0,0.0,0.013333333333333334,-5.498166666666667,-5.498166666666667,-0.531,0.1263333333333334,-0.062333333333333574,0.8730000000000002,66.401,-0.08310000000000001,-0.21527500000000002,0.6679999999999993,100.0,1.0,1.0,204.92333333333335,0.0,0.0,0.0,0.0,0.0,0.0,0.0,8686.0,0.0,55.0,5.0,239.01666666666665,0.0,0.0,0.0,0.0,0.0,0.0,0.0,0.0,0.30900000000000105,0.30900000000000105,0.0,0.0,0.0,55.0,616.79921,10000.0,85.000001,85.000001,85.000001,85.000001,395.0,0.0,0.0,0.0,1.0,166.665,53.162,53.162,48.644999999999996,48.644999999999996,34.0,-26.16,21.21,-33.019999999999996,23.880000000000003,0.0,1782.632,0.010000000000001563,100.0,27.891,26.783,42.805,41.492000000000004,0.0,0.0,100.0,0.0,0.0,0.0,0.0,3084.625,2955.3,4097.0,4074.9,305.336,305.414,314.842,314.78075,21.8486,20.5465,21.8434,21.3772,314.999998,314.999998,324.999988,324.999988,99.55955714285714,99.50736666666667,99.56657142857142,99.54648571428571,0.010666666666666824,-0.12224999999999997,-0.203,0.026833333333333334,-0.03333333333333144,-0.07000000000000028,1.5205,1.5765,37.554,29.4155,37.521,34.607,56.411,34.7715,59.491,52.1525,54.319,33.908,58.097,50.4845,53.480000000000004,33.4465,58.045500000000004,49.897,-0.07299999999999995,-0.0794999999999999,0.110365,0.11040000000000001,0.0,208.005,207.96,204.92333333333335,204.92333333333335,0.0,0.0
7,0.0,0.0,0.0,1.0,1.0,0.0,0.0,1.0,0.0,100.0,1.0,1.1856,26.0,0.0,0.0,0.0,57.999998,0.0,26.0,26.0,26.0,26.0,-0.05844444444444441,0.2823,0.009850000000000001,293.274,-2.6138,-2.74925,-1.51695,-1.6226,-252.11,216.19,190.84775,0.0,0.0,0.0,0.0,0.015300000000000001,-5.498166666666667,-5.498166666666667,-0.5344,0.04466666666666663,-0.05033333333333356,-0.14700000000000002,66.547,-0.0665,-0.2245,0.3860000000000001,100.0,1.0,1.0,205.36666666666667,0.0,0.0,0.0,0.0,0.0,0.0,0.0,8704.8,0.0,55.0,5.0,239.54000000000002,1.0,0.0,0.0,0.0,0.0,0.0,0.0,0.0,0.35999999999999943,0.35999999999999943,0.0,0.0,1.0,55.0,616.79921,10000.0,85.000001,85.000001,85.000001,85.000001,395.0,0.0,0.0,0.0,1.0,166.665,52.887,52.887,48.843,48.843,34.0,-26.2775,21.414,-31.076666666666664,25.01,0.0,1782.58,-0.26500000000000057,100.0,27.861,27.029,42.749,41.863,0.0,0.0,100.0,0.0,0.0,0.0,0.0,3226.125,2912.8,4044.25,4000.6000000000004,305.038,305.359,314.987,314.8345,21.8586,20.5517,21.854,21.3862,314.999998,314.999998,324.999988,324.999988,99.55955714285714,99.50738333333334,99.56671428571428,99.54662857142857,0.03166666666666673,-0.10324999999999995,-0.18383333333333335,0.043833333333333335,-0.060000000000002274,-0.05833333333333002,1.5185,1.541,37.616,29.448,37.587,34.6635,56.396,34.811,59.53,52.213,54.305,33.9445,58.1335,50.542500000000004,53.465,33.4815,58.079,49.95366666666666,-0.09549999999999992,-0.05500000000000016,0.107365,0.11315000000000001,0.0,208.465,208.41500000000002,205.36666666666667,205.36666666666667,0.0,0.0
8,0.0,0.0,0.0,1.0,1.0,0.0,0.0,1.0,0.0,100.0,1.0,1.1856,26.0,0.0,0.0,0.0,57.999998,0.0,26.0,26.0,26.0,26.0,-0.03155555555555556,0.28259999999999996,-0.042550000000000004,293.472,-2.697,-2.713125,-1.4981,-1.5774,-248.91,216.16500000000002,190.828375,0.0,0.0,0.0,0.0,0.017166666666666667,-5.498166666666667,-5.498166666666667,-0.5371,-0.5366666666666668,-0.0341111111111112,-0.502,66.685,-0.047900000000000005,-0.2172,-0.019999999999999574,100.0,1.0,1.0,205.70666666666668,0.0,0.0,0.0,0.0,0.0,0.0,0.0,8719.2,0.0,55.0,5.0,240.0366666666667,0.0,0.0,0.0,0.0,0.0,0.0,0.0,0.0,0.40800000000000125,0.40800000000000125,0.0,0.0,0.0,55.0,616.79921,10000.0,85.000001,85.000001,85.000001,85.000001,395.0,0.0,0.0,0.0,1.0,166.665,53.619,53.619,48.203,48.203,34.0,-24.1525,22.052,-29.746666666666666,26.2875,0.0,1782.532,-0.370000000000001,100.0,27.432,26.951,42.717,41.982,0.0,0.0,100.0,0.0,0.0,0.0,0.0,2996.0,2912.2,4149.75,4084.1000000000004,305.8685,305.4413333333333,314.70575,314.61375,21.8678,20.5566,21.8639,21.3947,314.999998,314.999998,324.999988,324.999988,99.55957142857143,99.5074,99.56685714285715,99.54675714285715,0.04400000000000004,-0.07674999999999998,-0.14300000000000002,0.066,-0.041666666666671404,-0.02833333333332888,1.5225,1.5175,37.674,29.4785,37.649,34.716499999999996,56.379000000000005,34.8465,59.567,52.2695,54.289,33.977000000000004,58.168,50.5965,53.448,33.5125,58.1105,50.007,-0.10149999999999992,-0.04249999999999998,0.09437000000000001,0.111155,0.0,208.845,208.825,205.70666666666668,205.70666666666668,0.0,0.0
9,0.0,0.0,0.0,1.0,1.0,0.0,0.0,1.0,0.0,100.0,1.0,1.1856,26.0,0.0,0.0,0.0,57.999998,0.0,26.0,26.0,26.0,26.0,-0.012333333333333307,0.28580000000000005,-0.01205,293.091,-2.68505,-2.7188749999999997,-1.55525,-1.5549,-245.71,216.14,190.8085,0.0,0.0,0.0,0.0,0.019033333333333336,-5.498166666666667,-5.498166666666667,-0.5414,0.698,-0.0344444444444445,-0.355,66.818,-0.030000000000000002,-0.216425,-0.09600000000000009,100.0,1.0,1.0,206.24333333333334,0.0,0.0,0.0,0.0,0.0,0.0,0.0,8741.8,0.0,55.0,5.0,240.51666666666665,1.0,0.0,0.0,0.0,0.0,0.0,0.0,0.0,0.4559999999999995,0.4559999999999995,0.0,0.0,1.0,55.0,616.79921,10000.0,85.000001,85.000001,85.000001,85.000001,395.0,0.0,0.0,0.0,1.0,166.665,52.353,52.353,49.149,49.149,34.0,-26.697499999999998,23.898,-29.03,26.7575,0.0,1782.484,-0.5399999999999991,100.0,27.901,27.381,42.369,41.962,0.0,0.0,100.0,0.0,0.0,0.0,0.0,3382.0,3003.2,4030.5,4053.8,304.6535,305.097,315.121,314.80075,21.8771,20.5617,21.8736,21.4031,314.999998,314.999998,324.999988,324.999988,99.55957142857143,99.5074,99.56698571428572,99.54688571428571,0.06766666666666676,-0.05425000000000002,-0.14133333333333334,0.09133333333333334,-0.046666666666666856,-0.04999999999999716,1.566,1.5545,37.732,29.5105,37.71,34.7695,56.367000000000004,34.8835,59.6005,52.3245,54.277,34.0115,58.199,50.6495,53.436,33.545500000000004,58.138999999999996,50.05866666666667,-0.11650000000000005,-0.03100000000000014,0.10660000000000001,0.11599500000000001,0.0,209.285,209.28,206.24333333333334,206.24333333333334,0.0,0.0
10,0.0,0.0,0.0,1.0,1.0,0.0,0.0,1.0,0.0,100.0,1.0,1.1856,26.0,0.0,0.0,0.0,57.999998,0.0,26.0,26.0,26.0,26.0,0.017000000000000126,0.2823,0.059050000000000005,292.984,-2.66085,-2.70925,-1.53675,-1.5354,-242.29,216.1125,190.78775,0.0,0.0,0.0,0.0,0.021,-5.498166666666667,-5.498166666666667,-0.5201,-0.6436666666666668,0.009666666666666712,1.738,66.965,-0.008400000000000001,-0.20815,-0.5820000000000007,100.0,1.0,1.0,206.48333333333335,0.0,0.0,0.0,0.0,0.0,0.0,0.0,8752.1,0.0,55.0,5.0,241.04333333333335,0.0,0.0,0.0,0.0,0.0,0.0,1.0,0.0,0.5069999999999979,0.5069999999999979,0.0,0.0,0.0,55.0,616.79921,10000.0,85.000001,85.000001,85.000001,85.000001,395.0,0.0,0.0,0.0,1.0,166.665,53.482,53.482,47.638,47.638,34.0,-20.0675,23.828,-29.153333333333336,30.4175,0.0,1782.433,-0.6400000000000006,100.0,27.808,27.164,42.905,42.638,0.0,0.0,100.0,0.0,0.0,0.0,0.0,2804.0,2982.1,4225.625,4320.8,306.234,305.409,314.44525,314.14,21.8869,20.5669,21.8843,21.4123,314.999998,314.999998,324.999988,324.999988,99.55958571428572,99.50741666666667,99.56712857142857,99.54702857142857,0.1030000000000002,-0.04149999999999998,-0.10366666666666667,0.11683333333333333,-0.03333333333333144,-0.046666666666666856,1.4845,1.4649999999999999,37.793,29.5435,37.777,34.827,56.352999999999994,34.92,59.641,52.3885,54.263999999999996,34.045,58.237,50.710499999999996,53.422,33.578,58.174,50.11866666666667,-0.1339999999999999,-0.032500000000000195,0.10142500000000002,0.1034,0.0,209.7,209.735,206.48333333333335,206.48333333333335,0.0,0.0
11,0.0,0.0,0.0,1.0,1.0,0.0,0.0,1.0,0.0,100.0,1.0,1.1856,26.0,0.0,0.0,0.0,57.999998,0.0,26.0,26.0,26.0,26.0,0.04833333333333334,0.2781,-0.09945000000000001,293.51800000000003,-2.708,-2.68175,-1.5907499999999999,-1.5216,-238.88,216.085,190.767,0.0,0.0,0.0,0.0,0.022600000000000002,-5.498166666666667,-5.498166666666667,-0.5621,-0.08933333333333326,0.032333333333333325,-0.7050000000000001,67.104,0.0134,-0.23695000000000002,-0.6399999999999997,100.0,1.0,1.0,207.21666666666667,0.0,0.0,0.0,0.0,0.0,0.0,0.0,8783.2,0.0,55.0,5.0,241.54666666666668,1.0,0.0,0.0,0.0,0.0,0.0,1.0,0.0,0.5579999999999998,0.5579999999999998,0.0,0.0,1.0,55.0,616.79921,10000.0,85.000001,85.000001,85.000001,85.000001,395.0,0.0,0.0,0.0,1.0,333.33500000000004,52.826,52.826,49.286,49.286,34.0,-22.3975,25.6,-24.23,26.595,0.0,1782.381,-0.7100000000000009,100.0,27.464,27.597,42.226,42.567,0.0,0.0,100.0,0.0,0.0,0.0,0.0,3084.75,3094.9,3726.0,3867.9,305.5695,304.82033333333334,315.835,315.24,21.8964,20.572400000000002,21.8946,21.4213,314.999998,314.999998,324.999988,324.999988,99.5596,99.50741666666667,99.56727142857143,99.54718571428572,0.10899999999999999,-0.025499999999999967,-0.0895,0.13283333333333336,-0.03833333333332689,-0.03999999999999915,1.646,1.6185,37.852999999999994,29.5775,37.841,34.8835,56.338,34.958,59.6745,52.447,54.25,34.08,58.268,50.7675,53.407,33.6115,58.202,50.174,-0.13149999999999995,-0.026499999999999968,0.10325500000000001,0.107685,0.0,210.12,210.16,207.21666666666667,207.21666666666667,0.0,0.0
12,0.0,0.0,0.0,1.0,1.0,0.0,0.0,1.0,0.0,100.0,1.0,1.1856,26.0,0.0,0.0,0.0,57.999998,0.0,26.0,26.0,26.0,26.0,0.06322222222222229,0.2874000000000001,0.0349,292.923,-2.76285,-2.678375,-1.55675,-1.5225,-235.65,216.06,190.74625,0.0,0.0,0.0,0.0,0.025466666666666665,-5.498166666666667,-5.498166666666667,-0.5463,0.274,0.01855555555555566,-0.865,67.241,0.027700000000000002,-0.20725000000000002,-0.6299999999999999,100.0,1.0,1.0,207.40333333333334,0.0,0.0,0.0,0.0,0.0,0.0,0.0,8791.0,0.0,55.0,5.0,242.03666666666666,0.0,0.0,0.0,0.0,0.0,0.0,1.0,0.0,0.6059999999999981,0.6059999999999981,0.0,0.0,0.0,55.0,616.79921,10000.0,85.000001,85.000001,85.000001,85.000001,395.0,0.0,0.0,0.0,1.0,166.665,52.765,52.765,47.974000000000004,47.974000000000004,34.0,-23.294999999999998,26.189999999999998,-27.436666666666664,30.44,0.0,1782.333,-0.6750000000000007,100.0,27.349,27.755,42.193,42.577,0.0,0.0,100.0,0.0,0.0,0.0,0.0,3134.5,3111.6,4236.875,4172.7,305.4685,304.796,314.59525,314.473,21.9054,20.5776,21.9044,21.4299,314.999998,314.999998,324.999988,324.999988,99.55961428571429,99.50741666666667,99.5674,99.54731428571428,0.10899999999999999,-0.013749999999999929,-0.07200000000000001,0.14716666666666667,-0.04833333333333201,-0.03333333333333144,1.5275,1.5055,37.909,29.61,37.903,34.9365,56.326,34.9935,59.71,52.504,54.238,34.113,58.301,50.822,53.394,33.643,58.232,50.227666666666664,-0.12050000000000005,-0.027499999999999858,0.10325000000000001,0.10369,0.0,210.56,210.595,207.40333333333334,207.40333333333334,0.0,0.0
13,0.0,0.0,0.0,1.0,1.0,0.0,0.0,1.0,0.0,100.0,1.0,1.1856,26.0,0.0,0.0,0.0,57.999998,0.0,26.0,26.0,26.0,26.0,0.07400000000000007,0.29000000000000004,0.05535,292.572,-2.73305,-2.675875,-1.5883500000000002,-1.5082,-232.22,216.035,190.7245,0.0,0.0,0.0,0.0,0.02686666666666667,-5.498166666666667,-5.498166666666667,-0.5395,-0.07133333333333325,0.02288888888888896,1.021,67.383,0.0356,-0.21630000000000002,-0.8379999999999992,100.0,1.0,1.0,207.79333333333335,0.0,0.0,0.0,0.0,0.0,0.0,0.0,8807.5,0.0,55.0,5.0,242.55,1.0,0.0,0.0,0.0,0.0,0.0,1.0,0.0,0.657,0.657,0.0,0.0,1.0,55.0,616.79921,10000.0,85.000001,85.000001,85.000001,85.000001,395.0,0.0,0.0,0.0,1.0,333.33500000000004,52.475,52.475,47.943,47.943,34.0,-20.735,28.08,-26.77,32.6625,0.0,1782.283,-0.884999999999998,100.0,27.815,27.759,42.55,42.961,0.0,0.0,100.0,0.0,0.0,0.0,0.0,3060.0,3188.2,4144.125,4359.0,305.475,304.7266666666667,314.6945,314.0835,21.9151,20.5831,21.915,21.4391,314.999998,314.999998,324.999988,324.999988,99.55962857142858,99.50743333333334,99.56754285714285,99.54745714285714,0.15266666666666673,0.019500000000000073,-0.059833333333333336,0.161,-0.030000000000001137,-0.045000000000001705,1.5025,1.4805000000000001,37.969,29.6445,37.969,34.9945,56.315,35.0315,59.7475,52.567499999999995,54.227999999999994,34.147999999999996,58.336,50.882999999999996,53.382,33.677,58.263999999999996,50.28766666666667,-0.15300000000000002,-0.008999999999999897,0.108755,0.100695,0.0,210.985,211.035,207.79333333333335,207.79333333333335,0.0,0.0
14,0.0,0.0,0.0,1.0,1.0,0.0,0.0,1.0,0.0,100.0,1.0,1.1856,26.0,0.0,0.0,0.0,57.999998,0.0,26.0,26.0,26.0,26.0,0.09977777777777774,0.2862,-0.0135,292.847,-2.73655,-2.614625,-1.5989,-1.5095,-228.78,216.0125,190.703375,0.0,0.0,0.0,0.0,0.02886666666666667,-5.498166666666667,-5.498166666666667,-0.5493,-0.17100000000000004,0.050999999999999934,-0.05699999999999994,67.522,0.0507,-0.22875,-1.0219999999999994,100.0,1.0,1.0,208.32,0.0,0.0,0.0,0.0,0.0,0.0,0.0,8829.9,0.0,55.0,5.0,243.05333333333334,0.0,0.0,0.0,0.0,0.0,0.0,1.0,0.0,0.7079999999999984,0.7079999999999984,0.0,0.0,0.0,55.0,616.79921,10000.0,85.000001,85.000001,85.000001,85.000001,395.0,0.0,0.0,0.0,1.0,333.33500000000004,52.658,52.658,48.187,48.187,34.0,-20.3375,27.698,-25.143333333333334,30.85,0.0,1782.23,-0.9699999999999989,100.0,27.521,27.975,42.409,43.251,0.0,0.0,100.0,0.0,0.0,0.0,0.0,3023.125,3169.5,3979.75,4155.6,305.758,304.6263333333333,315.1725,314.516,21.9247,20.5887,21.9254,21.4483,314.999998,314.999998,324.999988,324.999988,99.55964285714286,99.50743333333334,99.56768571428572,99.5476,0.1516666666666664,0.022750000000000048,-0.05633333333333334,0.16366666666666665,-0.06666666666666998,-0.04833333333333201,1.5614999999999999,1.532,38.028999999999996,29.679000000000002,38.034,35.0515,56.304,35.0695,59.783500000000004,52.629,54.217,34.183,58.3695,50.942,53.370999999999995,33.710499999999996,58.2945,50.345666666666666,-0.15649999999999986,-0.000500000000000167,0.10677,0.10398,0.0,211.42000000000002,211.47,208.32,208.32,0.0,0.0
15,0.0,0.0,0.0,1.0,1.0,0.0,0.0,1.0,0.0,100.0,1.0,1.1856,26.0,0.0,0.0,0.0,57.999998,0.0,26.0,26.0,26.0,26.0,0.11922222222222212,0.2896000000000001,-0.05355,292.862,-2.74815,-2.570125,-1.6277,-1.4514,-225.53,215.9925,190.683,0.0,0.0,0.0,0.0,0.03073333333333333,-5.498166666666667,-5.498166666666667,-0.5397000000000001,0.2506666666666666,0.08166666666666678,-0.46899999999999986,67.655,0.066,-0.20972500000000002,-1.1680000000000001,100.0,1.0,1.0,208.69666666666666,0.0,0.0,0.0,0.0,0.0,0.0,0.0,8845.9,0.0,55.0,5.0,243.52666666666664,1.0,0.0,0.0,0.0,0.0,0.0,1.0,0.0,0.7560000000000002,0.7560000000000002,0.0,0.0,1.0,55.0,616.79921,10000.0,85.000001,85.000001,85.000001,85.000001,395.0,0.0,0.0,0.0,1.0,333.33500000000004,52.841,52.841,48.172,48.172,34.0,-18.955,27.35,-24.473333333333333,33.019999999999996,0.0,1782.184,-0.9549999999999983,100.0,27.533,28.053,42.159,43.352000000000004,0.0,0.0,100.0,0.0,0.0,0.0,0.0,2874.75,3143.2,3978.75,4346.1,306.192,304.69433333333336,315.2105,314.06525,21.9337,20.5939,21.935200000000002,21.4569,314.999998,314.999998,324.999988,324.999988,99.55965714285715,99.50743333333334,99.56782857142858,99.54774285714285,0.1596666666666664,0.029749999999999943,-0.036333333333333336,0.18616666666666667,-0.04333333333332945,-0.04999999999999716,1.5635,1.512,38.085,29.712,38.095,35.1055,56.295,35.106,59.816,52.6875,54.208,34.217,58.399,50.999,53.36,33.743,58.3215,50.40133333333333,-0.15449999999999986,0.0004999999999999449,0.10545,0.10566500000000001,0.0,211.82999999999998,211.905,208.69666666666666,208.69666666666666,0.0,0.0
16,0.0,0.0,0.0,1.0,1.0,0.0,0.0,1.0,0.0,100.0,1.0,1.1856,26.0,0.0,0.0,0.0,57.999998,0.0,26.0,26.0,26.0,26.0,0.13366666666666682,0.2761,-0.03605,292.816,-2.8034499999999998,-2.5841250000000002,-1.59935,-1.5142,-221.88,215.9725,190.659625,0.0,0.0,0.0,0.0,0.03286666666666667,-5.498166666666667,-5.498166666666667,-0.5648000000000001,-0.6306666666666667,0.06600000000000006,-1.096,67.80199999999999,0.07780000000000001,-0.22905,-1.1879999999999997,100.0,1.0,1.0,209.18666666666667,0.0,0.0,0.0,0.0,0.0,0.0,0.0,8866.6,0.0,55.0,5.0,244.06,0.0,0.0,0.0,0.0,0.0,0.0,1.0,0.0,0.8099999999999987,0.8099999999999987,0.0,0.0,0.0,55.0,616.79921,10000.0,85.000001,85.000001,85.000001,85.000001,395.0,0.0,0.0,0.0,1.0,166.665,52.46,52.46,48.111,48.111,34.0,-21.1925,29.116,-23.21,32.475,0.0,1782.129,-0.8649999999999984,100.0,27.217,28.165,42.368,43.44,0.0,0.0,100.0,0.0,0.0,0.0,0.0,3124.0,3264.0,3925.875,4085.4,305.6025,304.36533333333335,315.30875,314.66725,21.9435,20.599899999999998,21.9463,21.4666,314.999998,314.999998,324.999988,324.999988,99.55968571428572,99.50743333333334,99.56797142857143,99.5479,0.16133333333333333,0.040999999999999925,-0.02666666666666667,0.20666666666666667,-0.03833333333332689,-0.03999999999999915,1.579,1.5274999999999999,38.147,29.749499999999998,38.164,35.1665,56.281,35.147999999999996,59.855000000000004,52.7525,54.194,34.256,58.4355,51.0615,53.345,33.7805,58.3545,50.463,-0.14149999999999996,-0.008000000000000007,0.10989000000000002,0.11171,0.0,212.245,212.31,209.18666666666667,209.18666666666667,0.0,0.0
17,0.0,0.0,0.0,1.0,1.0,0.0,0.0,1.0,0.0,100.0,1.0,1.1856,26.0,0.0,0.0,0.0,57.999998,0.0,26.0,26.0,26.0,26.0,0.12288888888888905,0.2822,0.022850000000000002,292.404,-2.7674,-2.56175,-1.6412499999999999,-1.4755,-218.62,215.96,190.63825,0.0,0.0,0.0,0.0,0.03476666666666667,-5.498166666666667,-5.498166666666667,-0.55,0.45433333333333337,0.0477777777777777,-0.621,67.93299999999999,0.0813,-0.20605,-1.1059999999999999,100.0,1.0,1.0,209.50666666666666,0.0,0.0,0.0,0.0,0.0,0.0,0.0,8880.2,0.0,55.0,5.0,244.53,1.0,0.0,0.0,0.0,0.0,0.0,1.0,0.0,0.8580000000000005,0.8580000000000005,0.0,0.0,1.0,55.0,616.79921,10000.0,85.000001,85.000001,85.000001,85.000001,395.0,0.0,0.0,0.0,1.0,166.665,52.383,52.383,47.699,47.699,34.0,-20.005,27.176000000000002,-26.55,33.7325,0.0,1782.083,-0.9649999999999999,100.0,27.693,28.427,42.227000000000004,43.457,0.0,0.0,100.0,0.0,0.0,0.0,0.0,3103.25,3097.1,4294.875,4304.8,305.579,304.8906666666667,314.53725,314.217,21.9525,20.6053,21.956,21.4753,314.999998,314.999998,324.999988,324.999988,99.55971428571429,99.50745,99.56811428571429,99.54802857142857,0.17899999999999983,0.03950000000000009,-0.026000000000000002,0.1995,-0.046666666666666856,-0.041666666666671404,1.5225,1.49,38.203,29.783,38.224999999999994,35.2205,56.272999999999996,35.1865,59.888,52.811,54.186,34.2915,58.466,51.118,53.337,33.814499999999995,58.382,50.518,-0.15700000000000003,-0.00550000000000006,0.11235,0.10992,0.0,212.695,212.76999999999998,209.50666666666666,209.50666666666666,0.0,0.0
18,0.0,0.0,0.0,1.0,1.0,0.0,0.0,1.0,0.0,100.0,1.0,1.1856,26.0,0.0,0.0,0.0,57.999998,0.0,26.0,26.0,26.0,26.0,0.131,0.2784,-0.006900000000000001,292.328,-2.79715,-2.5365,-1.6583,-1.4199,-215.15,215.9475,190.615875,0.0,0.0,0.0,0.0,0.0368,-5.498166666666667,-5.498166666666667,-0.5621,-0.4159999999999999,0.07577777777777772,1.008,68.072,0.08370000000000001,-0.226075,-1.3360000000000003,100.0,1.0,1.0,209.95,0.0,0.0,0.0,0.0,0.0,0.0,0.0,8899.0,0.0,55.0,5.0,245.03,0.0,0.0,0.0,0.0,0.0,0.0,1.0,0.0,0.9089999999999989,0.9089999999999989,0.0,0.0,0.0,55.0,616.79921,10000.0,85.000001,85.000001,85.000001,85.000001,395.0,0.0,0.0,0.0,1.0,166.665,52.124,52.124,47.592,47.592,34.0,-18.86,31.258,-24.029999999999998,33.1,0.0,1782.031,-1.2049999999999983,100.0,27.613,28.226,42.620000000000005,43.765,0.0,0.0,100.0,0.0,0.0,0.0,0.0,3033.0,3435.6,4020.75,4272.7,305.6475,304.0283333333333,315.0785,314.331,21.9619,20.6109,21.9666,21.4846,314.999998,314.999998,324.999988,324.999988,99.55972857142856,99.50745,99.56825714285715,99.54818571428571,0.20266666666666655,0.06499999999999995,-0.012166666666666666,0.21116666666666667,-0.030000000000001137,-0.06833333333332803,1.5585,1.5135,38.262,29.8185,38.291,35.2785,56.263,35.227000000000004,59.925,52.8745,54.177,34.329,58.5,51.179,53.326,33.851,58.4125,50.57833333333333,-0.17700000000000005,0.008499999999999952,0.10872000000000001,0.10640000000000001,0.0,213.07,213.18,209.95,209.95,0.0,0.0
19,0.0,0.0,0.0,1.0,1.0,0.0,0.0,1.0,0.0,100.0,1.0,1.1856,26.0,0.0,0.0,0.0,57.999998,0.0,26.0,26.0,26.0,26.0,0.17055555555555557,0.2974000000000001,0.05845,291.916,-2.7228,-2.6328750000000003,-1.5953,-1.4003,-211.67000000000002,215.94,190.59325,0.0,0.0,0.0,0.0,0.0388,-5.498166666666667,-5.498166666666667,-0.5465,0.7823333333333333,0.08599999999999985,-0.6079999999999999,68.209,0.09430000000000001,-0.209875,-1.654,100.0,1.0,1.0,210.31333333333333,0.0,0.0,0.0,0.0,0.0,0.0,0.0,8914.4,0.0,55.0,5.0,245.52666666666664,1.0,0.0,0.0,0.0,0.0,0.0,1.0,0.0,0.9600000000000009,0.9600000000000009,0.0,0.0,1.0,55.0,616.79921,10000.0,85.000001,85.000001,85.000001,85.000001,395.0,0.0,0.0,0.0,1.0,166.665,51.849000000000004,51.849000000000004,47.302,47.302,34.0,-17.6325,30.736,-24.126666666666665,35.5625,0.0,1781.981,-1.5549999999999997,100.0,27.922,28.859,42.323,43.959,0.0,0.0,100.0,0.0,0.0,0.0,0.0,3046.125,3208.5,4212.0,4507.4,305.64,304.3106666666667,314.64525,313.728,21.9715,20.6168,21.9769,21.4938,314.999998,314.999998,324.999988,324.999988,99.55975714285714,99.50746666666667,99.5684,99.54834285714286,0.2160000000000002,0.07525000000000004,-0.0028333333333333335,0.21433333333333335,-0.03833333333332689,-0.04999999999999716,1.5215,1.454,38.322,29.855,38.355999999999995,35.336,56.256,35.2705,59.959,52.9375,54.17,34.3695,58.5315,51.24,53.318,33.89,58.441,50.638333333333335,-0.19700000000000006,0.038999999999999924,0.10622000000000001,0.10555,0.0,213.53,213.64499999999998,210.31333333333333,210.31333333333333,0.0,0.0
20,0.0,0.0,0.0,1.0,1.0,0.0,0.0,1.0,0.0,100.0,1.0,1.1856,26.0,0.0,0.0,0.0,57.999998,0.0,26.0,26.0,26.0,26.0,0.2186666666666668,0.2741,0.0351,292.404,-2.82245,-2.5845000000000002,-1.6082,-1.5173999999999999,-208.19,215.9375,190.571,0.0,0.0,0.0,0.0,0.04083333333333333,-5.498166666666667,-5.498166666666667,-0.5607,-1.302,0.09577777777777774,0.46799999999999997,68.34700000000001,0.11080000000000001,-0.22687500000000002,-2.094,100.0,1.0,1.0,210.72,0.0,0.0,0.0,0.0,0.0,0.0,0.0,8931.6,0.0,55.0,5.0,246.02666666666664,0.0,0.0,0.0,0.0,0.0,0.0,0.0,0.0,1.0109999999999992,1.0109999999999992,0.0,0.0,0.0,55.0,616.79921,10000.0,85.000001,85.000001,85.000001,85.000001,395.0,0.0,0.0,0.0,1.0,166.665,52.658,52.658,47.211,47.211,34.0,-16.0475,32.194,-20.950000000000003,36.69,0.0,1781.929,-1.7349999999999994,100.0,27.432,28.374,42.832,44.328,0.0,0.0,100.0,0.0,0.0,0.0,0.0,2821.75,3303.0,3973.25,4270.6,306.365,304.40933333333334,315.09575,314.22575,21.9806,20.6225,21.9875,21.5032,314.999998,314.999998,324.999988,324.999988,99.55978571428571,99.50748333333334,99.56854285714286,99.54848571428572,0.238,0.10949999999999993,0.03116666666666667,0.24683333333333335,-0.03333333333333144,-0.060000000000002274,1.547,1.4649999999999999,38.379000000000005,29.8905,38.422,35.394999999999996,56.245000000000005,35.3135,59.997,53.0015,54.16,34.4095,58.567,51.302,53.306,33.9285,58.473,50.699333333333335,-0.21099999999999985,0.05349999999999988,0.10841,0.10272,0.0,213.875,214.035,210.72,210.72,0.0,0.0
21,0.0,0.0,0.0,1.0,1.0,0.0,0.0,1.0,0.0,100.0,1.0,1.1856,26.0,0.0,0.0,0.0,57.999998,0.0,26.0,26.0,26.0,26.0,0.2065555555555556,0.2816000000000001,-0.06515,292.603,-2.8036,-2.62125,-1.67875,-1.4686,-205.11,215.94,190.5505,0.0,0.0,0.0,0.0,0.042633333333333336,-5.498166666666667,-5.498166666666667,-0.5787,0.5433333333333332,0.08455555555555572,-0.905,68.464,0.13240000000000002,-0.22385000000000002,-1.9799999999999995,100.0,1.0,1.0,211.28,0.0,0.0,0.0,0.0,0.0,0.0,0.0,8955.4,0.0,55.0,5.0,246.44333333333333,1.0,0.0,0.0,0.0,0.0,0.0,0.0,0.0,1.056000000000001,1.056000000000001,0.0,0.0,1.0,55.0,616.79921,10000.0,85.000001,85.000001,85.000001,85.000001,395.0,0.0,0.0,0.0,1.0,333.33500000000004,52.216,52.216,48.187,48.187,34.0,-19.3025,29.2,-20.583333333333336,34.8775,0.0,1781.883,-0.6499999999999986,100.0,27.566,28.778,42.041,44.015,0.0,0.0,100.0,0.0,0.0,0.0,0.0,3025.375,3208.0,3950.875,4093.8,305.823,304.432,315.37325,314.748,21.9889,20.6277,21.9964,21.5112,314.999998,314.999998,324.999988,324.999988,99.5598,99.50748333333334,99.56867142857143,99.54862857142857,0.18933333333333335,0.04475000000000007,0.044833333333333336,0.2715,-0.04999999999999716,-0.061666666666667425,1.6285,1.5485,38.431,29.923000000000002,38.477999999999994,35.445,56.239000000000004,35.3535,60.024,53.0545,54.153,34.4465,58.592,51.353,53.299,33.964,58.4955,50.74933333333333,-0.14050000000000007,-0.028500000000000192,0.102525,0.11062500000000001,0.0,214.29000000000002,214.445,211.28,211.28,0.0,0.0
22,0.0,0.0,0.0,1.0,1.0,0.0,0.0,1.0,0.0,100.0,1.0,1.1856,26.0,0.0,0.0,0.0,57.999998,0.0,26.0,26.0,26.0,26.0,0.14744444444444427,0.27249999999999996,-0.00285,292.114,-2.73115,-2.629,-1.6668500000000002,-1.4684,-201.62,215.9475,190.52675,0.0,0.0,0.0,0.0,0.044666666666666674,-5.498166666666667,-5.498166666666667,-0.5569000000000001,0.039000000000000035,0.08611111111111103,0.718,68.602,0.1308,-0.2068,-0.8360000000000003,100.0,1.0,1.0,211.5,0.0,0.0,0.0,0.0,0.0,0.0,0.0,8964.8,0.0,55.0,5.0,246.94,0.0,0.0,0.0,0.0,0.0,0.0,0.0,0.0,1.1069999999999993,1.1069999999999993,0.0,0.0,0.0,55.0,616.79921,10000.0,85.000001,85.000001,85.000001,85.000001,395.0,0.0,0.0,0.0,1.0,166.665,52.383,52.383,47.073,47.073,34.0,-19.165,27.736,-23.773333333333333,37.7375,0.0,1781.833,0.3000000000000007,100.0,27.807,28.671,42.606,44.235,0.0,0.0,100.0,0.0,0.0,0.0,0.0,2788.25,3241.1,4154.875,4442.2,306.243,304.48633333333333,314.7435,313.94975,21.9982,20.6335,22.006999999999998,21.5206,314.999998,314.999998,324.999988,324.999988,99.55982857142857,99.5075,99.56881428571428,99.54877142857143,0.14033333333333342,0.0050000000000001155,0.0175,0.24916666666666668,-0.046666666666666856,-0.04999999999999716,1.5055,1.4555,38.489000000000004,29.9595,38.544,35.5035,56.227999999999994,35.3945,60.062,53.1195,54.143,34.4845,58.626999999999995,51.416,53.287,34.0,58.527,50.811,-0.052000000000000046,-0.10150000000000015,0.11610500000000001,0.10560000000000001,0.0,214.755,214.835,211.5,211.5,0.0,0.0
23,0.0,0.0,0.0,1.0,1.0,0.0,0.0,1.0,0.0,100.0,1.0,1.1856,26.0,0.0,0.0,0.0,57.999998,0.0,26.0,26.0,26.0,26.0,0.08699999999999997,0.24980000000000002,-0.041850000000000005,292.16,-2.73845,-2.6008750000000003,-1.5683500000000001,-1.5566,-198.12,215.95749999999998,190.50325,0.0,0.0,0.0,0.0,0.046700000000000005,-5.498166666666667,-5.498166666666667,-0.5770000000000001,-0.16300000000000003,0.05255555555555569,-1.159,68.736,0.0888,-0.23372500000000002,0.476,100.0,1.0,1.0,212.04000000000002,0.0,0.0,0.0,0.0,0.0,0.0,0.0,8987.6,0.0,55.0,5.0,247.42333333333335,1.0,0.0,0.0,0.0,0.0,0.0,0.0,0.0,1.1580000000000013,1.1580000000000013,0.0,0.0,1.0,55.0,616.79921,10000.0,85.000001,85.000001,85.000001,85.000001,395.0,0.0,0.0,0.0,1.0,333.33500000000004,51.666,51.666,48.218,48.218,34.0,-25.3775,24.7,-24.053333333333335,30.22,0.0,1781.78,0.8399999999999999,100.0,28.087,28.716,42.769999999999996,44.316,0.0,0.0,100.0,0.0,0.0,0.0,0.0,3245.0,3149.7,3922.0,3953.3,305.073,304.66133333333335,315.3155,314.9795,22.0077,20.6393,22.0175,21.5298,314.999998,314.999998,324.999988,324.999988,99.55984285714285,99.5075,99.56897142857143,99.54892857142858,0.08233333333333359,-0.042749999999999955,-0.04833333333333334,0.17500000000000002,-0.04999999999999716,-0.054999999999999716,1.5365,1.551,38.548,29.9955,38.608999999999995,35.5615,56.214,35.436,60.0995,53.185,54.129000000000005,34.522999999999996,58.661500000000004,51.479,53.272,34.0375,58.5585,50.873,-0.009500000000000064,-0.1419999999999999,0.10880000000000001,0.10264000000000001,0.0,215.215,215.18,212.04000000000002,212.04000000000002,0.0,0.0
24,0.0,0.0,0.0,1.0,1.0,0.0,0.0,1.0,0.0,100.0,1.0,1.1856,26.0,0.0,0.0,0.0,57.999998,0.0,26.0,26.0,26.0,26.0,-0.012666666666666604,0.27280000000000015,-0.00055,292.435,-2.73375,-2.6411249999999997,-1.5868,-1.521,-194.81,215.9675,190.48075,0.0,0.0,0.0,0.0,0.048600000000000004,-5.498166666666667,-5.498166666666667,-0.5804,-0.5533333333333332,0.03322222222222204,-0.621,68.864,0.0352,-0.217625,1.0360000000000005,100.0,1.0,1.0,212.31,0.0,0.0,0.0,0.0,0.0,0.0,0.0,8999.1,0.0,55.0,5.0,247.88333333333333,0.0,0.0,0.0,0.0,0.0,0.0,0.0,0.0,1.2059999999999995,1.2059999999999995,0.0,0.0,0.0,55.0,616.79921,10000.0,85.000001,85.000001,85.000001,85.000001,395.0,0.0,0.0,0.0,1.0,166.665,52.948,52.948,47.15,47.15,34.0,-23.79,21.176,-30.966666666666665,27.927500000000002,0.0,1781.734,0.9250000000000007,100.0,27.902,28.239,43.065,43.897,0.0,0.0,100.0,0.0,0.0,0.0,0.0,2940.375,2938.2,4335.5,4101.0,306.027,305.41766666666666,314.34675,314.71275,22.0165,20.6445,22.0274,21.5385,314.999998,314.999998,324.999988,324.999988,99.55985714285714,99.5075,99.56908571428572,99.54907142857142,0.05033333333333356,-0.08924999999999994,-0.10866666666666668,0.11166666666666668,-0.036666666666668846,-0.04333333333332945,1.4825,1.5215,38.602999999999994,30.028,38.671,35.6155,56.2,35.47,60.1325,53.2375,54.114999999999995,34.5545,58.692499999999995,51.53,53.257,34.068,58.586,50.923,-0.0015000000000000568,-0.15500000000000025,0.11676,0.09991000000000001,0.0,215.625,215.54000000000002,212.31,212.31,0.0,0.0
25,0.0,0.0,0.0,1.0,1.0,0.0,0.0,1.0,0.0,100.0,1.0,1.1856,26.0,0.0,0.0,0.0,57.999998,0.0,26.0,26.0,26.0,26.0,-0.07099999999999995,0.268,-0.07455,292.328,-2.7596,-2.643,-1.5707,-1.5549,-191.3,215.97750000000002,190.455375,0.0,0.0,0.0,0.0,0.05066666666666667,-5.498166666666667,-5.498166666666667,-0.6132000000000001,0.06666666666666665,0.0040000000000000036,-0.6439999999999999,68.99600000000001,-0.0229,-0.22555,1.38,100.0,1.0,1.0,212.88333333333333,0.0,0.0,0.0,0.0,0.0,0.0,0.0,9023.3,0.0,55.0,5.0,248.36,1.0,0.0,0.0,0.0,0.0,0.0,0.0,0.0,1.256999999999998,1.256999999999998,0.0,0.0,1.0,55.0,616.79921,10000.0,85.000001,85.000001,85.000001,85.000001,395.0,0.0,0.0,0.0,1.0,166.665,51.804,51.804,48.019,48.019,34.0,-28.415,23.118,-29.73,25.3,0.0,1781.684,0.9200000000000017,100.0,28.205,28.119,43.111000000000004,43.247,0.0,0.0,100.0,0.0,0.0,0.0,0.0,3266.25,3297.2,3981.125,3975.0,305.01,304.448,315.20675,315.05375,22.0259,20.6501,22.0378,21.5475,314.999998,314.999998,324.999988,324.999988,99.55985714285714,99.50751666666666,99.56924285714285,99.54921428571429,0.023666666666666725,-0.10999999999999999,-0.155,0.0775,-0.05333333333332746,-0.045000000000001705,1.5405,1.603,38.662,30.063499999999998,38.736000000000004,35.672,56.182,35.512,60.1665,53.294,54.099000000000004,34.5935,58.724000000000004,51.584,53.239999999999995,34.105000000000004,58.615,50.976,-0.008999999999999897,-0.15149999999999997,0.10943000000000001,0.106785,0.0,216.065,215.93,212.88333333333333,212.88333333333333,0.0,0.0
26,0.0,0.0,0.0,1.0,1.0,0.0,0.0,1.0,0.0,100.0,1.0,1.1856,26.0,0.0,0.0,0.0,57.999998,0.0,26.0,26.0,26.0,26.0,-0.12377777777777776,0.276,0.05605,291.168,-2.67345,-2.756625,-1.58705,-1.5822,-187.78,215.9875,190.429625,0.0,0.0,0.0,0.0,0.052700000000000004,-5.498166666666667,-5.498166666666667,-0.5697,0.6053333333333333,-0.05255555555555569,-1.4060000000000001,69.133,-0.0669,-0.19645,1.5420000000000007,100.0,1.0,1.0,213.01,0.0,0.0,0.0,0.0,0.0,0.0,0.0,9028.7,0.0,55.0,5.0,248.85000000000002,0.0,0.0,0.0,0.0,0.0,0.0,0.0,0.0,1.3079999999999998,1.3079999999999998,0.0,0.0,0.0,55.0,616.79921,10000.0,85.000001,85.000001,85.000001,85.000001,395.0,0.0,0.0,0.0,1.0,166.665,51.483000000000004,51.483000000000004,46.143,46.143,34.0,-29.5075,19.836,-39.31333333333333,26.325,0.0,1781.632,0.7100000000000009,100.0,29.125,28.609,44.021,43.45,0.0,0.0,100.0,0.0,0.0,0.0,0.0,3333.625,2933.7,4689.0,4416.0,304.8495,305.26433333333335,313.584,313.9805,22.0357,20.6558,22.0485,21.5567,314.999998,314.999998,324.999988,324.999988,99.55985714285714,99.50753333333333,99.56938571428572,99.54935714285715,-0.004999999999999893,-0.15049999999999997,-0.1925,0.018333333333333333,-0.06833333333332803,-0.023333333333326323,1.4055,1.471,38.723,30.099,38.803,35.7295,56.169,35.557,60.208,53.354,54.086,34.635,58.763,51.641999999999996,53.226,34.144999999999996,58.6505,51.032333333333334,-0.020499999999999963,-0.14049999999999985,0.100095,0.10256000000000001,0.0,216.53,216.37,213.01,213.01,0.0,0.0
27,0.0,0.0,0.0,1.0,1.0,0.0,0.0,1.0,0.0,100.0,1.0,1.1856,26.0,0.0,0.0,0.0,57.999998,0.0,26.0,26.0,26.0,26.0,-0.14055555555555554,0.24819999999999998,-0.054650000000000004,291.794,-2.61345,-2.7508749999999997,-1.5585,-1.6731,-184.25,215.995,190.405125,0.0,0.0,0.0,0.0,0.054766666666666665,-5.498166666666667,-5.498166666666667,-0.603,-0.9726666666666668,-0.0694444444444442,0.5380000000000003,69.263,-0.08990000000000001,-0.24710000000000001,1.338,100.0,1.0,1.0,213.60000000000002,0.0,0.0,0.0,0.0,0.0,0.0,0.0,9053.7,0.0,55.0,5.0,249.32333333333332,1.0,0.0,0.0,0.0,0.0,0.0,0.0,0.0,1.3589999999999982,1.3589999999999982,0.0,0.0,1.0,55.0,616.79921,10000.0,85.000001,85.000001,85.000001,85.000001,395.0,0.0,0.0,0.0,1.0,166.665,51.804,51.804,46.997,46.997,34.0,-28.107499999999998,20.369999999999997,-33.22666666666666,23.817500000000003,0.0,1781.582,0.615000000000002,100.0,29.113,28.039,44.858000000000004,43.617000000000004,0.0,0.0,100.0,0.0,0.0,0.0,0.0,3224.0,3086.2,4035.625,3932.4,305.071,305.10433333333333,314.94975,315.1165,22.0453,20.6613,22.0593,21.5661,314.999998,314.999998,324.999988,324.999988,99.55985714285714,99.50756666666666,99.56955714285715,99.5495,-0.008333333333333304,-0.15725,-0.2115,0.01616666666666667,-0.03833333333332689,-0.04833333333333201,1.5005,1.5365,38.783,30.133,38.870999999999995,35.788,56.152,35.5995,60.249,53.413,54.07,34.6745,58.8015,51.698499999999996,53.21,34.1825,58.6855,51.08733333333333,-0.03849999999999998,-0.13450000000000006,0.10544500000000001,0.10699000000000002,0.0,216.85500000000002,216.74,213.60000000000002,213.60000000000002,0.0,0.0
28,0.0,0.0,0.0,1.0,1.0,0.0,0.0,1.0,0.0,100.0,1.0,1.1856,26.0,0.0,0.0,0.0,57.999998,0.0,26.0,26.0,26.0,26.0,-0.14588888888888885,0.26680000000000015,-0.05765,291.901,-2.6395,-2.740125,-1.5054500000000002,-1.6336,-180.92000000000002,215.9975,190.381125,0.0,0.0,0.0,0.0,0.056666666666666664,-5.498166666666667,-5.498166666666667,-0.599,0.6753333333333333,-0.07488888888888878,0.7749999999999999,69.387,-0.10360000000000001,-0.212625,1.2520000000000007,100.0,1.0,1.0,214.00333333333333,0.0,0.0,0.0,0.0,0.0,0.0,0.0,9070.8,0.0,55.0,5.0,249.76333333333332,0.0,0.0,0.0,0.0,0.0,0.0,0.0,0.0,1.407,1.407,0.0,0.0,0.0,55.0,616.79921,10000.0,85.000001,85.000001,85.000001,85.000001,395.0,0.0,0.0,0.0,1.0,166.665,51.849000000000004,51.849000000000004,47.424,47.424,34.0,-28.455,20.032,-33.876666666666665,23.3975,0.0,1781.532,0.4450000000000003,100.0,29.269,27.941,44.271,43.057,0.0,0.0,100.0,0.0,0.0,0.0,0.0,3209.875,3009.5,4183.375,4105.0,304.9725,305.32533333333333,314.77125,314.77225,22.0544,20.6664,22.0691,21.5745,314.999998,314.999998,324.999988,324.999988,99.55987142857143,99.50758333333333,99.56968571428571,99.54964285714286,-0.009333333333333194,-0.14925,-0.21583333333333335,-0.0021666666666666666,-0.041666666666671404,-0.06499999999999773,1.509,1.56,38.84,30.1655,38.932,35.8405,56.138999999999996,35.6405,60.2825,53.465,54.058,34.712,58.832499999999996,51.7485,53.197,34.2185,58.714,51.135999999999996,-0.04849999999999999,-0.11500000000000021,0.10043,0.10151500000000001,0.0,217.28,217.17000000000002,214.00333333333333,214.00333333333333,0.0,0.0
29,0.0,0.0,0.0,1.0,1.0,0.0,0.0,1.0,0.0,100.0,1.0,1.1856,26.0,0.0,0.0,0.0,57.999998,0.0,26.0,26.0,26.0,26.0,-0.129,0.2521,0.049850000000000005,291.534,-2.58095,-2.79075,-1.53895,-1.6117,-177.38,215.9975,190.354625,0.0,0.0,0.0,0.0,0.05873333333333334,-5.498166666666667,-5.498166666666667,-0.6089,-0.7290000000000001,-0.07799999999999985,-0.734,69.521,-0.1005,-0.2207,0.9800000000000004,100.0,1.0,1.0,214.26999999999998,0.0,0.0,0.0,0.0,0.0,0.0,0.0,9082.1,0.0,55.0,5.0,250.25,1.0,0.0,0.0,0.0,0.0,0.0,0.0,0.0,1.4579999999999984,1.4579999999999984,0.0,0.0,1.0,55.0,616.79921,10000.0,85.000001,85.000001,85.000001,85.000001,395.0,0.0,0.0,0.0,1.0,333.33500000000004,51.682,51.682,46.692,46.692,34.0,-29.655,20.33,-35.983333333333334,24.055,0.0,1781.482,0.33000000000000185,100.0,28.872,27.996,44.639,43.387,0.0,0.0,100.0,0.0,0.0,0.0,0.0,3394.375,2998.2,4302.125,4124.0,304.6755,305.09066666666666,314.41725,314.6145,22.0638,20.6719,22.0798,21.5838,314.999998,314.999998,324.999988,324.999988,99.55987142857143,99.50758333333333,99.56984285714286,99.54978571428572,-0.014333333333333309,-0.15749999999999997,-0.21833333333333335,0.0071666666666666675,-0.03833333333332689,-0.045000000000001705,1.468,1.5030000000000001,38.899,30.198999999999998,38.998999999999995,35.899,56.122,35.6825,60.324,53.5245,54.042,34.7505,58.8715,51.8055,53.18,34.2555,58.75,51.19133333333333,-0.057499999999999885,-0.10250000000000004,0.10218,0.11018000000000001,0.0,217.635,217.55,214.26999999999998,214.26999999999998,0.0,0.0
30,0.0,0.0,0.0,1.0,1.0,0.0,0.0,1.0,0.0,100.0,1.0,1.1856,26.0,0.0,0.0,0.0,57.999998,0.0,26.0,26.0,26.0,26.0,-0.1193333333333334,0.2599,0.0309,291.077,-2.6374,-2.677375,-1.482,-1.6711,-174.04,215.995,190.329625,0.0,0.0,0.0,0.0,0.060700000000000004,-5.498166666666667,-5.498166666666667,-0.6023000000000001,0.8556666666666667,-0.07866666666666644,-0.5609999999999999,69.642,-0.091,-0.21675,0.9079999999999995,100.0,1.0,1.0,214.68,0.0,0.0,0.0,0.0,0.0,0.0,0.0,9099.5,0.0,55.0,5.0,250.68666666666667,0.0,0.0,0.0,0.0,0.0,0.0,1.0,0.0,1.5060000000000002,1.5060000000000002,0.0,0.0,0.0,55.0,616.79921,10000.0,85.000001,85.000001,85.000001,85.000001,395.0,0.0,0.0,0.0,1.0,166.665,50.873,50.873,46.89,46.89,34.0,-30.497500000000002,19.414,-35.31333333333333,24.945,0.0,1781.433,0.20500000000000185,100.0,29.78,28.687,44.535,43.433,0.0,0.0,100.0,0.0,0.0,0.0,0.0,3505.25,2956.0,4357.5,4148.3,304.315,305.2336666666667,314.3475,314.51675,22.0731,20.6772,22.0897,21.5924,314.999998,314.999998,324.999988,324.999988,99.55987142857143,99.50761666666666,99.56998571428572,99.54992857142857,0.00533333333333319,-0.14725,-0.213,0.0038333333333333336,-0.054999999999999716,-0.04999999999999716,1.4745,1.5030000000000001,38.957,30.2325,39.06,35.953,56.111000000000004,35.725,60.3585,53.578,54.032,34.79,58.903999999999996,51.857,53.169,34.2935,58.7795,51.24166666666667,-0.07499999999999996,-0.0990000000000002,0.10362,0.102245,0.0,218.065,217.985,214.68,214.68,0.0,0.0
31,0.0,0.0,0.0,1.0,1.0,0.0,0.0,1.0,0.0,100.0,1.0,1.1856,26.0,0.0,0.0,0.0,57.999998,0.0,26.0,26.0,26.0,26.0,-0.10599999999999998,0.2603,-0.010750000000000001,290.97,-2.7028499999999998,-2.66125,-1.5324,-1.6644999999999999,-170.48000000000002,215.9875,190.303875,0.0,0.0,0.0,0.0,0.06276666666666667,-5.498166666666667,-5.498166666666667,-0.5911000000000001,-0.7750000000000001,-0.06599999999999984,0.653,69.774,-0.07350000000000001,-0.22125,0.4500000000000002,100.0,1.0,1.0,214.99,0.0,0.0,0.0,0.0,0.0,0.0,0.0,9112.7,0.0,55.0,5.0,251.16,1.0,0.0,0.0,0.0,0.0,0.0,1.0,0.0,1.5569999999999986,1.5569999999999986,0.0,0.0,1.0,55.0,616.79921,10000.0,85.000001,85.000001,85.000001,85.000001,395.0,0.0,0.0,0.0,1.0,333.33500000000004,51.453,51.453,45.563,45.563,34.0,-27.2575,21.712,-34.36333333333333,28.62,0.0,1781.382,0.13500000000000156,100.0,29.465,28.533,45.277,43.992000000000004,0.0,0.0,100.0,0.0,0.0,0.0,0.0,3192.625,3181.0,4368.125,4287.5,305.269,304.964,314.15825,314.339,22.0826,20.6828,22.1005,21.6019,314.999998,314.999998,324.999988,324.999988,99.55987142857143,99.50763333333333,99.57014285714286,99.55007142857143,0.020999999999999908,-0.12124999999999997,-0.17333333333333334,0.053,-0.03499999999999659,-0.03333333333333144,1.458,1.447,39.016,30.268,39.128,36.0115,56.095,35.7685,60.400999999999996,53.6385,54.016,34.83,58.944,51.915,53.153,34.3315,58.816,51.29833333333333,-0.07600000000000007,-0.09050000000000002,0.10199000000000001,0.11203,0.0,218.41500000000002,218.36,214.99,214.99,0.0,0.0
32,0.0,0.0,0.0,1.0,1.0,0.0,0.0,1.0,0.0,100.0,1.0,1.1856,26.0,0.0,0.0,0.0,57.999998,0.0,26.0,26.0,26.0,26.0,-0.10044444444444445,0.2721,-0.01925,291.168,-2.6086,-2.763125,-1.5956000000000001,-1.5715,-166.70999999999998,215.97750000000002,190.27675,0.0,0.0,0.0,0.0,0.06493333333333334,-5.498166666666667,-5.498166666666667,-0.6089,0.22799999999999998,-0.08922222222222231,0.42500000000000027,69.90899999999999,-0.0611,-0.22817500000000002,0.4660000000000002,100.0,1.0,1.0,215.51999999999998,0.0,0.0,0.0,0.0,0.0,0.0,0.0,9135.1,0.0,55.0,5.0,251.64666666666665,0.0,0.0,0.0,0.0,0.0,0.0,1.0,0.0,1.6110000000000007,1.6110000000000007,0.0,0.0,0.0,55.0,616.79921,10000.0,85.000001,85.000001,85.000001,85.000001,395.0,0.0,0.0,0.0,1.0,166.665,51.224000000000004,51.224000000000004,46.494,46.494,34.0,-26.4325,22.845999999999997,-33.489999999999995,26.87,0.0,1781.329,0.030000000000001137,100.0,29.521,28.588,44.815,43.752,0.0,0.0,100.0,0.0,0.0,0.0,0.0,3247.5,3109.2,4286.25,4249.5,304.866,304.98766666666666,314.5425,314.481,22.0927,20.6889,22.1116,21.6116,314.999998,314.999998,324.999988,324.999988,99.55988571428571,99.50765,99.5703,99.55022857142858,0.03866666666666685,-0.10799999999999998,-0.16583333333333333,0.058,-0.03833333333332689,-0.046666666666666856,1.5215,1.524,39.079,30.305500000000002,39.197,36.0725,56.08,35.814,60.439,53.698499999999996,54.001999999999995,34.8725,58.9795,51.9725,53.137,34.372,58.848,51.354,-0.08250000000000002,-0.08599999999999985,0.10223,0.10719500000000001,0.0,218.85000000000002,218.805,215.51999999999998,215.51999999999998,0.0,0.0
33,0.0,0.0,0.0,1.0,1.0,0.0,0.0,1.0,0.0,100.0,1.0,1.1856,26.0,0.0,0.0,0.0,57.999998,0.0,26.0,26.0,26.0,26.0,-0.06622222222222218,0.26570000000000005,-0.037000000000000005,291.367,-2.6597,-2.74625,-1.5350000000000001,-1.5824,-163.56,215.9675,190.253125,0.0,0.0,0.0,0.0,0.06676666666666667,-5.498166666666667,-5.498166666666667,-0.6107,-0.41133333333333333,-0.07811111111111124,0.16400000000000015,70.024,-0.0531,-0.2147,0.3639999999999999,100.0,1.0,1.0,215.8,0.0,0.0,0.0,0.0,0.0,0.0,0.0,9146.9,0.0,55.0,5.0,252.06,1.0,0.0,0.0,0.0,0.0,0.0,1.0,0.0,1.6559999999999988,1.6559999999999988,0.0,0.0,1.0,55.0,616.79921,10000.0,85.000001,85.000001,85.000001,85.000001,395.0,0.0,0.0,0.0,1.0,166.665,51.879999999999995,51.879999999999995,46.432,46.432,34.0,-26.4075,21.735999999999997,-33.22333333333333,27.085,0.0,1781.284,-0.08500000000000085,100.0,29.085,28.439,44.711,43.936,0.0,0.0,100.0,0.0,0.0,0.0,0.0,3218.75,2921.8,4308.625,4248.7,305.21,305.43966666666665,314.40225,314.37025,22.101,20.6937,22.1209,21.619799999999998,314.999998,314.999998,324.999988,324.999988,99.55988571428571,99.50766666666667,99.57042857142856,99.55037142857142,0.036666666666666625,-0.09599999999999997,-0.16683333333333333,0.05383333333333334,-0.054999999999999716,-0.04333333333332945,1.484,1.4885,39.131,30.3355,39.254999999999995,36.124,56.066,35.8485,60.472,53.75,53.989000000000004,34.903999999999996,59.0105,52.022,53.123999999999995,34.402,58.8765,51.40233333333333,-0.08699999999999997,-0.06999999999999984,0.10595,0.10555,0.0,219.21,219.16,215.8,215.8,0.0,0.0
34,0.0,0.0,0.0,1.0,1.0,0.0,0.0,1.0,0.0,100.0,1.0,1.1856,26.0,0.0,0.0,0.0,57.999998,0.0,26.0,26.0,26.0,26.0,-0.04633333333333334,0.26080000000000014,-0.0893,291.87,-2.67885,-2.72525,-1.6075,-1.5991,-159.78,215.95499999999998,190.2235,0.0,0.0,0.0,0.0,0.06896666666666666,-5.498166666666667,-5.498166666666667,-0.6475000000000001,-0.8303333333333334,-0.0425555555555559,-0.17700000000000005,70.15899999999999,-0.0386,-0.227325,0.23799999999999955,100.0,1.0,1.0,216.3,0.0,0.0,0.0,0.0,0.0,0.0,0.0,9168.2,0.0,55.0,5.0,252.54666666666668,0.0,0.0,0.0,0.0,0.0,0.0,1.0,0.0,1.7100000000000009,1.7100000000000009,0.0,0.0,0.0,55.0,616.79921,10000.0,85.000001,85.000001,85.000001,85.000001,395.0,0.0,0.0,0.0,1.0,166.665,52.261,52.261,47.287,47.287,34.0,-25.3125,21.694000000000003,-31.246666666666666,27.175,0.0,1781.23,-0.06500000000000128,100.0,28.725,28.131999999999998,44.342,43.962,0.0,0.0,100.0,0.0,0.0,0.0,0.0,3130.75,2932.8,4096.5,4093.5,305.4045,305.373,315.0025,314.71325,22.1108,20.6995,22.1319,21.6296,314.999998,314.999998,324.999988,324.999988,99.5599,99.50768333333333,99.57058571428571,99.55052857142857,0.04899999999999993,-0.09599999999999997,-0.15366666666666667,0.07666666666666667,-0.041666666666671404,-0.05833333333333002,1.5245,1.5354999999999999,39.193,30.371499999999997,39.324,36.1855,56.049,35.888999999999996,60.5085,53.8115,53.973,34.9415,59.044,52.0815,53.107,34.438,58.907,51.46,-0.08650000000000002,-0.06950000000000012,0.10259000000000001,0.11615,0.0,219.575,219.555,216.3,216.3,0.0,0.0
35,0.0,0.0,0.0,1.0,1.0,0.0,0.0,1.0,0.0,100.0,1.0,1.1856,26.0,0.0,0.0,0.0,57.999998,0.0,26.0,26.0,26.0,26.0,-0.033777777777777795,0.24370000000000003,-0.06585,291.794,-2.6727,-2.68525,-1.5643,-1.6159,-156.2,215.94,190.19325,0.0,0.0,0.0,0.0,0.07106666666666667,-5.498166666666667,-5.498166666666667,-0.6863,-0.13200000000000012,-0.05311111111111133,-0.06699999999999995,70.286,-0.025900000000000003,-0.22940000000000002,0.08999999999999986,100.0,1.0,1.0,216.78,0.0,0.0,0.0,0.0,0.0,0.0,0.0,9188.5,0.0,55.0,5.0,253.00333333333333,1.0,0.0,0.0,0.0,0.0,0.0,1.0,0.0,1.7609999999999992,1.7609999999999992,0.0,0.0,1.0,55.0,616.79921,10000.0,85.000001,85.000001,85.000001,85.000001,395.0,0.0,0.0,0.0,1.0,166.665,51.468,51.468,47.104,47.104,34.0,-25.2975,25.896,-28.58,27.1925,0.0,1781.179,-0.030000000000001137,100.0,28.717,28.428,44.07,43.412,0.0,0.0,100.0,0.0,0.0,0.0,0.0,3188.375,3375.2,3972.5,3945.8,305.182,304.2033333333333,315.211,315.1485,22.12,20.7052,22.1422,21.6387,314.999998,314.999998,324.999988,324.999988,99.5599,99.50768333333333,99.57074285714286,99.55067142857143,0.06199999999999983,-0.07450000000000001,-0.13183333333333336,0.09916666666666667,-0.051666666666669414,-0.03333333333333144,1.5365,1.542,39.25,30.4075,39.388999999999996,36.242,56.032,35.9295,60.542,53.8655,53.957,34.979,59.076,52.1335,53.09,34.4745,58.9355,51.510999999999996,-0.08799999999999986,-0.07650000000000023,0.10519500000000001,0.107755,0.0,219.985,219.95,216.78,216.78,0.0,0.0
36,0.0,0.0,0.0,1.0,1.0,0.0,0.0,1.0,0.0,100.0,1.0,1.1856,26.0,0.0,0.0,0.0,57.999998,0.0,26.0,26.0,26.0,26.0,-0.03444444444444439,0.26150000000000007,0.07775,290.848,-2.6235,-2.761,-1.537,-1.6101,-152.82,215.925,190.163625,0.0,0.0,0.0,0.0,0.07303333333333334,-5.498166666666667,-5.498166666666667,-0.6631,0.16466666666666663,-0.08677777777777784,0.2360000000000002,70.40899999999999,-0.019700000000000002,-0.2006,0.18599999999999994,100.0,1.0,1.0,216.87333333333333,0.0,0.0,0.0,0.0,0.0,0.0,0.0,9192.5,0.0,55.0,5.0,253.44666666666666,0.0,0.0,0.0,0.0,0.0,0.0,1.0,0.0,1.809000000000001,1.809000000000001,0.0,0.0,0.0,55.0,616.79921,10000.0,85.000001,85.000001,85.000001,85.000001,395.0,0.0,0.0,0.0,1.0,166.665,51.407,51.407,46.066,46.066,34.0,-23.4325,24.386,-32.38333333333333,33.22,0.0,1781.132,-0.07000000000000028,100.0,29.262999999999998,28.653,44.367000000000004,43.899,0.0,0.0,100.0,0.0,0.0,0.0,0.0,3088.0,3076.6,4441.375,4582.4,305.2085,304.85766666666666,314.06325,313.6335,22.1289,20.7107,22.1521,21.6476,314.999998,314.999998,324.999988,324.999988,99.55991428571429,99.50768333333333,99.57088571428571,99.55081428571428,0.08066666666666666,-0.07099999999999995,-0.12333333333333334,0.10250000000000001,-0.04833333333333201,-0.046666666666666856,1.4244999999999999,1.4245,39.306,30.441499999999998,39.451,36.2975,56.019999999999996,35.9685,60.5775,53.9225,53.945,35.015,59.1085,52.1885,53.078,34.5085,58.965,51.564,-0.08850000000000002,-0.07750000000000012,0.10677500000000001,0.10859500000000001,0.0,220.39499999999998,220.36,216.87333333333333,216.87333333333333,0.0,0.0
37,0.0,0.0,0.0,1.0,1.0,0.0,0.0,1.0,0.0,100.0,1.0,1.1856,26.0,0.0,0.0,0.0,57.999998,0.0,26.0,26.0,26.0,26.0,-0.024777777777777787,0.2509000000000001,-0.1796,292.572,-2.67505,-2.65325,-1.5154,-1.6578,-149.44,215.91,190.133375,0.0,0.0,0.0,0.0,0.075,-5.498166666666667,-5.498166666666667,-0.7424000000000001,-2.98,-0.08755555555555583,0.03299999999999992,70.528,-0.0148,-0.2555,0.12399999999999967,100.0,1.0,1.0,217.41333333333333,0.0,0.0,0.0,0.0,0.0,0.0,0.0,9215.3,0.0,55.0,5.0,253.87666666666667,1.0,0.0,0.0,0.0,0.0,0.0,1.0,0.0,1.8569999999999993,1.8569999999999993,0.0,0.0,1.0,55.0,616.79921,10000.0,85.000001,85.000001,85.000001,85.000001,395.0,0.0,0.0,0.0,1.0,333.33500000000004,53.65,53.65,47.226,47.226,34.0,-20.49,19.805999999999997,-26.473333333333333,27.135,0.0,1781.082,-0.054999999999999716,100.0,28.303,28.043,44.68,44.225,0.0,0.0,100.0,0.0,0.0,0.0,0.0,2670.0,2718.3,3833.25,3867.8,306.8825,306.18233333333336,315.401,315.1105,22.1372,20.7156,22.1621,21.6564,314.999998,314.999998,324.999988,324.999988,99.55991428571429,99.5077,99.57102857142857,99.55094285714286,0.05933333333333346,-0.07824999999999993,-0.121,0.09333333333333332,-0.026666666666670835,-0.05833333333333002,1.53,1.538,39.358000000000004,30.4725,39.513,36.3525,56.001000000000005,36.0,60.612,53.976,53.928,35.0445,59.141,52.24,53.059,34.537,58.9945,51.614666666666665,-0.07899999999999996,-0.07200000000000006,0.099235,0.10394,0.0,220.655,220.65,217.41333333333336,217.41333333333333,0.0,0.0
38,0.0,0.0,0.0,1.0,1.0,0.0,0.0,1.0,0.0,100.0,1.0,1.1856,26.0,0.0,0.0,0.0,57.999998,0.0,26.0,26.0,26.0,26.0,-0.011666666666666603,0.24770000000000003,-0.2741,293.64,-2.7715,-2.645625,-1.5201,-1.5766,-145.84,215.89499999999998,190.09575,0.0,0.0,0.0,0.0,0.07706666666666667,-5.498166666666667,-5.498166666666667,-0.8659,-1.3116666666666665,-0.12544444444444425,-1.5070000000000001,70.648,-0.018500000000000003,-0.2589,0.1620000000000008,100.0,1.0,1.0,218.18666666666667,0.0,0.0,0.0,0.0,0.0,0.0,0.0,9248.2,0.0,55.0,5.0,254.31,0.0,0.0,0.0,0.0,0.0,0.0,1.0,0.0,1.9080000000000013,1.9080000000000013,0.0,0.0,0.0,55.0,616.79921,10000.0,85.000001,85.000001,85.000001,85.000001,395.0,0.0,0.0,0.0,1.0,166.665,53.192,53.192,49.408,49.408,34.0,-22.9225,23.47,-23.993333333333336,23.475,0.0,1781.032,-0.02499999999999858,100.0,27.661,27.877,42.628,42.269999999999996,0.0,0.0,100.0,0.0,0.0,0.0,0.0,2894.125,3086.2,3629.75,3562.8,306.1795,305.168,316.151,316.1785,22.1459,20.721,22.1719,21.6651,314.999998,314.999998,324.999988,324.999988,99.55992857142857,99.5077,99.57117142857143,99.5511,0.07133333333333347,-0.06099999999999994,-0.12716666666666668,0.115,-0.03833333333332689,-0.06333333333333258,1.7345,1.7255,39.412,30.5065,39.575,36.4065,55.979,36.035,60.6365,54.022999999999996,53.907,35.077,59.164,52.2855,53.037,34.568,59.0145,51.65866666666666,-0.07899999999999996,-0.07399999999999984,0.10616,0.11348000000000001,0.0,221.05,221.065,218.18666666666667,218.18666666666667,0.0,0.0
39,0.0,0.0,0.0,1.0,1.0,0.0,0.0,1.0,0.0,100.0,1.0,1.1856,26.0,0.0,0.0,0.0,57.999998,0.0,26.0,26.0,26.0,26.0,-0.04166666666666663,0.2630000000000001,-0.0703,292.587,-2.71115,-2.643875,-1.5459,-1.5849,-142.44,215.8775,190.0545,0.0,0.0,0.0,0.0,0.07906666666666666,-5.498166666666667,-5.498166666666667,-0.8924000000000001,-0.6776666666666669,-0.21355555555555572,-0.9450000000000001,70.774,-0.022000000000000002,-0.217675,0.2320000000000002,100.0,1.0,1.0,218.11,0.0,0.0,0.0,0.0,0.0,0.0,0.0,9244.9,0.0,55.0,5.0,254.76,1.0,0.0,0.0,0.0,0.0,0.0,1.0,0.0,1.9559999999999995,1.9559999999999995,0.0,0.0,1.0,55.0,616.79921,10000.0,85.000001,85.000001,85.000001,85.000001,395.0,0.0,0.0,0.0,1.0,333.33500000000004,52.994,52.994,47.775,47.775,34.0,-23.9275,23.444000000000003,-31.39,28.8325,0.0,1780.984,0.015000000000000568,100.0,27.801,27.715,42.702,41.94,0.0,0.0,100.0,0.0,0.0,0.0,0.0,3024.875,3091.5,4345.75,4170.8,305.732,305.091,314.37125,314.644,22.1542,20.7263,22.1816,21.6736,314.999998,314.999998,324.999988,324.999988,99.55994285714286,99.50771666666667,99.57131428571428,99.55124285714285,0.06566666666666654,-0.06399999999999995,-0.12583333333333332,0.10016666666666667,-0.06666666666666998,-0.046666666666666856,1.4955,1.504,39.464,30.5395,39.635,36.46,55.961,36.07,60.6695,54.073499999999996,53.89,35.109,59.1945,52.334,53.019999999999996,34.599000000000004,59.042500000000004,51.706,-0.0754999999999999,-0.07299999999999995,0.111545,0.10857000000000001,0.0,221.505,221.47,218.11,218.11,0.0,0.0
40,0.0,0.0,0.0,1.0,1.0,0.0,0.0,1.0,0.0,100.0,1.0,1.1856,26.0,0.0,0.0,0.0,57.999998,0.0,26.0,26.0,26.0,26.0,-0.03588888888888886,0.24330000000000007,0.06115,290.421,-2.65985,-2.655875,-1.51485,-1.6106,-138.62,215.86,190.006625,0.0,0.0,0.0,0.0,0.0813,-5.498166666666667,-5.498166666666667,-0.8973000000000001,1.581,-0.2716666666666665,-0.708,70.906,-0.028800000000000003,-0.2341,0.4639999999999995,100.0,1.0,1.0,218.55666666666667,0.0,0.0,0.0,0.0,0.0,0.0,0.0,9263.8,0.0,55.0,5.0,255.23666666666668,0.0,0.0,0.0,0.0,0.0,0.0,0.0,0.0,2.009999999999998,2.009999999999998,0.0,0.0,0.0,55.0,616.79921,10000.0,85.000001,85.000001,85.000001,85.000001,395.0,0.0,0.0,0.0,1.0,166.665,49.179,49.179,46.799,46.799,34.0,-30.237499999999997,29.09,-30.823333333333334,28.715,0.0,1780.93,0.23499999999999943,100.0,29.588,29.407,43.409,42.542,0.0,0.0,100.0,0.0,0.0,0.0,0.0,3684.625,3822.8,4312.375,4172.8,303.764,302.741,314.546,314.6245,22.1644,20.7329,22.1927,21.6834,314.999998,314.999998,324.999988,324.999988,99.55994285714286,99.50773333333333,99.57148571428571,99.5514,0.05266666666666664,-0.08574999999999999,-0.13066666666666665,0.08966666666666667,-0.046666666666666856,-0.04833333333333201,1.4885,1.498,39.528,30.5805,39.705,36.521,55.951,36.1185,60.707499999999996,54.1325,53.879000000000005,35.153999999999996,59.2305,52.391,53.007999999999996,34.641999999999996,59.075,51.76133333333333,-0.07400000000000007,-0.10000000000000009,0.09893500000000001,0.106315,0.0,221.94,221.9,218.55666666666667,218.55666666666667,0.0,0.0
41,0.0,0.0,0.0,1.0,1.0,0.0,0.0,1.0,0.0,100.0,1.0,1.1856,26.0,0.0,0.0,0.0,57.999998,0.0,26.0,26.0,26.0,26.0,-0.07555555555555549,0.24150000000000005,0.4162,286.85,-2.5954,-2.654125,-1.5479,-1.6537000000000002,-135.21,215.84,189.967375,0.0,0.0,0.0,0.0,0.08326666666666667,-5.498166666666667,-5.498166666666667,-0.7572,3.177,-0.3475555555555556,-1.55,71.027,-0.035300000000000005,-0.1932,0.7560000000000002,100.0,1.0,1.0,218.53333333333336,0.0,0.0,0.0,0.0,0.0,0.0,0.0,9262.9,0.0,55.0,5.0,255.67000000000002,1.0,0.0,0.0,0.0,0.0,0.0,0.0,0.0,2.058,2.058,0.0,0.0,1.0,55.0,616.79921,10000.0,85.000001,85.000001,85.000001,85.000001,395.0,0.0,0.0,0.0,1.0,333.33500000000004,46.387,46.387,42.572,42.572,34.0,-34.26,27.862000000000002,-42.47333333333333,37.6875,0.0,1780.881,0.5700000000000003,100.0,31.686,31.557000000000002,45.509,44.641999999999996,0.0,0.0,100.0,0.0,0.0,0.0,0.0,4107.875,3937.4,5273.25,5122.8,302.6475,302.3,312.25325,312.342,22.174,20.7394,22.2032,21.6927,314.999998,314.999998,324.999988,324.999988,99.55995714285714,99.50775,99.57162857142858,99.55154285714286,0.03633333333333333,-0.12649999999999995,-0.14933333333333335,0.077,-0.03833333333332689,-0.045000000000001705,1.271,1.3035,39.587,30.621000000000002,39.769999999999996,36.579,55.947,36.173,60.751,54.195,53.876000000000005,35.204499999999996,59.2715,52.451,53.004000000000005,34.6905,59.113,51.81966666666666,-0.05699999999999994,-0.14400000000000013,0.10966500000000001,0.11142500000000001,0.0,222.42000000000002,222.35000000000002,218.53333333333336,218.53333333333333,0.0,0.0
42,0.0,0.0,0.0,1.0,1.0,0.0,0.0,1.0,0.0,100.0,1.0,1.1856,26.0,0.0,0.0,0.0,57.999998,0.0,26.0,26.0,26.0,26.0,-0.0882222222222222,0.25140000000000007,0.5568000000000001,284.348,-2.54145,-2.6865,-1.5272999999999999,-1.6774,-131.79999999999998,215.8225,189.937375,0.0,0.0,0.0,0.0,0.08523333333333334,-5.498166666666667,-5.498166666666667,-0.5996,3.5186666666666664,-0.3894444444444445,0.6859999999999999,71.143,-0.048100000000000004,-0.22917500000000002,1.0579999999999998,100.0,1.0,1.0,218.81,0.0,0.0,0.0,0.0,0.0,0.0,0.0,9274.5,0.0,55.0,5.0,256.09000000000003,0.0,0.0,0.0,0.0,0.0,0.0,0.0,0.0,2.105999999999998,2.105999999999998,0.0,0.0,0.0,55.0,616.79921,10000.0,85.000001,85.000001,85.000001,85.000001,395.0,0.0,0.0,0.0,1.0,333.33500000000004,43.167,43.167,40.695,40.695,34.0,-36.582499999999996,28.508,-46.29,37.2825,0.0,1780.832,0.40000000000000213,100.0,34.32,33.666,47.445,46.723,0.0,0.0,100.0,0.0,0.0,0.0,0.0,4511.625,4040.0,5495.25,5229.0,301.3075,301.8453333333333,311.63025,311.999,22.1841,20.7461,22.2141,21.7024,314.999998,314.999998,324.999988,324.999988,99.55995714285714,99.50776666666667,99.57178571428571,99.55168571428571,0.05233333333333334,-0.139,-0.16983333333333334,0.047,-0.054999999999999716,-0.051666666666669414,1.2085,1.2665,39.650999999999996,30.6635,39.838,36.64,55.951,36.232,60.802,54.2625,53.879999999999995,35.259,59.3195,52.5155,53.006,34.743,59.1575,51.882333333333335,-0.08499999999999996,-0.14300000000000024,0.105895,0.101125,0.0,222.805,222.70499999999998,218.81,218.81,0.0,0.0
43,0.0,0.0,0.0,1.0,1.0,0.0,0.0,1.0,0.0,100.0,1.0,1.1856,26.0,0.0,0.0,0.0,57.999998,0.0,26.0,26.0,26.0,26.0,-0.08711111111111103,0.2268000000000001,0.46565,283.325,-2.5564999999999998,-2.716875,-1.6534,-1.6487,-128.17,215.7975,189.918125,0.0,0.0,0.0,0.0,0.08736666666666666,-5.498166666666667,-5.498166666666667,-0.44,2.650666666666667,-0.31066666666666665,1.6430000000000002,71.264,-0.0539,-0.28997500000000004,0.6739999999999995,100.0,1.0,1.0,219.15666666666667,0.0,0.0,0.0,0.0,0.0,0.0,0.0,9289.2,0.0,55.0,5.0,256.52666666666664,1.0,0.0,0.0,0.0,0.0,0.0,0.0,0.0,2.157,2.157,0.0,0.0,1.0,55.0,616.79921,10000.0,85.000001,85.000001,85.000001,85.000001,395.0,0.0,0.0,0.0,1.0,166.665,41.26,41.26,40.848,40.848,34.0,-35.5575,29.208,-47.43333333333334,38.0,0.0,1780.783,-0.04499999999999815,100.0,36.571,35.286,48.1,48.115,0.0,0.0,100.0,0.0,0.0,0.0,0.0,4475.75,4083.6000000000004,5293.25,5355.3,301.4495,301.845,312.107,311.60325,22.1951,20.7531,22.2258,21.713,314.999998,314.999998,324.999988,324.999988,99.55997142857143,99.50778333333334,99.57195714285714,99.55184285714286,0.06566666666666654,-0.13749999999999996,-0.18233333333333335,0.046,-0.045000000000001705,-0.03833333333332689,1.2195,1.2389999999999999,39.719,30.707,39.911,36.7065,55.959,36.293,60.8545,54.3395,53.887,35.3155,59.369,52.5895,53.010999999999996,34.7965,59.203,51.95466666666667,-0.1299999999999999,-0.12049999999999983,0.10509,0.10873500000000001,0.0,223.135,223.06,219.15666666666667,219.15666666666667,0.0,0.0
44,0.0,0.0,0.0,1.0,1.0,0.0,0.0,1.0,0.0,100.0,1.0,1.1856,26.0,0.0,0.0,0.0,57.999998,0.0,26.0,26.0,26.0,26.0,-0.0868888888888889,0.24520000000000008,0.38225000000000003,283.936,-2.51285,-2.55,-1.6499000000000001,-1.6840000000000002,-124.53,215.7725,189.91125,0.0,0.0,0.0,0.0,0.08946666666666667,-5.498166666666667,-5.498166666666667,-0.2758,2.8566666666666665,-0.23988888888888882,1.3850000000000002,71.382,-0.0345,-0.30710000000000004,0.4500000000000002,100.0,1.0,1.0,219.53,0.0,0.0,0.0,0.0,0.0,0.0,0.0,9305.1,0.0,55.0,5.0,256.9533333333334,0.0,0.0,0.0,0.0,0.0,0.0,0.0,0.0,2.2079999999999984,2.2079999999999984,0.0,0.0,0.0,55.0,616.79921,10000.0,85.000001,85.000001,85.000001,85.000001,395.0,0.0,0.0,0.0,1.0,166.665,42.053,42.053,40.222,40.222,34.0,-29.299999999999997,22.36,-45.443333333333335,41.1025,0.0,1780.732,0.6350000000000016,100.0,37.236000000000004,36.459,48.203,47.929,0.0,0.0,100.0,0.0,0.0,0.0,0.0,3806.125,3657.9,5331.25,5407.9,303.3005,303.059,312.00225,311.604,22.2056,20.7603,22.2372,21.723399999999998,314.999998,314.999998,324.999988,324.999988,99.55998571428572,99.50781666666667,99.57211428571429,99.55201428571428,0.06199999999999983,-0.16649999999999998,-0.15066666666666667,0.0765,-0.02499999999999858,-0.03499999999999659,1.2429999999999999,1.264,39.785,30.752000000000002,39.983000000000004,36.7715,55.962,36.3575,60.9055,54.413,53.888999999999996,35.375,59.4165,52.66,53.012,34.854,59.2465,52.022666666666666,-0.08949999999999991,-0.1695000000000002,0.11019500000000002,0.11267,0.0,223.5,223.465,219.53,219.53,0.0,0.0
45,0.0,0.0,0.0,1.0,1.0,0.0,0.0,1.0,0.0,100.0,1.0,1.1856,26.0,0.0,0.0,0.0,57.999998,100.0,26.0,26.0,26.0,26.0,-0.137,-2.0895,0.10235000000000001,286.392,-2.4353,-2.5147500000000003,-1.6089,-1.553,-120.88999999999999,215.745,189.91275,0.0,0.0,0.0,0.0,0.0916,-5.498166666666667,-5.498166666666667,-0.2681,-1.9410000000000003,-0.1934444444444443,1.6470000000000002,71.303,-0.027700000000000002,-0.38977500000000004,1.0779999999999994,100.0,0.0,1.0,212.51,0.0,0.0,0.0,0.0,0.0,0.0,0.0,9007.6,0.0,55.0,5.0,256.95,1.0,0.0,0.0,0.0,0.0,0.0,0.0,0.0,2.2590000000000003,2.2590000000000003,0.0,0.0,1.0,55.0,616.79921,10000.0,85.000001,85.000001,85.000001,85.000001,395.0,0.0,0.0,0.0,1.0,166.665,42.602999999999994,42.602999999999994,44.983000000000004,44.983000000000004,34.0,-22.2225,12.934000000000001,-34.0,26.712500000000002,0.0,1780.681,1.0949999999999989,100.0,36.498,34.675,47.153,47.229,0.0,0.0,0.0,0.0,0.0,0.0,0.0,4102.5,3624.0,4299.875,4159.6,302.6445,303.53066666666666,314.45825,314.50575,22.2155,20.7663,22.2484,21.7336,314.999998,314.999998,324.999988,324.999988,99.56004285714286,99.50788333333334,99.57224285714285,99.55215714285714,0.02200000000000024,-0.1775,-0.15966666666666665,0.058666666666666666,-3.134999999999998,-3.411666666666669,-1.6014999999999997,-1.5625,39.847,30.7895,40.052,36.835,55.976,36.424,60.945499999999996,54.478,53.902,35.437,59.4535,52.7225,53.022999999999996,34.9135,59.28,52.083666666666666,-0.04249999999999998,-0.20400000000000018,0.08940000000000001,0.09087,0.0,215.715,214.82999999999998,212.51,212.51,0.0,0.0
46,0.0,0.0,0.0,1.0,1.0,0.0,0.0,1.0,0.0,100.0,1.0,1.1856,26.0,0.0,0.0,0.0,57.999998,100.0,26.0,26.0,26.0,26.0,-0.19522222222222219,-2.9502,0.08955,285.965,-2.48025,-2.543625,-1.55185,-1.5411000000000001,-117.5,215.715,189.915875,0.0,0.0,0.0,0.0,0.09356666666666667,-5.498166666666667,-5.498166666666667,-0.3669,-1.1123333333333334,-0.07144444444444442,2.7460000000000004,69.943,-0.022000000000000002,-0.526425,1.9180000000000001,100.0,0.0,1.0,207.04666666666668,0.0,0.0,0.0,0.0,0.0,0.0,0.0,8776.0,0.0,55.0,5.0,252.11333333333334,0.0,0.0,0.0,0.0,0.0,0.0,0.0,0.0,2.3069999999999986,2.3069999999999986,0.0,0.0,0.0,55.0,616.79921,10000.0,85.000001,85.000001,85.000001,85.000001,395.0,0.0,0.0,0.0,1.0,166.665,36.774,36.774,48.874,48.874,34.0,-26.6275,12.485999999999997,-22.773333333333333,19.6575,0.0,1780.632,1.8150000000000013,100.0,39.702,37.865,44.176,43.769999999999996,0.0,0.0,0.0,0.0,0.0,0.0,0.0,4649.125,4389.7,3666.625,4024.1000000000004,300.5625,300.78866666666664,316.0725,315.219,22.2259,20.7731,22.2575,21.7416,314.999998,314.999998,324.999988,324.999988,99.5604,99.50826666666667,99.57245714285715,99.55235714285715,0.00533333333333319,-0.24,-0.15933333333333335,0.025500000000000002,-3.288333333333327,-3.8733333333333277,-2.6319999999999997,-2.5635000000000003,39.912,30.832,40.11,36.885,56.141,36.6555,60.999,54.547,54.056,35.6505,59.5045,52.79,53.168,35.1175,59.3275,52.15,-0.008499999999999952,-0.2829999999999999,0.072675,0.07355500000000001,0.0,211.82,210.525,207.04666666666668,207.04666666666668,0.0,0.0
47,0.0,0.0,0.0,1.0,1.0,0.0,0.0,1.0,0.0,100.0,1.0,1.1856,26.0,0.0,0.0,0.0,57.999998,100.0,26.0,26.0,26.0,26.0,-0.1614444444444444,-2.7968,0.0649,287.231,-2.4632,-2.51425,-1.5101499999999999,-1.5226000000000002,-113.97,215.6775,189.921375,0.0,0.0,0.0,0.0,0.0956,-5.498166666666667,-5.498166666666667,-0.49470000000000003,-2.3673333333333337,-0.061333333333333684,-3.075,68.495,-0.0761,-0.71225,2.5660000000000007,100.0,0.0,1.0,202.16333333333333,0.0,0.0,0.0,0.0,0.0,0.0,0.0,8569.0,0.0,55.0,5.0,246.89333333333335,1.0,0.0,0.0,0.0,0.0,0.0,0.0,0.0,2.3580000000000005,2.3580000000000005,0.0,0.0,1.0,55.0,616.79921,10000.0,85.000001,85.000001,85.000001,85.000001,395.0,0.0,0.0,0.0,1.0,333.33500000000004,35.828,35.828,49.286,49.286,34.0,-21.884999999999998,13.148,-19.589999999999996,12.185,0.0,1780.58,1.9849999999999994,100.0,39.86,40.493,43.049,42.184,0.0,0.0,0.0,0.0,0.0,0.0,0.0,4317.75,4663.7,3182.75,2909.3,301.9335,299.6723333333333,317.2005,317.601,22.2363,20.7806,22.2673,21.7502,314.999998,314.999998,324.999988,324.999988,99.56075714285714,99.50866666666667,99.57268571428571,99.55257142857143,-0.0043333333333333,-0.264,-0.20466666666666666,0.008166666666666666,-3.7516666666666723,-3.568333333333328,-2.793,-2.798,39.977000000000004,30.8785,40.17,36.939,56.306,36.9,61.0605,54.625,54.211,35.8765,59.562,52.8645,53.313,35.3345,59.381,52.223,-0.00649999999999995,-0.3054999999999999,0.07513500000000001,0.088215,0.0,206.69,206.75,202.26,202.06666666666666,0.0,0.0
48,0.0,0.0,0.0,1.0,1.0,0.0,0.0,1.0,0.0,100.0,1.0,1.1856,26.0,0.0,0.0,0.0,57.999998,100.0,26.0,26.0,26.0,26.0,-0.21744444444444444,-2.8645,-0.07425000000000001,289.871,-2.2870999999999997,-2.68225,-1.2970000000000002,-1.6612,-110.72,215.64,189.924875,0.0,0.0,0.0,0.0,0.0975,-5.498166666666667,-5.498166666666667,-0.5553,-2.3396666666666666,-0.21355555555555572,-3.615,67.154,-0.13340000000000002,-0.6864250000000001,3.3740000000000006,100.0,0.0,1.0,198.36333333333334,0.0,0.0,0.0,0.0,0.0,0.0,0.0,8407.9,0.0,55.0,5.0,242.07,0.0,0.0,0.0,0.0,0.0,0.0,0.0,0.0,2.405999999999999,2.405999999999999,0.0,0.0,0.0,55.0,616.79921,10000.0,85.000001,85.000001,85.000001,85.000001,395.0,0.0,0.0,0.0,1.0,166.665,38.650999999999996,38.650999999999996,54.55,54.55,34.0,-23.0975,5.334,-20.083333333333336,13.0525,0.0,1780.534,2.75,100.0,39.72,38.757,40.063,38.617000000000004,0.0,0.0,0.0,0.0,0.0,0.0,0.0,4353.5,3383.4,3307.75,3327.1,301.9875,304.03633333333335,316.95925,316.45625,22.2457,20.7866,22.2758,21.7576,314.999998,314.999998,324.999988,324.999988,99.5611,99.50901666666667,99.5729,99.55277142857143,-0.09433333333333316,-0.33275,-0.2578333333333333,-0.073,-3.901666666666671,-4.960000000000001,-2.8514999999999997,-2.7485,40.036,30.916,40.224000000000004,36.985,56.46,37.1095,61.114,54.6945,54.354,36.0695,59.613,52.9315,53.449,35.5195,59.429,52.288,0.05900000000000016,-0.35650000000000004,0.07792500000000001,0.07739,0.0,202.54000000000002,199.715,198.36333333333334,198.36333333333334,0.0,0.0
49,0.0,0.0,0.0,1.0,1.0,0.0,0.0,1.0,0.0,100.0,1.0,1.1856,26.0,0.0,0.0,0.0,57.999998,100.0,26.0,26.0,26.0,26.0,-0.44433333333333336,-3.0094000000000003,0.0867,289.001,-2.42835,-2.613875,-1.22755,-1.626,-107.32999999999998,215.595,189.924875,0.0,0.0,0.0,0.0,0.09946666666666666,-5.498166666666667,-5.498166666666667,-0.6188,1.3766666666666667,-0.20144444444444431,2.386,65.706,-0.2114,-0.7095250000000001,5.460000000000001,100.0,0.0,1.0,193.58333333333331,0.0,0.0,0.0,0.0,0.0,0.0,0.0,8205.3,0.0,55.0,5.0,236.87333333333333,1.0,0.0,0.0,0.0,0.0,0.0,0.0,0.0,2.4570000000000007,2.4570000000000007,0.0,0.0,1.0,55.0,616.79921,10000.0,85.000001,85.000001,85.000001,85.000001,395.0,0.0,0.0,0.0,1.0,333.33500000000004,33.599999999999994,33.599999999999994,56.0,56.0,34.0,-41.015,7.41,-22.976666666666667,5.859999999999999,0.0,1780.481,2.990000000000002,100.0,41.438,39.252,37.794,35.419,0.0,0.0,0.0,0.0,0.0,0.0,0.0,5325.75,4877.6,3326.875,2981.5,298.834,299.2576666666667,316.97275,317.7045,22.2567,20.793,22.2848,21.7651,314.999998,314.999998,324.999988,324.999988,99.56148571428571,99.50945,99.57311428571428,99.55297142857142,-0.16033333333333322,-0.39774999999999994,-0.41200000000000003,-0.21283333333333335,-3.1000000000000014,-3.9299999999999997,-3.1014999999999997,-3.2635000000000005,40.104,30.9565,40.28,37.032,56.632,37.3595,61.17,54.757999999999996,54.516,36.3,59.667500000000004,52.992,53.602000000000004,35.7385,59.481,52.346666666666664,0.07100000000000017,-0.383,0.081095,0.07946500000000001,0.0,199.89,198.055,193.92000000000002,193.25,0.0,0.0
50,0.0,0.0,0.0,1.0,1.0,0.0,0.0,1.0,0.0,100.0,1.0,1.1856,26.0,0.0,0.0,0.0,57.999998,100.0,26.0,26.0,26.0,26.0,-0.5931111111111111,-2.8717,0.3627,287.186,-2.39915,-2.62125,-1.3866,-1.6009,-103.82999999999998,215.5375,189.92875,0.0,0.0,0.0,0.0,0.1015,-5.498166666666667,-5.498166666666667,-0.44430000000000003,1.7683333333333335,-0.24655555555555564,-3.808,64.166,-0.2877,-0.656625,5.3420000000000005,100.0,0.0,1.0,191.0,0.0,0.0,0.0,0.0,0.0,0.0,0.0,8095.8,0.0,55.0,5.0,231.31333333333333,0.0,0.0,0.0,0.0,0.0,0.0,1.0,0.0,2.5109999999999992,2.5109999999999992,0.0,0.0,0.0,55.0,616.79921,10000.0,85.000001,85.000001,85.000001,85.000001,395.0,0.0,0.0,0.0,1.0,166.665,34.79,34.79,51.697,51.697,34.0,-37.0225,4.640000000000001,-44.14666666666667,7.58,0.0,1780.429,3.030000000000001,100.0,41.874,40.266999999999996,39.391,36.664,0.0,0.0,0.0,0.0,0.0,0.0,0.0,4976.75,4161.5,4586.75,4231.0,300.0035,301.59766666666667,313.85625,314.29875,22.2683,20.8007,22.295099999999998,21.774,314.999998,314.999998,324.999988,324.999988,99.56185714285715,99.50983333333333,99.57337142857143,99.5532,-0.18966666666666665,-0.43399999999999994,-0.4451666666666667,-0.2813333333333333,-3.3299999999999983,-4.049999999999997,-2.2640000000000002,-2.0520000000000005,40.177,31.0045,40.344,37.0875,56.805,37.597,61.25,54.8445,54.678,36.519,59.744,53.075,53.754999999999995,35.948499999999996,59.5545,52.427,0.0674999999999999,-0.3820000000000001,0.08014500000000001,0.075715,0.0,194.89,192.925,191.15,190.85,0.0,0.0
51,0.0,0.0,0.0,1.0,1.0,0.0,0.0,1.0,0.0,100.0,1.0,1.1856,26.0,0.0,0.0,0.0,57.999998,100.0,26.0,26.0,26.0,26.0,-0.6242222222222222,-2.7846,0.13040000000000002,289.017,-2.25615,-2.98,-1.2597,-1.7282000000000002,-100.97,215.47750000000002,189.93925,0.0,0.0,0.0,0.0,0.10316666666666668,-5.498166666666667,-5.498166666666667,-0.3834,2.1566666666666667,-0.37988888888888894,-0.4570000000000001,62.935,-0.29000000000000004,-0.691575,6.0600000000000005,100.0,0.0,1.0,186.01333333333332,0.0,0.0,0.0,0.0,0.0,0.0,0.0,7884.5,0.0,55.0,5.0,226.87666666666667,1.0,0.0,0.0,0.0,0.0,0.0,1.0,0.0,2.556000000000001,2.556000000000001,0.0,0.0,1.0,55.0,616.79921,10000.0,85.000001,85.000001,85.000001,85.000001,395.0,0.0,0.0,0.0,1.0,333.33500000000004,35.248000000000005,35.248000000000005,54.611,54.611,34.0,-45.87,1.4440000000000026,-32.946666666666665,4.09,0.0,1780.384,4.699999999999999,100.0,42.465,39.632,40.261,35.699,0.0,0.0,0.0,0.0,0.0,0.0,0.0,5223.5,3410.3,3797.125,2856.9,299.1085,303.44466666666665,315.8815,318.04625,22.2782,20.8064,22.3036,21.7809,314.999998,314.999998,324.999988,324.999988,99.56217142857143,99.51015,99.57355714285714,99.55335714285714,-0.31933333333333325,-0.5785,-0.4956666666666667,-0.29783333333333334,-3.164999999999999,-4.609999999999999,-2.6450000000000005,-3.183,40.239,31.04,40.397999999999996,37.1305,56.952,37.7875,61.3075,54.8975,54.815,36.6945,59.7995,53.126,53.885,36.1155,59.6075,52.476,0.19200000000000017,-0.5095000000000001,0.07916500000000001,0.08990500000000001,0.0,191.505,187.91500000000002,186.72333333333333,185.30333333333334,0.0,0.0
52,0.0,0.0,0.0,1.0,1.0,0.0,0.0,1.0,0.0,100.0,1.0,1.1856,26.0,0.0,0.0,0.0,57.999998,98.39333333333333,26.0,26.0,26.0,26.0,-0.6293333333333333,-2.6415,-0.2029,292.999,-2.2567,-2.859125,-1.3945,-1.5725,-97.79999999999998,215.39499999999998,189.953,0.0,0.0,0.0,0.0,0.10503333333333333,-5.498166666666667,-5.498166666666667,-0.4035,-3.854333333333333,-0.21755555555555572,3.1959999999999997,61.589,-0.3242,-0.678825,6.780000000000001,100.0,0.0,1.0,182.02,0.0,0.0,0.0,0.0,0.0,0.0,0.0,7715.1,0.0,55.0,5.0,222.01666666666668,0.0,0.0,0.0,0.0,0.0,0.0,1.0,0.0,2.6069999999999993,2.6069999999999993,0.0,0.0,0.0,55.0,616.79921,10000.0,85.000001,85.000001,85.000001,85.000001,395.0,0.0,0.0,0.0,1.0,166.665,41.962,41.962,58.685,58.685,34.0,-29.6025,-0.08400000000000318,-25.903333333333336,1.0024999999999995,0.0,1780.333,6.18,100.0,39.983000000000004,35.063,39.048,35.254,0.0,0.0,0.0,0.0,0.0,0.0,0.0,3844.75,2598.2,2964.25,3296.0,303.2995,306.7656666666667,317.682,316.7665,22.2883,20.811,22.3128,21.7887,314.999998,314.999998,324.999988,324.999988,99.56251428571429,99.51053333333333,99.57377142857143,99.55355714285714,-0.4783333333333333,-0.7012499999999999,-0.5743333333333334,-0.3815,-4.118333333333332,-9.125,-2.9195,-2.6485000000000003,40.302,31.069,40.455,37.1795,57.102000000000004,38.01,61.3685,54.968,54.957,36.897999999999996,59.858000000000004,53.193,54.019999999999996,36.308,59.6635,52.541,0.3285,-0.601,0.07652,0.08067500000000001,0.0,185.41,175.09,182.02,182.02,0.0,0.0
53,0.0,0.0,0.0,1.0,1.0,0.0,0.0,1.0,0.0,100.0,1.0,1.1856,26.0,0.0,0.0,0.0,57.999998,100.0,26.0,26.0,26.0,26.0,-0.7235555555555555,-2.8414,-0.14055,295.776,-2.34875,-2.789625,-1.21,-1.6267,-94.50999999999999,215.29500000000002,189.961875,0.0,0.0,0.0,0.0,0.10693333333333332,-5.498166666666667,-5.498166666666667,-0.5892000000000001,-1.2136666666666667,-0.16133333333333333,-0.7929999999999999,60.141999999999996,-0.4577,-0.715025,10.978000000000002,100.0,0.0,1.0,174.51,0.0,0.0,0.0,0.0,0.0,0.0,0.0,7396.9,0.0,55.0,5.0,216.84,1.0,0.0,0.0,0.0,0.0,0.0,1.0,0.0,2.6610000000000014,2.6610000000000014,0.0,0.0,1.0,55.0,616.79921,10000.0,85.000001,85.000001,85.000001,85.000001,395.0,0.0,0.0,0.0,1.0,166.665,40.099999999999994,40.099999999999994,63.293,63.293,34.0,-42.8925,-1.1920000000000002,-15.346666666666664,-1.3424999999999994,0.0,1780.28,7.805,100.0,38.965,34.715,34.624,29.395,0.0,0.0,0.0,0.0,0.0,0.0,0.0,4537.0,3558.0,2399.875,1961.0,301.359,303.65833333333336,319.25875,320.2,22.2985,20.8166,22.3215,21.7958,314.999998,314.999998,324.999988,324.999988,99.5629,99.51115,99.57398571428571,99.55372857142856,-0.6226666666666667,-0.81325,-0.775,-0.5700000000000001,-3.9266666666666694,-7.875,-4.3255,-5.035,40.366,31.104,40.509,37.2235,57.272999999999996,38.36,61.419,55.0185,55.117999999999995,37.2195,59.906,53.2415,54.172,36.6135,59.709,52.588,0.47350000000000003,-0.7355,0.07880000000000001,0.09005500000000001,0.0,181.885,174.05,175.53,173.49,0.0,0.0
54,0.0,0.0,0.0,1.0,1.0,0.0,0.0,1.0,0.0,100.0,1.0,1.1856,26.0,0.0,0.0,0.0,57.999998,100.0,26.0,26.0,26.0,26.0,-1.0541111111111112,-2.8466,-0.0285,294.495,-2.2016,-2.91125,-1.0395,-1.7677,-91.84,215.195,189.965625,0.0,0.0,0.0,0.0,0.1085,-5.498166666666667,-5.498166666666667,-0.5643,1.2186666666666666,-0.33966666666666656,-5.242,58.857,-0.6355000000000001,-0.6797000000000001,12.925999999999998,100.0,0.0,1.0,173.07999999999998,0.0,0.0,0.0,0.0,0.0,0.0,0.0,7336.2,0.0,55.0,5.0,212.20666666666668,0.0,0.0,0.0,0.0,0.0,0.0,1.0,0.0,2.7059999999999995,2.7059999999999995,0.0,0.0,0.0,55.0,616.79921,10000.0,85.000001,85.000001,85.000001,85.000001,395.0,0.0,0.0,0.0,1.0,333.33500000000004,39.001000000000005,39.001000000000005,61.34,61.34,34.0,-53.5725,-2.8699999999999974,-45.41,-5.2425,0.0,1780.233,6.445,100.0,40.182,35.266,34.229,27.344,0.0,0.0,0.0,0.0,0.0,0.0,0.0,5055.625,3187.1,3927.5,2371.4,299.7045,304.51933333333335,315.586,319.11175,22.3076,20.8217,22.3292,21.8018,314.999998,314.999998,324.999988,324.999988,99.56321428571428,99.51155,99.57421428571429,99.55391428571428,-0.6103333333333332,-0.81425,-0.9976666666666667,-0.7991666666666667,-3.4099999999999966,-5.596666666666671,-2.8914999999999997,-4.112,40.423,31.1355,40.557,37.2615,57.418,38.583,61.4905,55.085499999999996,55.253,37.424,59.9755,53.3055,54.301,36.8085,59.775999999999996,52.650333333333336,0.3679999999999999,-0.6404999999999998,0.073355,0.08751500000000001,0.0,179.04500000000002,173.865,174.68333333333334,171.47666666666666,0.0,0.0
55,0.0,0.0,0.0,1.0,1.0,0.0,0.0,1.0,0.0,100.0,1.0,1.1856,26.0,0.0,0.0,0.0,57.999998,100.0,26.0,26.0,26.0,26.0,-1.1552222222222222,-2.5635000000000003,0.1053,295.486,-2.05645,-3.387375,-0.96355,-1.8545,-88.88,215.06,189.972375,0.0,0.0,0.0,0.0,0.11023333333333334,-5.498166666666667,-5.498166666666667,-0.5261,-0.17766666666666686,-0.46144444444444455,0.7760000000000002,57.496,-0.6947,-0.6842750000000001,11.594000000000001,100.0,0.0,1.0,169.3,0.0,0.0,0.0,0.0,0.0,0.0,0.0,7176.0,0.0,55.0,5.0,207.29,1.0,0.0,0.0,0.0,0.0,0.0,1.0,0.0,2.756999999999998,2.756999999999998,0.0,0.0,1.0,55.0,616.79921,10000.0,85.000001,85.000001,85.000001,85.000001,395.0,0.0,0.0,0.0,1.0,333.33500000000004,41.214,41.214,62.973,62.973,34.0,-61.07,-0.3100000000000023,-46.263333333333335,-6.827500000000001,0.0,1780.183,7.390000000000001,100.0,40.778,33.647999999999996,36.012,26.463,0.0,0.0,0.0,0.0,0.0,0.0,0.0,5168.0,1908.1,3786.625,2354.9,299.39,308.5443333333333,315.78425,319.15075,22.3183,20.8266,22.3385,21.8087,314.999998,314.999998,324.999988,324.999988,99.56357142857142,99.5119,99.57445714285714,99.55411428571429,-0.7966666666666666,-1.01975,-1.0826666666666667,-0.902,-3.3800000000000026,-8.729999999999997,-2.76,-3.8609999999999998,40.489,31.166,40.615,37.3045,57.581,38.794,61.573,55.153,55.408,37.6165,60.0565,53.3695,54.448,36.9895,59.8555,52.711666666666666,0.41800000000000015,-0.6935000000000002,0.069245,0.08709,0.0,174.875,163.38,170.69,167.90666666666667,0.0,0.0
56,0.0,0.0,0.0,1.0,1.0,0.0,0.0,1.0,0.0,100.0,1.0,1.1856,26.0,0.0,0.0,0.0,57.999998,91.71000000000001,26.0,26.0,26.0,26.0,-1.025,-2.342,-0.32635000000000003,299.271,-2.0267999999999997,-3.184,-1.1765,-1.9311,-85.81,214.89,189.97875,0.0,0.0,0.0,0.0,0.112,-5.498166666666667,-5.498166666666667,-0.6336,-3.6879999999999997,-0.20966666666666667,4.2620000000000005,56.2,-0.7116,-0.691625,11.48,100.0,0.0,1.0,164.88333333333333,0.0,0.0,0.0,0.0,0.0,0.0,0.0,6988.8,0.0,55.0,5.0,202.6,0.0,0.0,0.0,0.0,0.0,0.0,1.0,0.0,2.811,2.811,0.0,0.0,0.0,55.0,616.79921,10000.0,85.000001,85.000001,85.000001,85.000001,395.0,0.0,0.0,0.0,1.0,166.665,45.638999999999996,45.638999999999996,68.008,68.008,34.0,-46.7775,-2.4780000000000015,-23.62,-6.5075,0.0,1780.129,10.555,100.0,38.847,29.573,33.934,26.291,0.0,0.0,0.0,0.0,0.0,0.0,0.0,4063.375,1931.0,2500.0,1975.6,302.62,308.891,318.89975,319.85925,22.3289,20.8305,22.3474,21.816,314.999998,314.999998,324.999988,324.999988,99.56395714285715,99.51221666666666,99.5747,99.5543,-1.085,-1.2570000000000001,-1.1503333333333332,-0.9396666666666667,-3.8699999999999974,-6.858333333333327,-3.692,-3.4285000000000005,40.555,31.1905,40.671,37.35,57.745999999999995,38.9915,61.6395,55.2195,55.564,37.795500000000004,60.121,53.4325,54.598,37.1575,59.918,52.772,0.6670000000000003,-0.8965000000000001,0.08455,0.09407,0.0,170.0,163.10500000000002,165.19,164.57333333333332,0.0,0.0
57,0.0,0.0,0.0,1.0,1.0,0.0,0.0,1.0,0.0,100.0,1.0,1.1856,26.0,0.0,0.0,0.0,57.999998,98.46666666666667,26.0,26.0,26.0,26.0,-1.1003333333333334,-2.4939999999999998,-0.2901,300.735,-2.19765,-3.036375,-0.96965,-1.7471,-83.32,214.73000000000002,189.978625,0.0,0.0,0.0,0.0,0.11346666666666667,-5.498166666666667,-5.498166666666667,-0.7756000000000001,-1.9893333333333336,-0.08044444444444432,1.62,55.128,-0.7975,-0.690775,14.661999999999999,70.0,0.0,1.0,158.32,0.0,0.0,0.0,0.0,0.0,0.0,0.0,6887.4,0.0,55.0,0.0,198.76333333333332,1.0,0.0,0.0,0.0,0.0,0.0,1.0,0.0,2.855999999999998,2.855999999999998,0.0,0.0,1.0,55.0,616.79921,10000.0,85.000001,85.000001,85.000001,85.000001,395.0,0.0,0.0,0.0,1.0,333.33500000000004,44.8,44.8,68.68,68.68,34.0,-48.29,-4.778000000000006,-21.163333333333334,-1.1850000000000005,0.0,1780.083,11.585,100.0,37.11,29.693,31.629,22.664,0.0,0.0,33.0,0.0,0.0,0.0,0.0,4365.5,2736.6,2350.375,1343.5,301.8245,306.2676666666667,319.23175,321.71075,22.3371,20.8344,22.3545,21.8213,314.999998,314.999998,324.999988,324.999988,99.56427142857143,99.51253333333334,99.57487142857143,99.55442857142857,-1.2023333333333333,-1.35975,-1.3045,-1.0963333333333334,-4.278333333333329,-6.835000000000001,-3.9465000000000003,-7.2295,40.607,31.215,40.716,37.3835,57.887,39.1795,61.6905,55.2555,55.697,37.967,60.17,53.467,54.725,37.319,59.9655,52.805,0.7865000000000002,-1.0125000000000002,0.08286500000000001,0.093155,0.0,166.32,160.46,161.7,154.94,0.0,0.0
58,0.0,0.0,0.0,1.0,1.0,0.0,0.0,1.0,0.0,100.0,1.0,1.1856,26.0,0.0,0.0,0.0,57.999998,100.0,26.0,26.0,26.0,26.0,-1.3232222222222223,-2.6572,0.11,299.835,-2.0754,-3.139125,-0.86545,-1.8138,-80.54999999999998,214.525,189.974,0.0,0.0,0.0,0.0,0.11510000000000001,-5.498166666666667,-5.498166666666667,-0.7915000000000001,0.05033333333333334,-0.18866666666666676,-3.886,53.795,-1.0275,-0.6494,18.074,0.0,0.0,0.0,155.21666666666667,0.0,0.0,0.0,0.0,0.0,0.0,0.0,8688.2,0.0,55.0,0.0,193.99666666666667,0.0,0.0,0.0,0.0,0.0,0.0,1.0,0.0,2.907,2.907,0.0,0.0,0.0,55.0,616.79921,10000.0,85.000001,85.000001,85.000001,85.000001,395.0,0.0,0.0,0.0,1.0,166.665,43.579,43.579,68.054,68.054,34.0,-59.9275,-0.43200000000000216,-42.60666666666667,-1.8224999999999998,0.0,1780.032,8.260000000000002,100.0,37.847,30.125,30.64,20.652,0.0,0.0,31.625,0.0,0.0,0.0,0.0,4956.875,2565.4,3419.5,1784.4,300.126,306.7563333333333,316.779,320.577,22.346899999999998,20.839199999999998,22.3627,21.8275,314.999998,314.999998,324.999988,324.999988,99.56465714285714,99.51293333333334,99.57511428571429,99.55468571428571,-1.045,-1.213,-1.6223333333333332,-1.4453333333333334,-3.7716666666666683,-9.14333333333333,-3.2700000000000005,-7.621,40.668,31.244999999999997,40.766999999999996,37.422,58.056,39.414,61.765,55.3545,55.855999999999995,38.1805,60.243,53.561,54.876,37.5205,60.0375,52.89566666666667,0.5335000000000001,-0.7650000000000001,0.06737,0.09324500000000001,0.0,163.485,152.61,159.40666666666667,151.02666666666667,0.0,0.0
59,0.0,0.0,0.0,1.0,1.0,0.0,0.0,1.0,0.0,100.0,1.0,1.1856,26.0,0.0,0.0,0.0,57.999998,100.0,26.0,26.0,26.0,26.0,-1.678111111111111,-1.8502,0.15910000000000002,298.828,-1.5205,-3.27975,-0.76525,-1.9286,-77.85,214.29500000000002,189.97025,0.0,0.0,0.0,0.0,0.11666666666666668,-5.498166666666667,-5.498166666666667,-0.7699,1.3953333333333333,-0.2967777777777778,1.646,52.559,-1.0857,-0.6691750000000001,15.701999999999998,81.2,0.0,0.0,156.92666666666668,0.0,0.0,0.0,0.0,0.0,0.0,0.0,7527.4,0.0,55.0,4.0,189.53,1.0,0.0,0.0,0.0,0.0,0.0,1.0,0.0,2.9579999999999984,2.9579999999999984,0.0,0.0,1.0,55.0,616.79921,10000.0,85.000001,85.000001,85.000001,85.000001,395.0,0.0,0.0,0.0,1.0,333.33500000000004,42.099000000000004,42.099000000000004,69.382,69.382,34.0,-84.555,-2.8359999999999985,-40.806666666666665,-11.09,0.0,1779.982,7.41,100.0,40.03,29.593,32.449,19.872999999999998,0.0,0.0,0.0,0.0,0.0,0.0,0.0,5991.875,1993.9,3515.25,1769.4,296.92,308.48633333333333,316.4525,320.65575,22.3574,20.8435,22.3715,21.8338,314.999998,314.999998,324.999988,324.999988,99.56502857142857,99.51326666666667,99.57537142857143,99.5549,-1.1320000000000001,-1.29475,-1.7306666666666668,-1.5241666666666667,-3.1683333333333294,-6.755000000000003,-3.6755000000000004,-3.6515000000000004,40.734,31.272,40.822,37.461,58.225,39.6165,61.8535,55.434,56.018,38.365,60.33,53.636,55.034,37.6935,60.123,52.968,0.4255,-0.6705000000000001,0.07789,0.09591500000000001,0.0,160.695,152.425,157.56333333333333,156.28666666666666,0.0,0.0
60,0.0,0.0,0.0,1.0,1.0,0.0,0.0,1.0,0.0,100.0,1.0,1.1856,26.0,0.0,0.0,0.0,57.999998,99.0,26.0,26.0,26.0,26.0,-1.6056666666666666,-2.3147,0.06935000000000001,299.088,-1.7389999999999999,-3.4695,-0.5831999999999999,-1.7298,-75.35999999999999,214.04500000000002,189.9695,0.0,0.0,0.0,0.0,0.11813333333333333,-5.498166666666667,-5.498166666666667,-0.6737000000000001,1.043,-0.07511111111111157,5.965,51.412,-1.0003,-0.609225,13.302,86.0,0.0,0.0,152.42666666666668,0.0,0.0,0.0,0.0,0.0,0.0,0.0,7149.7,0.0,55.0,4.0,185.42000000000002,0.0,0.0,0.0,0.0,0.0,0.0,0.0,0.0,3.0060000000000002,3.0060000000000002,0.0,0.0,0.0,55.0,616.79921,10000.0,85.000001,85.000001,85.000001,85.000001,395.0,0.0,0.0,0.0,1.0,166.665,43.854,43.854,69.717,69.717,34.0,-73.7475,-0.22800000000000153,-24.88,-12.3125,0.0,1779.934,9.495000000000001,100.0,40.306,28.226,32.341,20.705,0.0,0.0,0.0,0.0,0.0,0.0,0.0,5299.375,1847.1999999999998,3459.625,2376.5,298.9385,309.29066666666665,316.63175,319.0995,22.3674,20.8471,22.3795,21.84,314.999998,314.999998,324.999988,324.999988,99.56538571428571,99.51353333333333,99.57565714285714,99.55504285714285,-1.3153333333333332,-1.4717500000000001,-1.6236666666666668,-1.4383333333333332,-3.5233333333333263,-9.26833333333333,-5.127000000000001,-4.548,40.797,31.294,40.872,37.5,58.385999999999996,39.7745,61.947,55.486,56.172,38.508,60.422,53.6855,55.183,37.8275,60.2145,53.01533333333333,0.5825,-0.8109999999999999,0.074505,0.09773000000000001,0.0,156.57,145.17000000000002,152.53666666666666,152.32,0.0,0.0
61,0.0,0.0,0.0,1.0,1.0,0.0,0.0,1.0,0.0,100.0,1.0,1.1856,26.0,0.0,0.0,0.0,57.999998,100.0,26.0,26.0,26.0,26.0,-1.3283333333333334,-2.6458000000000004,0.0032500000000000003,299.622,-1.97375,-3.22925,-0.7876,-1.5194,-72.78999999999999,213.755,189.971375,0.0,0.0,0.0,0.0,0.11963333333333333,-5.498166666666667,-5.498166666666667,-0.6564,0.601,0.11833333333333318,2.1870000000000003,50.141,-0.8646,-0.62705,13.728000000000002,91.1,0.0,0.0,144.25333333333333,0.0,0.0,0.0,0.0,0.0,0.0,0.0,7239.6,0.0,55.0,4.0,180.8,1.0,0.0,0.0,0.0,0.0,0.0,0.0,0.0,3.0569999999999986,3.0569999999999986,0.0,0.0,1.0,55.0,616.79921,10000.0,85.000001,85.000001,85.000001,85.000001,395.0,0.0,0.0,0.0,1.0,333.33500000000004,43.32,43.32,67.749,67.749,34.0,-61.91,-4.786000000000001,-38.19,-8.45,0.0,1779.883,12.130000000000003,100.0,39.527,29.47,32.369,20.444,0.0,0.0,0.0,0.0,0.0,0.0,0.0,4833.625,2396.5,3269.25,1438.0,300.3255,307.1976666666667,317.11025,321.35325,22.3774,20.8515,22.3879,21.8464,314.999998,314.999998,324.999988,324.999988,99.56577142857142,99.51385,99.57592857142858,99.55518571428571,-1.3733333333333335,-1.5390000000000001,-1.5026666666666668,-1.306,-3.9366666666666674,-6.810000000000002,-3.3840000000000003,-3.4530000000000003,40.859,31.3215,40.925,37.54,58.553,39.9705,62.045,55.533,56.331,38.6855,60.5185,53.731,55.336,37.994,60.31,53.059333333333335,0.8005,-1.0350000000000001,0.07019,0.09607500000000001,0.0,152.01,145.695,144.66333333333333,143.84333333333333,0.0,0.0
62,0.0,0.0,0.0,1.0,1.0,0.0,0.0,1.0,0.0,100.0,1.0,1.1856,26.0,0.0,0.0,0.0,57.999998,100.0,26.0,26.0,26.0,26.0,-1.4045555555555556,-2.3725,0.0436,300.247,-1.9865,-3.18875,-0.81645,-1.8708,-70.28999999999999,213.435,189.97475,0.0,0.0,0.0,0.0,0.1211,-5.498166666666667,-5.498166666666667,-0.6508,-0.4883333333333333,0.14544444444444427,-0.579,48.848,-0.8428,-0.6295000000000001,15.559999999999999,96.2,0.0,0.0,143.93,0.0,0.0,0.0,0.0,0.0,0.0,0.0,6699.6,0.0,55.0,4.0,176.17666666666668,0.0,0.0,0.0,0.0,0.0,0.0,0.0,0.0,3.1080000000000005,3.1080000000000005,0.0,0.0,0.0,55.0,616.79921,10000.0,85.000001,85.000001,85.000001,85.000001,395.0,0.0,0.0,0.0,1.0,166.665,44.144,44.144,68.619,68.619,34.0,-57.91,-0.5300000000000011,-13.95666666666667,-4.762500000000001,0.0,1779.832,13.490000000000002,100.0,38.942,29.183,31.87,19.843,0.0,0.0,0.0,0.0,0.0,0.0,0.0,4742.5,2211.1,3073.0,1677.7,300.683,307.9356666666667,317.508,320.795,22.387,20.8559,22.3962,21.8527,314.999998,314.999998,324.999988,324.999988,99.56614285714285,99.51418333333334,99.57621428571429,99.55535714285715,-1.376,-1.53325,-1.52,-1.3245,-4.096666666666671,-9.078333333333333,-6.119,-5.577500000000001,40.918,31.349,40.976,37.579,58.715,40.1605,62.1455,55.583,56.485,38.8585,60.617,53.778,55.484,38.1565,60.407,53.10466666666667,0.919,-1.145,0.069375,0.09891000000000001,0.0,148.02,138.385,144.21,143.65,0.0,0.0
63,0.0,0.0,0.0,1.0,1.0,0.0,0.0,1.0,0.0,100.0,1.0,1.1856,26.0,0.0,0.0,0.0,57.999998,62.230000000000004,26.0,26.0,26.0,26.0,-1.5092222222222222,-1.9621,-0.03665,301.361,-1.9621,-3.263625,-0.7375,-1.8859,-68.0,213.115,189.978375,0.0,0.0,0.0,0.0,0.12246666666666668,-5.498166666666667,-5.498166666666667,-0.6586000000000001,0.4906666666666667,0.11488888888888882,-0.20199999999999996,47.743,-0.8593000000000001,-0.6201,17.596,100.0,0.0,0.0,141.42,0.0,0.0,0.0,0.0,0.0,0.0,0.0,6916.1,0.0,55.0,4.0,172.12,1.0,0.0,0.0,0.0,0.0,0.0,0.0,0.0,3.155999999999999,3.155999999999999,0.0,0.0,1.0,55.0,616.79921,10000.0,85.000001,85.000001,85.000001,85.000001,395.0,0.0,0.0,0.0,1.0,166.665,45.028999999999996,45.028999999999996,69.717,69.717,34.0,-82.1725,-1.044000000000004,-43.629999999999995,-8.302500000000002,0.0,1779.784,14.055,100.0,38.632,28.525,31.233,18.447,0.0,0.0,0.0,0.0,0.0,0.0,0.0,4710.25,1992.1999999999998,3069.125,1410.1,300.726,308.56766666666664,317.5585,321.5175,22.396,20.8598,22.4039,21.8583,314.999998,314.999998,324.999988,324.999988,99.56645714285715,99.51445,99.57647142857142,99.55545714285714,-1.4006666666666665,-1.55525,-1.6436666666666668,-1.447,-2.3216666666666654,-8.538333333333327,-2.4465000000000003,-3.4785000000000004,40.975,31.374000000000002,41.024,37.6145,58.853,40.3275,62.231,55.6105,56.616,39.01,60.701,53.8045,55.61,38.2985,60.4905,53.129666666666665,0.968,-1.1915,0.074385,0.10119500000000001,0.0,147.5,137.265,142.92333333333335,139.91333333333333,0.0,0.0
64,0.0,0.0,0.0,1.0,1.0,0.0,0.0,1.0,0.0,100.0,1.0,1.1856,26.0,0.0,0.0,0.0,57.999998,23.256666666666664,26.0,26.0,26.0,26.0,-1.744,-0.9198,0.0028,302.139,-1.84555,-3.39525,-0.65435,-2.0116,-65.60999999999999,212.7425,189.98175,0.0,0.0,0.0,0.0,0.12386666666666668,-5.498166666666667,-5.498166666666667,-0.5722,2.5486666666666666,0.01200000000000001,-2.588,47.036,-0.8533000000000001,-0.5316500000000001,20.162,100.0,0.0,0.0,142.01333333333332,0.0,0.0,0.0,0.0,0.0,0.0,0.0,6945.3,0.0,55.0,4.0,169.46666666666667,0.0,0.0,0.0,0.0,0.0,0.0,0.0,0.0,3.2070000000000007,3.2070000000000007,0.0,0.0,0.0,55.0,616.79921,10000.0,85.000001,85.000001,85.000001,85.000001,395.0,0.0,0.0,0.0,1.0,166.665,48.569,48.569,68.283,68.283,34.0,-88.4625,-6.828000000000003,-69.09666666666666,-15.79,0.0,1779.733,13.115000000000002,100.0,37.284,26.259,32.237,17.774,0.0,0.0,0.0,0.0,0.0,0.0,0.0,4595.25,1165.6,3849.625,1675.7,301.121,311.10366666666664,315.77,320.87825,22.4054,20.863599999999998,22.4123,21.8644,314.999998,314.999998,324.999988,324.999988,99.56667142857142,99.5146,99.57665714285714,99.55554285714285,-1.2326666666666666,-1.377,-1.7433333333333334,-1.5411666666666668,-0.769999999999996,-1.913333333333327,-0.952,-1.3485,41.034,31.3975,41.077,37.652,58.94,40.413,62.286500000000004,55.626,56.698,39.0875,60.756,53.8185,55.689,38.371,60.545,53.14266666666667,0.919,-1.117,0.08587,0.103455,0.0,147.725,144.425,143.04,140.99,0.0,0.0
65,0.0,0.0,0.0,1.0,1.0,0.0,0.0,1.0,0.0,100.0,1.0,1.1856,26.0,0.0,0.0,0.0,57.999998,3.0050000000000026,26.0,26.0,26.0,26.0,-1.7323333333333335,-0.45419999999999994,-0.01455,302.75,-1.82055,-3.5380000000000003,-0.58775,-2.0845000000000002,-63.25999999999999,212.33249999999998,189.985,0.0,0.0,0.0,0.0,0.1252666666666667,-5.498166666666667,-5.498166666666667,-0.44260000000000005,2.2073333333333336,-0.040999999999999925,0.5289999999999999,46.728,-0.7651,-0.42765000000000003,17.898000000000003,100.0,0.0,0.0,142.11333333333334,0.0,0.0,0.0,0.0,0.0,0.0,0.0,6950.1,0.0,55.0,4.0,168.29666666666668,1.0,0.0,0.0,0.0,0.0,0.0,0.0,0.0,3.257999999999999,3.257999999999999,0.0,0.0,1.0,55.0,616.79921,10000.0,85.000001,85.000001,85.000001,85.000001,395.0,0.0,0.0,0.0,1.0,333.33500000000004,52.628,52.628,66.055,66.055,34.0,-84.69,-4.888000000000005,-74.94666666666667,-18.8275,0.0,1779.681,14.590000000000003,100.0,35.0,22.562,34.739,18.482,0.0,0.0,0.0,0.0,0.0,0.0,0.0,4294.5,778.6999999999998,4104.375,1999.6999999999998,301.978,312.473,315.107,320.07575,22.4147,20.8668,22.4212,21.8706,314.999998,314.999998,324.999988,324.999988,99.56681428571429,99.51463333333334,99.57685714285714,99.55562857142857,-1.3093333333333335,-1.4245,-1.6051666666666669,-1.4161666666666668,-0.11666666666666714,-0.48833333333332973,-0.4045000000000001,-0.3810000000000002,41.092,31.4175,41.132,37.691,59.006,40.4305,62.348,55.6365,56.762,39.103,60.817,53.8285,55.75,38.385,60.6055,53.151666666666664,1.0100000000000002,-1.173,0.08692000000000001,0.09882500000000001,0.0,147.635,145.66,142.79333333333332,141.43666666666667,0.0,0.0
66,0.0,0.0,0.0,1.0,1.0,0.0,0.0,1.0,0.0,100.0,1.0,1.1856,26.0,0.0,0.0,0.0,57.999998,0.0,26.0,26.0,26.0,26.0,-1.3797777777777778,0.5017,-0.02705,303.375,-1.99355,-3.450375,-0.7059,-2.0427,-60.91999999999999,211.88,189.98825,0.0,0.0,0.0,0.0,0.12666666666666668,-5.498166666666667,-5.498166666666667,-0.3537,1.9016666666666666,0.06555555555555559,4.07,46.712,-0.7123,-0.347725,17.421999999999997,100.0,0.0,0.0,146.10333333333332,0.0,0.0,0.0,0.0,0.0,0.0,0.0,7145.2,0.0,55.0,4.0,168.13666666666666,0.0,0.0,0.0,0.0,0.0,0.0,0.0,0.0,3.309000000000001,3.309000000000001,0.0,0.0,0.0,55.0,616.79921,10000.0,85.000001,85.000001,85.000001,85.000001,395.0,0.0,0.0,0.0,1.0,166.665,56.335,56.335,63.614,63.614,34.0,-75.03999999999999,-6.741999999999997,-61.77333333333333,-16.497500000000002,0.0,1779.631,17.994999999999997,100.0,31.659,20.065,36.394,20.078,0.0,0.0,100.0,0.0,0.0,0.0,0.0,3703.75,821.6999999999998,3921.25,2563.6,303.69,312.37233333333336,315.47025,318.75125,22.4237,20.8698,22.4301,21.8771,314.999998,314.999998,324.999988,324.999988,99.56697142857143,99.51466666666667,99.57702857142857,99.55572857142857,-1.5623333333333334,-1.6545,-1.5478333333333334,-1.3286666666666667,-0.07833333333332604,-0.10166666666666657,2.016,2.9805,41.147999999999996,31.436500000000002,41.188,37.7315,59.07,40.443,62.407,55.6605,56.823,39.114,60.876,53.851,55.808,38.3955,60.664500000000004,53.172666666666665,1.2985000000000002,-1.4295,0.1058,0.11991500000000001,0.0,147.565,146.06,146.10333333333332,146.10333333333332,0.0,0.0
67,0.0,0.0,0.0,1.0,1.0,0.0,0.0,1.0,0.0,100.0,1.0,1.1856,26.0,0.0,0.0,0.0,57.999998,0.0,26.0,26.0,26.0,26.0,-1.4473333333333334,0.5171000000000001,-0.0732,303.94,-2.15385,-3.37475,-0.80025,-1.9926,-58.72,211.42000000000002,189.990625,0.0,0.0,0.0,0.0,0.12796666666666667,-5.498166666666667,-5.498166666666667,-0.2837,0.713,0.12777777777777777,-1.33,46.949,-0.7366,-0.2713,17.804000000000002,100.0,0.0,0.0,146.73333333333332,0.0,0.0,0.0,0.0,0.0,0.0,0.0,7176.1,0.0,55.0,4.0,168.98666666666668,1.0,0.0,0.0,0.0,0.0,0.0,0.0,0.0,3.3569999999999993,3.3569999999999993,0.0,0.0,1.0,55.0,616.79921,10000.0,85.000001,85.000001,85.000001,85.000001,395.0,0.0,0.0,0.0,1.0,166.665,59.799,59.799,61.752,61.752,34.0,-69.4,-6.660000000000004,-64.07,-18.1575,0.0,1779.583,21.79,100.0,28.052,17.937,37.226,22.661,0.0,0.0,100.0,0.0,0.0,0.0,0.0,3432.5,683.2999999999997,3995.125,2696.3,304.6835,312.772,315.335,318.265,22.4316,20.872700000000002,22.4384,21.8836,314.999998,314.999998,324.999988,324.999988,99.56712857142857,99.5147,99.57722857142858,99.55587142857142,-1.8776666666666666,-1.94475,-1.5525,-1.3271666666666668,-0.08833333333333115,-0.14000000000000057,1.9675,2.9495,41.197,31.454,41.24,37.772,59.129999999999995,40.459,62.4725,55.718,56.879999999999995,39.1285,60.9405,53.905,55.863,38.408500000000004,60.7275,53.224000000000004,1.6305,-1.7235,0.10500500000000001,0.12112500000000001,0.0,148.24,146.68,146.73333333333332,146.73333333333335,0.0,0.0
68,0.0,0.0,0.0,1.0,1.0,0.0,0.0,1.0,0.0,100.0,1.0,1.1856,26.0,0.0,0.0,0.0,57.999998,0.0,26.0,26.0,26.0,26.0,-1.464,0.5128000000000001,-0.10005,304.916,-2.1399,-3.6155,-0.7481,-2.0698,-56.379999999999995,210.895,189.99175,0.0,0.0,0.0,0.0,0.12936666666666669,-5.498166666666667,-5.498166666666667,-0.2713,-0.2286666666666668,0.0715555555555556,2.024,47.189,-0.7943,-0.21835000000000002,19.78,100.0,0.0,0.0,147.76,0.0,0.0,0.0,0.0,0.0,0.0,0.0,7226.2,0.0,55.0,4.0,169.85333333333332,0.0,0.0,0.0,0.0,0.0,0.0,0.0,0.0,3.4080000000000013,3.4080000000000013,0.0,0.0,0.0,55.0,616.79921,10000.0,85.000001,85.000001,85.000001,85.000001,395.0,0.0,0.0,0.0,1.0,166.665,62.622,62.622,63.034,63.034,34.0,-77.47,0.0,-67.32666666666667,-15.84,0.0,1779.532,26.805,100.0,26.822,15.167,38.383,23.535,0.0,0.0,100.0,0.0,0.0,0.0,0.0,3819.375,0.0,4148.25,2324.3,303.494,315.0,314.9635,319.2975,22.4402,20.8756,22.4473,21.8902,314.999998,314.999998,324.999988,324.999988,99.56734285714286,99.51473333333334,99.57745714285714,99.55602857142857,-2.239,0.0,-1.6873333333333334,-1.4696666666666667,-0.1216666666666697,0.0,2.1235,3.24,41.251,31.4725,41.296,37.8135,59.217,40.461,62.551,55.7685,56.963,39.13,61.0175,53.9525,55.941,38.4095,60.804,53.269,1.999,-2.077,0.10075500000000001,0.11512000000000001,0.0,149.0,147.07999999999998,147.76,147.76,0.0,0.0
69,0.0,0.0,0.0,1.0,1.0,0.0,0.0,1.0,0.0,100.0,1.0,1.1856,26.0,0.0,0.0,0.0,57.999998,81.155,26.0,26.0,26.0,26.0,-2.221,-0.6349,0.05185,303.177,-2.07265,-3.52975,-0.876,-1.9594,-54.16999999999999,210.3625,189.9905,0.0,0.0,0.0,0.0,0.1307,-5.498166666666667,-5.498166666666667,-0.31220000000000003,-1.0403333333333333,0.18199999999999994,-3.3920000000000003,47.327,-0.801,-0.23067500000000002,21.988000000000003,100.0,0.0,0.0,142.10666666666665,0.0,0.0,0.0,0.0,0.0,0.0,0.0,6949.8,0.0,55.0,4.0,170.54333333333332,1.0,0.0,0.0,0.0,0.0,0.0,0.0,0.0,3.4559999999999995,3.4559999999999995,0.0,0.0,1.0,55.0,616.79921,10000.0,85.000001,85.000001,85.000001,85.000001,395.0,0.0,0.0,0.0,1.0,333.33500000000004,60.028,60.028,62.836,62.836,34.0,-62.475,-6.868000000000002,-69.16333333333333,-32.49,0.0,1779.483,31.995000000000005,100.0,26.804,14.245,38.656,24.853,0.0,0.0,0.0,0.0,0.0,0.0,0.0,4433.375,949.5999999999999,3833.375,2803.7,301.81,311.912,315.8345,318.00925,22.4486,20.8784,22.4556,21.8967,314.999998,314.999998,324.999988,324.999988,99.5676,99.51475,99.57767142857143,99.55618571428572,-2.5826666666666664,-2.6327499999999997,-1.7526666666666668,-1.5506666666666669,-3.289999999999999,-4.13666666666667,-1.0225,-0.6579999999999999,41.304,31.490000000000002,41.348,37.854,59.332,40.4705,62.6215,55.8285,57.072,39.1385,61.087,54.009,56.046,38.417,60.8725,53.32266666666666,2.4105,-2.4909999999999997,0.09539,0.114375,0.0,144.12,139.645,142.81333333333333,141.4,0.0,0.0
70,0.0,0.0,0.0,1.0,1.0,0.0,0.0,1.0,0.0,100.0,1.0,1.1856,26.0,0.0,0.0,0.0,57.999998,95.94166666666666,26.0,26.0,26.0,26.0,-1.8552222222222223,-2.2332,0.06810000000000001,302.536,-1.9618499999999999,-3.6710000000000003,-0.5841,-2.1962,-51.859999999999985,209.7575,189.98925,0.0,0.0,0.0,0.0,0.1321,-5.498166666666667,-5.498166666666667,-0.42410000000000003,-1.8690000000000002,0.14022222222222203,3.934,46.343,-0.8350000000000001,-0.318475,25.362,10.0,0.0,0.0,135.10333333333332,0.0,0.0,0.0,0.0,0.0,0.0,0.0,6916.6,0.0,55.0,0.0,167.10333333333332,0.0,0.0,0.0,0.0,0.0,0.0,1.0,0.0,3.506999999999998,3.506999999999998,0.0,0.0,0.0,55.0,616.79921,10000.0,85.000001,85.000001,85.000001,85.000001,395.0,0.0,0.0,0.0,1.0,166.665,54.535,54.535,63.903999999999996,63.903999999999996,34.0,-56.4725,0.921999999999997,-53.763333333333335,-4.780000000000001,0.0,1779.432,32.910000000000004,100.0,30.67,17.041,38.683,20.53,0.0,0.0,55.0,0.0,0.0,0.0,0.0,5214.5,1311.3999999999999,3742.0,1563.3,299.244,310.597,315.92925,321.30175,22.4584,20.8817,22.4643,21.9025,314.999998,314.999998,324.999988,324.999988,99.5681,99.51493333333333,99.5779,99.55628571428572,-2.64,-2.70875,-1.9255,-1.7596666666666667,-4.49666666666667,-11.049999999999997,-2.822,-5.897,41.365,31.511,41.402,37.8905,59.546,40.5865,62.7005,55.8555,57.275,39.2425,61.165,54.0345,56.24,38.5135,60.95,53.346000000000004,2.5095,-2.6174999999999997,0.073245,0.08557500000000001,0.0,140.055,130.995,138.29333333333332,131.91,0.0,0.0
71,0.0,0.0,0.0,1.0,1.0,0.0,0.0,1.0,0.0,100.0,1.0,1.1856,26.0,0.0,0.0,0.0,57.999998,100.0,26.0,26.0,26.0,26.0,-2.0554444444444444,-2.1848,0.052500000000000005,301.849,-1.69415,-3.5071250000000003,-0.6991,-2.051,-49.609999999999985,209.1225,189.989,0.0,0.0,0.0,0.0,0.13346666666666668,-5.498166666666667,-5.498166666666667,-0.5801000000000001,-2.8916666666666666,0.27222222222222214,1.0580000000000003,45.217,-0.9785,-0.46380000000000005,29.86,0.0,0.0,0.0,131.09666666666666,0.0,0.0,0.0,0.0,0.0,0.0,0.0,8648.9,0.0,55.0,0.0,163.07,1.0,0.0,0.0,0.0,0.0,0.0,1.0,0.0,3.558,3.558,0.0,0.0,1.0,55.0,616.79921,10000.0,85.000001,85.000001,85.000001,85.000001,395.0,0.0,0.0,0.0,1.0,166.665,50.278,50.278,69.794,69.794,34.0,-83.57249999999999,0.25,-33.556666666666665,-5.9375,0.0,1779.383,31.855000000000004,100.0,34.172,19.134,36.643,20.07,0.0,0.0,23.375,0.0,0.0,0.0,0.0,6228.375,1351.8,2983.75,1544.0,296.4795,310.63,317.7705,321.12275,22.4683,20.8851,22.4726,21.9086,314.999998,314.999998,324.999988,324.999988,99.56862857142858,99.51513333333334,99.57814285714285,99.55647142857143,-2.5756666666666668,-2.6595,-2.2643333333333335,-2.098,-3.983333333333327,-9.39333333333333,-3.651,-5.8085,41.427,31.532,41.454,37.9285,59.772,40.708,62.783,55.9225,57.489,39.352,61.2465,54.097,56.447,38.615,61.031,53.40566666666667,2.4215,-2.5705,0.07291,0.09137500000000001,0.0,137.59,125.815,133.78,128.41333333333333,0.0,0.0
72,0.0,0.0,0.0,1.0,1.0,0.0,0.0,1.0,0.0,100.0,1.0,1.1856,26.0,0.0,0.0,0.0,57.999998,97.62166666666667,26.0,26.0,26.0,26.0,-1.9408888888888889,-2.1125,0.09955,300.842,-1.6337,-3.64575,-0.5972500000000001,-2.0816,-47.56,208.495,189.991625,0.0,0.0,0.0,0.0,0.13470000000000001,-5.498166666666667,-5.498166666666667,-0.5299,5.900333333333333,0.3294444444444442,2.346,44.166,-1.3109,-0.489675,37.548,81.5,0.0,0.0,127.71666666666667,0.0,0.0,0.0,0.0,0.0,0.0,0.0,7582.4,0.0,55.0,3.0,159.28333333333333,0.0,0.0,0.0,0.0,0.0,0.0,1.0,0.0,3.605999999999998,3.605999999999998,0.0,0.0,0.0,55.0,616.79921,10000.0,85.000001,85.000001,85.000001,85.000001,395.0,0.0,0.0,0.0,1.0,333.33500000000004,45.303,45.303,71.136,71.136,34.0,-89.6875,-0.671999999999997,-34.596666666666664,-8.690000000000001,0.0,1779.332,25.189999999999998,100.0,39.691,23.863,34.275,17.697,0.0,0.0,0.0,0.0,0.0,0.0,0.0,5954.875,1697.7,2946.75,923.3,296.782,309.404,317.9485,322.7765,22.4785,20.8889,22.4801,21.913899999999998,314.999998,314.999998,324.999988,324.999988,99.56914285714285,99.51538333333333,99.5784,99.55658571428572,-2.2066666666666666,-2.33325,-2.9845,-2.833,-3.703333333333326,-8.79333333333333,-2.7735000000000003,-2.6365,41.49,31.555500000000002,41.501,37.9615,59.99,40.863,62.869,55.9585,57.698,39.4915,61.331,54.131,56.649,38.744,61.115,53.437333333333335,1.927,-2.1355000000000004,0.08365500000000001,0.10275500000000001,0.0,135.415,128.265,128.9,126.53333333333333,0.0,0.0
73,0.0,0.0,0.0,1.0,1.0,0.0,0.0,1.0,0.0,100.0,1.0,1.1856,26.0,0.0,0.0,0.0,57.999998,83.76833333333335,26.0,26.0,26.0,26.0,-2.5472222222222225,-1.7564000000000002,0.25385,299.667,-1.7156,-3.591875,-0.5137,-2.233,-45.44999999999999,207.7975,189.997875,0.0,0.0,0.0,0.0,0.136,-5.498166666666667,-5.498166666666667,-0.3326,-0.8296666666666668,0.4044444444444444,-1.745,43.047,-1.4815,-0.41000000000000003,26.89,86.6,0.0,0.0,128.62333333333333,0.0,0.0,0.0,0.0,0.0,0.0,0.0,6948.3,0.0,55.0,3.0,155.32,1.0,0.0,0.0,0.0,0.0,0.0,1.0,0.0,3.657,3.657,0.0,0.0,1.0,55.0,616.79921,10000.0,85.000001,85.000001,85.000001,85.000001,395.0,0.0,0.0,0.0,1.0,166.665,49.408,49.408,62.759,62.759,34.0,-62.7625,0.5140000000000029,-24.433333333333334,-19.142500000000002,0.0,1779.284,22.445,100.0,37.953,23.246,38.5,17.933,0.0,0.0,0.0,0.0,0.0,0.0,0.0,4799.0,850.5999999999999,4486.875,2526.9,300.6475,312.2943333333333,314.1265,318.69,22.4881,20.8922,22.4889,21.92,314.999998,314.999998,324.999988,324.999988,99.56957142857142,99.51553333333334,99.57885714285715,99.55678571428571,-2.5166666666666666,-2.673,-2.9541666666666666,-2.8261666666666665,-3.8399999999999963,-11.406666666666666,-5.584,-4.6205,41.55,31.576,41.556,38.0,60.17,40.964,63.045500000000004,56.036,57.871,39.582,61.5055,54.2035,56.817,38.828,61.289500000000004,53.50633333333333,1.641,-1.8290000000000002,0.069105,0.09352,0.0,131.365,120.815,129.19,128.05333333333334,0.0,0.0
74,0.0,0.0,0.0,1.0,1.0,0.0,0.0,1.0,0.0,100.0,1.0,1.1856,26.0,0.0,0.0,0.0,57.999998,80.36333333333334,26.0,26.0,26.0,26.0,-1.8894444444444445,-1.5388000000000002,-0.20900000000000002,303.574,-1.6727999999999998,-3.6795,-0.5257000000000001,-2.1887,-43.28999999999999,207.02,190.007375,0.0,0.0,0.0,0.0,0.1373666666666667,-5.498166666666667,-5.498166666666667,-0.5345,-3.773666666666667,0.46777777777777785,7.289,42.14,-1.3045,-0.522375,22.362,92.0,0.0,0.0,123.55666666666667,0.0,0.0,0.0,0.0,0.0,0.0,0.0,6713.2,0.0,55.0,3.0,151.99333333333334,0.0,0.0,0.0,0.0,0.0,0.0,1.0,0.0,3.7109999999999985,3.7109999999999985,0.0,0.0,0.0,55.0,616.79921,10000.0,85.000001,85.000001,85.000001,85.000001,395.0,0.0,0.0,0.0,1.0,166.665,50.934,50.934,70.404,70.404,34.0,-50.435,0.18599999999999994,-6.369999999999997,-1.8674999999999997,0.0,1779.229,32.945,100.0,36.718,20.102,36.922,16.948,0.0,0.0,0.0,0.0,0.0,0.0,0.0,5143.25,727.0,2635.375,886.0999999999999,299.667,312.91066666666666,318.51825,322.86825,22.4983,20.8954,22.497799999999998,21.926099999999998,314.999998,314.999998,324.999988,324.999988,99.57005714285714,99.51565,99.57921428571429,99.55691428571429,-3.3243333333333336,-3.4345,-2.673,-2.4873333333333334,-4.008333333333333,-34.265,-6.708,-6.665000000000001,41.614,31.596,41.611,38.038,60.379999999999995,41.0445,63.177,56.069,58.072,39.653999999999996,61.6355,54.2345,57.012,38.894,61.419,53.534666666666666,2.4095000000000004,-2.569,0.07305,0.10011500000000001,0.0,127.92,88.105,124.52333333333333,122.59333333333333,0.0,0.0
75,1.0,0.0,0.0,1.0,1.0,0.0,0.0,1.0,0.0,100.0,1.0,1.1856,26.0,0.0,0.0,0.0,57.999998,87.03,26.0,26.0,26.0,26.0,-2.025666666666667,-2.1818999999999997,0.1562,302.612,-1.80575,-3.509375,-0.73405,-2.0815,-41.53999999999999,206.3475,190.013375,0.0,0.0,0.0,0.0,0.13846666666666668,-5.498166666666667,-5.498166666666667,-0.5933,2.6606666666666667,0.7248888888888889,3.229,41.173,-1.3425,-0.558975,32.236,96.5,0.0,0.0,116.27,0.0,0.0,0.0,0.0,0.0,0.0,0.0,6805.7,0.0,55.0,3.0,148.53666666666666,1.0,0.0,0.0,0.0,0.0,0.0,1.0,0.0,3.7560000000000002,3.7560000000000002,0.0,0.0,1.0,55.0,616.79921,10000.0,85.000001,85.000001,85.000001,85.000001,395.0,0.0,0.0,0.0,1.0,333.33500000000004,45.715,45.715,72.845,72.845,34.0,-63.900000000000006,-9.286000000000001,-11.79333333333333,-3.365,0.0,1779.182,32.69,100.0,37.679,23.113,32.209,15.535,0.0,0.0,0.0,0.0,0.0,0.0,0.0,5998.625,2265.6,2633.125,664.9000000000001,296.932,307.70466666666664,318.742,323.271,22.5071,20.8987,22.5046,21.9311,314.999998,314.999998,324.999988,324.999988,99.57058571428571,99.51605,99.57945714285714,99.557,-3.104,-3.21,-3.074,-2.9143333333333334,-4.225000000000001,-6.25,-5.3629999999999995,-4.7475000000000005,41.669,31.616999999999997,41.653999999999996,38.069,60.6,41.2995,63.2655,56.098,58.282,39.884,61.7225,54.261,57.215,39.108,61.5055,53.56,2.484,-2.6740000000000004,0.073955,0.10372500000000001,0.0,125.625,119.48,118.21000000000001,114.33,0.0,0.0
76,0.0,0.0,0.0,1.0,1.0,0.0,0.0,1.0,0.0,100.0,1.0,1.1856,26.0,0.0,0.0,0.0,57.999998,78.475,26.0,26.0,26.0,26.0,-2.352777777777778,-1.8941,0.0714,302.689,-1.7023,-3.617625,-0.4022,-2.1017,-39.50999999999999,205.515,190.022375,0.0,0.0,0.0,0.0,0.13973333333333332,-5.498166666666667,-5.498166666666667,-0.2932,4.715333333333334,0.6436666666666666,-5.718999999999999,40.075,-1.6095000000000002,-0.367825,33.372,100.0,0.0,0.0,116.83666666666667,0.0,0.0,0.0,0.0,0.0,0.0,0.0,6649.5,0.0,55.0,3.0,144.6,0.0,0.0,0.0,0.0,0.0,0.0,1.0,0.0,3.8099999999999987,3.8099999999999987,0.0,0.0,0.0,55.0,616.79921,10000.0,85.000001,85.000001,85.000001,85.000001,395.0,0.0,0.0,0.0,1.0,166.665,50.537,50.537,68.115,68.115,34.0,-53.5675,0.23799999999999955,-47.836666666666666,-4.2575,0.0,1779.131,23.765,100.0,37.461,23.014,32.43,14.649,0.0,0.0,0.0,0.0,0.0,0.0,0.0,4754.125,398.2999999999997,4756.25,1724.3,300.719,313.48833333333334,313.72575,320.69625,22.5172,20.9026,22.5132,21.9371,314.999998,314.999998,324.999988,324.999988,99.57107142857143,99.51625,99.57982857142858,99.55715714285714,-2.6176666666666666,-2.7584999999999997,-3.5281666666666665,-3.4391666666666665,-4.314999999999998,-11.094999999999999,-3.2365000000000004,-6.355,41.733000000000004,31.641,41.707,38.107,60.805,41.418,63.406,56.153,58.477000000000004,39.991,61.861000000000004,54.313,57.403,39.207499999999996,61.644,53.60933333333333,1.7985000000000002,-1.9775,0.07232000000000001,0.094185,0.0,122.675,108.91,120.12,113.55666666666667,0.0,0.0
77,0.0,0.0,0.0,1.0,1.0,0.0,0.0,1.0,0.0,100.0,1.0,1.1856,26.0,0.0,0.0,0.0,57.999998,70.97833333333334,26.0,26.0,26.0,26.0,-2.247,-1.4109,0.0233,302.826,-1.5207,-3.847125,-0.33119999999999994,-2.385,-37.66,204.695,190.033,0.0,0.0,0.0,0.0,0.14093333333333333,-5.498166666666667,-5.498166666666667,-0.3027,-2.864,0.5257777777777779,2.383,39.275,-1.3778000000000001,-0.420925,22.786,100.0,0.0,0.0,114.61333333333333,0.0,0.0,0.0,0.0,0.0,0.0,0.0,6523.0,0.0,55.0,3.0,141.64,1.0,0.0,0.0,0.0,0.0,0.0,1.0,0.0,3.8610000000000007,3.8610000000000007,0.0,0.0,1.0,55.0,616.79921,10000.0,85.000001,85.000001,85.000001,85.000001,395.0,0.0,0.0,0.0,1.0,166.665,52.292,52.292,67.017,67.017,34.0,-67.015,0.0,-55.223333333333336,-3.6500000000000004,0.0,1779.08,29.785000000000004,100.0,36.569,18.971,38.486,15.352,0.0,0.0,0.0,0.0,0.0,0.0,0.0,5221.625,0.0,3983.75,1185.8,299.2555,315.0,315.23525,321.99575,22.5268,20.9057,22.522,21.9429,314.999998,314.999998,324.999988,324.999988,99.57148571428571,99.51625,99.58021428571429,99.55732857142857,-3.1803333333333335,0.0,-2.9788333333333337,-2.8256666666666668,-3.2916666666666714,0.0,-2.5305,-6.182,41.792,31.661,41.762,38.143,60.980000000000004,41.408500000000004,63.55,56.22,58.644999999999996,39.982,62.004,54.375,57.566,39.1985,61.787,53.66766666666667,2.1610000000000005,-2.3145,0.07498500000000001,0.09279000000000001,0.0,120.33,59.47,117.71333333333334,111.51666666666667,0.0,0.0
78,1.0,0.0,0.0,1.0,1.0,0.0,0.0,1.0,0.0,100.0,1.0,1.1856,26.0,0.0,0.0,0.0,57.999998,92.24333333333334,26.0,26.0,26.0,26.0,-1.7482222222222221,-1.9994,-0.0123,303.955,-1.7639,-3.563875,-0.5433,-2.2029,-36.079999999999984,203.945,190.042625,0.0,0.0,0.0,0.0,0.14196666666666669,-5.498166666666667,-5.498166666666667,-0.44060000000000005,-1.8770000000000002,0.7957777777777777,7.043000000000001,38.494,-1.2367000000000001,-0.48195000000000005,24.718000000000004,100.0,0.0,0.0,110.16,0.0,0.0,0.0,0.0,0.0,0.0,0.0,6269.5,0.0,55.0,3.0,138.88,0.0,0.0,0.0,0.0,0.0,0.0,1.0,0.0,3.905999999999999,3.905999999999999,0.0,0.0,0.0,55.0,616.79921,10000.0,85.000001,85.000001,85.000001,85.000001,395.0,0.0,0.0,0.0,1.0,333.33500000000004,50.522,50.522,70.572,70.572,34.0,-33.47,0.29999999999999716,-15.833333333333336,-1.4175000000000004,0.0,1779.033,33.735,100.0,35.643,19.398,35.335,14.940999999999999,0.0,0.0,0.0,0.0,0.0,0.0,0.0,5069.5,1431.1999999999998,2491.375,1131.0,299.8575,310.579,318.9495,322.139,22.5351,20.9086,22.529,21.9478,314.999998,314.999998,324.999988,324.999988,99.5719,99.51675,99.58041428571428,99.55742857142857,-3.358,-3.4485,-2.914,-2.7496666666666667,-5.016666666666666,-51.095,-4.809,-7.3795,41.844,31.6785,41.807,38.174,61.157,41.7665,63.6235,56.257,58.814,40.304,62.0775,54.4095,57.730000000000004,39.4975,61.8605,53.7,2.534,-2.6820000000000004,0.07727500000000001,0.09640000000000001,0.0,115.91,61.245,112.78999999999999,107.52666666666667,0.0,0.0
79,1.0,0.0,0.0,1.0,1.0,0.0,0.0,1.0,0.0,100.0,1.0,1.1856,26.0,0.0,0.0,0.0,57.999998,94.80333333333334,26.0,26.0,26.0,26.0,-1.8235555555555556,-2.5074,-0.030000000000000002,304.932,-1.9686,-3.3985,-0.64145,-1.9584000000000001,-34.25,203.03,190.053375,0.0,0.0,0.0,0.0,0.1431666666666667,-5.498166666666667,-5.498166666666667,-0.42010000000000003,2.7903333333333333,0.9842222222222221,-1.794,37.181,-1.3176,-0.448,30.744,0.0,0.0,0.0,105.77666666666667,0.0,0.0,0.0,0.0,0.0,0.0,0.0,7784.3,0.0,55.0,0.0,134.21333333333334,1.0,0.0,0.0,0.0,0.0,0.0,1.0,0.0,3.960000000000001,3.960000000000001,0.0,0.0,1.0,55.0,616.79921,10000.0,85.000001,85.000001,85.000001,85.000001,395.0,0.0,0.0,0.0,1.0,166.665,50.354,50.354,72.754,72.754,34.0,-32.9775,-0.17199999999999704,-10.25,-0.08249999999999957,0.0,1778.98,30.410000000000004,100.0,35.219,22.003,30.418,14.149,0.0,0.0,48.125,0.0,0.0,0.0,0.0,4631.625,1518.3999999999999,2679.125,1306.5,301.027,309.8593333333333,318.67275,321.785,22.5449,20.9125,22.5371,21.9537,314.999998,314.999998,324.999988,324.999988,99.57241428571429,99.51743333333333,99.58067142857143,99.55757142857144,-3.0573333333333332,-3.1585,-3.2663333333333338,-3.1283333333333334,-5.108333333333327,-8.678333333333327,-5.443,-8.188,41.905,31.703,41.857,38.210499999999996,61.37,42.1865,63.708,56.307,59.016999999999996,40.684,62.161,54.4565,57.925,39.8515,61.944,53.74466666666667,2.3890000000000002,-2.5515,0.07282000000000001,0.09905000000000001,0.0,112.245,108.315,108.72,102.83333333333334,0.0,0.0
80,1.0,0.0,0.0,1.0,1.0,0.0,0.0,1.0,0.0,100.0,1.0,1.1856,26.0,0.0,0.0,0.0,57.999998,67.39666666666668,26.0,26.0,26.0,26.0,-2.030555555555556,-1.8608,-0.03585,305.893,-1.77335,-3.732125,-0.38874999999999993,-2.1376,-32.69999999999999,202.20499999999998,190.062625,0.0,0.0,0.0,0.0,0.1442,-5.498166666666667,-5.498166666666667,-0.35050000000000003,0.7493333333333334,0.802888888888889,-0.7829999999999999,36.125,-1.2891000000000001,-0.388625,26.968000000000004,50.0,0.0,0.0,106.88666666666666,0.0,0.0,0.0,0.0,0.0,0.0,0.0,8043.2,0.0,55.0,2.0,130.32666666666665,0.0,0.0,0.0,0.0,0.0,0.0,0.0,0.0,4.007999999999999,4.007999999999999,0.0,0.0,0.0,55.0,616.79921,10000.0,85.000001,85.000001,85.000001,85.000001,395.0,0.0,0.0,0.0,1.0,166.665,53.36,53.36,71.80799999999999,71.80799999999999,34.0,-59.905,0.021999999999998465,-55.093333333333334,0.16750000000000043,0.0,1778.933,29.735,100.0,34.692,20.156,31.271,13.148,0.0,0.0,0.0,0.0,0.0,0.0,0.0,4821.0,65.89999999999964,4029.25,651.9000000000001,300.54,314.646,315.33625,323.35025,22.5534,20.9158,22.5447,21.9589,314.999998,314.999998,324.999988,324.999988,99.57278571428571,99.51751666666667,99.58094285714286,99.55767142857142,-2.9779999999999998,-3.08975,-3.2083333333333335,-3.0651666666666664,-3.5633333333333326,-17.951666666666668,-2.106,-8.6445,41.958,31.724,41.903999999999996,38.2435,61.53,42.2395,63.812,56.3395,59.169,40.7315,62.2635,54.4875,58.071,39.8955,62.046,53.77366666666667,2.2199999999999998,-2.3685,0.08035500000000001,0.10314000000000001,0.0,111.06,90.07,110.39333333333333,103.38333333333333,0.0,0.0
81,0.0,0.0,0.0,1.0,1.0,0.0,0.0,1.0,0.0,100.0,1.0,1.1856,26.0,0.0,0.0,0.0,57.999998,36.01166666666667,26.0,26.0,26.0,26.0,-1.9096666666666666,-1.6834,-0.0366,307.388,-1.8228,-3.6550000000000002,-0.4972,-2.1146000000000003,-31.19999999999999,201.36,190.07075,0.0,0.0,0.0,0.0,0.14523333333333333,-5.498166666666667,-5.498166666666667,-0.393,-1.7506666666666666,0.913888888888889,2.833,35.456,-0.994,-0.3735,21.464000000000002,84.5,0.0,0.0,103.75999999999999,0.0,0.0,0.0,0.0,0.0,0.0,0.0,7527.9,0.0,55.0,2.0,127.79666666666667,1.0,0.0,0.0,0.0,0.0,0.0,0.0,0.0,4.055999999999999,4.055999999999999,0.0,0.0,1.0,55.0,616.79921,10000.0,85.000001,85.000001,85.000001,85.000001,395.0,0.0,0.0,0.0,1.0,333.33500000000004,56.732,56.732,72.464,72.464,34.0,-61.925,0.0,-55.91,-18.57,0.0,1778.882,35.495000000000005,100.0,32.522,16.874,32.285,13.126,0.0,0.0,0.0,0.0,0.0,0.0,0.0,4220.25,0.0,3263.125,1410.8,302.2785,315.0,317.12075,321.54525,22.561700000000002,20.919,22.5524,21.964199999999998,314.999998,314.999998,324.999988,324.999988,99.57311428571428,99.51751666666667,99.5812,99.55775714285714,-3.2640000000000002,0.0,-2.653,-2.4806666666666666,-1.8533333333333317,0.0,-0.516,0.4564999999999999,42.010999999999996,31.744,41.953,38.2765,61.66,42.2205,63.9005,56.3535,59.293,40.714,62.3515,54.5,58.19,39.879,62.134,53.785333333333334,2.6530000000000005,-2.7685000000000004,0.08700500000000001,0.10046000000000001,0.0,110.355,56.519999999999996,103.45666666666666,104.06333333333333,0.0,0.0
82,1.0,0.0,0.0,1.0,1.0,0.0,0.0,1.0,0.0,100.0,1.0,1.1856,26.0,0.0,0.0,0.0,57.999998,14.996666666666663,26.0,26.0,26.0,26.0,-1.7853333333333334,-1.6649,-0.14825000000000002,308.441,-1.9476,-3.5528750000000002,-0.56735,-2.1314,-29.579999999999984,200.3825,190.076375,0.0,0.0,0.0,0.0,0.14633333333333334,-5.498166666666667,-5.498166666666667,-0.5415,-1.2073333333333336,0.9996666666666667,1.306,34.763,-0.7366,-0.38495,26.21,89.9,0.0,0.0,102.01666666666667,0.0,0.0,0.0,0.0,0.0,0.0,0.0,7391.6,0.0,55.0,2.0,125.27333333333334,0.0,0.0,0.0,0.0,0.0,0.0,0.0,0.0,4.109999999999999,4.109999999999999,0.0,0.0,0.0,55.0,616.79921,10000.0,85.000001,85.000001,85.000001,85.000001,395.0,0.0,0.0,0.0,1.0,166.665,56.961,56.961,73.364,73.364,34.0,-78.7625,0.07600000000000051,-52.6,-7.862500000000001,0.0,1778.831,39.745000000000005,100.0,30.441,15.769,30.926,12.969,0.0,0.0,0.0,0.0,0.0,0.0,0.0,4559.375,507.2999999999997,3097.0,723.8999999999999,301.3425,313.31933333333336,317.63,323.186,22.570999999999998,20.9227,22.5607,21.9701,314.999998,314.999998,324.999988,324.999988,99.57342857142856,99.51771666666667,99.5814,99.55781428571429,-3.0620000000000003,-3.10175,-2.4156666666666666,-2.2341666666666664,-1.0183333333333309,-52.36333333333333,1.022,0.17300000000000004,42.069,31.7665,42.004999999999995,38.3135,61.79,42.4015,63.965,56.3575,59.417,40.8775,62.416,54.504,58.31,40.0305,62.198499999999996,53.788,3.0625,-3.1610000000000005,0.089425,0.10700000000000001,0.0,109.63,52.9,102.03333333333333,101.99666666666667,0.0,0.0
83,0.0,0.0,0.0,1.0,1.0,0.0,0.0,1.0,0.0,100.0,1.0,1.1856,26.0,0.0,0.0,0.0,57.999998,0.0,26.0,26.0,26.0,26.0,-1.9804444444444445,-1.0209,-0.07405,308.197,-1.79105,-3.487625,-0.55125,-2.0266,-28.189999999999998,199.49,190.0785,0.0,0.0,0.0,0.0,0.14730000000000001,-5.498166666666667,-5.498166666666667,-0.5212,3.8216666666666668,1.1095555555555556,2.064,34.269,-0.6975,-0.33265,33.908,94.7,0.0,0.0,101.43666666666667,0.0,0.0,0.0,0.0,0.0,0.0,0.0,7357.9,0.0,55.0,2.0,123.39333333333333,1.0,0.0,0.0,0.0,0.0,0.0,0.0,0.0,4.1579999999999995,4.1579999999999995,0.0,0.0,1.0,55.0,616.79921,10000.0,85.000001,85.000001,85.000001,85.000001,395.0,0.0,0.0,0.0,1.0,333.33500000000004,57.175,57.175,74.58500000000001,74.58500000000001,34.0,-102.39500000000001,0.06199999999999761,-46.71333333333333,-16.4725,0.0,1778.781,36.120000000000005,100.0,30.562,15.554,30.036,12.468,0.0,0.0,0.0,0.0,0.0,0.0,0.0,4832.625,345.5999999999999,3111.125,1441.1,300.3815,313.61966666666666,317.62025,321.59525,22.5796,20.926,22.5681,21.9753,314.999998,314.999998,324.999988,324.999988,99.57367142857143,99.518,99.5816,99.55785714285715,-2.405333333333333,-2.431,-2.6951666666666667,-2.5368333333333335,0.04666666666667396,-32.325,2.0355,2.1055,42.122,31.7875,42.051,38.3455,61.891999999999996,42.617,64.023,56.3565,59.515,41.072,62.474000000000004,54.503,58.403999999999996,40.2115,62.256,53.78666666666667,2.849,-2.9430000000000005,0.09029000000000001,0.11556500000000001,0.0,109.4,73.195,101.34333333333333,101.53,0.0,0.0
84,0.0,0.0,0.0,1.0,1.0,0.0,0.0,1.0,0.0,100.0,1.0,1.1856,26.0,0.0,0.0,0.0,57.999998,0.0,26.0,26.0,26.0,26.0,-2.008111111111111,-1.054,0.062400000000000004,307.541,-1.80595,-3.75225,-0.5664,-2.0204,-26.829999999999984,198.5675,190.08025,0.0,0.0,0.0,0.0,0.14826666666666669,-5.498166666666667,-5.498166666666667,-0.366,3.834,1.1293333333333333,-0.579,34.082,-0.6859000000000001,-0.248475,33.018,99.5,0.0,0.0,100.52,0.0,0.0,0.0,0.0,0.0,0.0,0.0,7317.5,0.0,55.0,2.0,122.68,0.0,0.0,0.0,0.0,0.0,0.0,0.0,0.0,4.2059999999999995,4.2059999999999995,0.0,0.0,0.0,55.0,616.79921,10000.0,85.000001,85.000001,85.000001,85.000001,395.0,0.0,0.0,0.0,1.0,111.11,59.326,59.326,72.266,72.266,34.0,-96.4025,0.0,-53.17333333333333,-23.097500000000004,0.0,1778.735,32.82,100.0,29.9,14.179,31.173,14.328,0.0,0.0,0.0,0.0,0.0,0.0,0.0,4499.625,0.0,3789.125,1874.9,301.4155,314.929,315.9535,320.38375,22.588,20.9293,22.5757,21.9808,314.999998,314.999998,324.999988,324.999988,99.57387142857142,99.51805,99.58181428571429,99.55795714285715,-2.058,0.0,-2.6305,-2.4946666666666664,0.06666666666666998,0.0,3.009,2.1735,42.175,31.808,42.098,38.379999999999995,61.97,42.6525,64.102,56.384,59.589,41.1035,62.552,54.528999999999996,58.475,40.241,62.3335,53.811,2.5469999999999997,-2.6260000000000003,0.089075,0.11638000000000001,0.0,108.835,80.45,100.44666666666666,100.59666666666666,0.0,0.0
85,0.0,0.0,0.0,1.0,1.0,0.0,0.0,1.0,0.0,100.0,1.0,1.1856,26.0,0.0,0.0,0.0,57.999998,0.0,26.0,26.0,26.0,26.0,-1.5866666666666667,0.9058000000000002,0.03775,308.609,-2.0144,-3.61425,-0.5357,-1.9025,-25.329999999999984,197.485,190.0835,0.0,0.0,0.0,0.0,0.14933333333333335,-5.498166666666667,-5.498166666666667,-0.20900000000000002,2.7373333333333334,1.3202222222222222,6.853,34.394,-0.78,-0.17602500000000001,29.588,100.0,0.0,0.0,110.88666666666666,0.0,0.0,0.0,0.0,0.0,0.0,0.0,7857.8,0.0,55.0,2.0,123.75999999999999,1.0,0.0,0.0,0.0,0.0,0.0,0.0,0.0,4.26,4.26,0.0,0.0,1.0,55.0,616.79921,10000.0,85.000001,85.000001,85.000001,85.000001,395.0,0.0,0.0,0.0,1.0,166.665,65.979,65.979,66.208,66.208,34.0,-53.7325,0.0,-48.44,-10.287500000000001,0.0,1778.68,36.735,100.0,26.244,12.997,34.797,16.503,0.0,0.0,100.0,0.0,0.0,0.0,0.0,2928.25,0.0,4243.875,2259.1,305.9795,315.0,314.77125,319.469,22.597,20.9331,22.584699999999998,21.9872,314.999998,314.999998,324.999988,324.999988,99.57407142857143,99.51805,99.58211428571428,99.55811428571428,-2.5973333333333333,0.0,-2.7088333333333336,-2.539,-0.15166666666667084,0.0,4.2185,6.5435,42.231,31.8315,42.153999999999996,38.42,62.042,42.6305,64.2115,56.4485,59.659,41.0835,62.6605,54.5895,58.542,40.2215,62.442499999999995,53.869,2.7800000000000002,-2.832,0.11105500000000001,0.11742500000000002,0.0,109.555,80.45,110.88666666666666,110.88666666666666,0.0,0.0
86,0.0,0.0,0.0,1.0,1.0,0.0,0.0,1.0,0.0,100.0,1.0,1.1856,26.0,0.0,0.0,0.0,57.999998,0.0,26.0,26.0,26.0,26.0,-1.637777777777778,0.8754000000000002,-0.0009000000000000001,307.938,-2.0776,-3.4322500000000002,-0.73305,-2.0099,-24.00999999999999,196.48000000000002,190.086,0.0,0.0,0.0,0.0,0.15033333333333335,-5.498166666666667,-5.498166666666667,-0.2346,-1.5113333333333334,1.4857777777777779,0.43999999999999995,34.813,-0.8149000000000001,-0.1636,25.752,100.0,0.0,0.0,111.98,0.0,0.0,0.0,0.0,0.0,0.0,0.0,7935.3,0.0,55.0,2.0,125.27333333333334,0.0,0.0,0.0,0.0,0.0,0.0,0.0,0.0,4.308,4.308,0.0,0.0,0.0,55.0,616.79921,10000.0,85.000001,85.000001,85.000001,85.000001,395.0,0.0,0.0,0.0,1.0,166.665,66.132,66.132,65.231,65.231,34.0,-53.99,0.0,-39.92333333333333,-11.79,0.0,1778.633,44.894999999999996,100.0,22.243,10.955,35.812,19.88,0.0,0.0,100.0,0.0,0.0,0.0,0.0,3782.25,0.0,3650.875,2406.6,304.2605,315.0,316.20075,319.01025,22.6044,20.9364,22.5926,21.9931,314.999998,314.999998,324.999988,324.999988,99.57424285714286,99.51805,99.58238571428572,99.55832857142858,-3.448,0.0,-2.533166666666667,-2.3278333333333334,-0.18166666666667197,0.0,4.292,6.2695,42.278,31.852,42.204,38.457,62.109,42.611,64.3105,56.539,59.722,41.0655,62.7575,54.675,58.602000000000004,40.204499999999996,62.5385,53.95066666666666,3.3819999999999997,-3.3970000000000002,0.11189500000000001,0.12481,0.0,110.425,80.45,111.98,111.98,0.0,0.0
87,0.0,0.0,0.0,1.0,1.0,0.0,0.0,1.0,0.0,100.0,1.0,1.1856,26.0,0.0,0.0,0.0,57.999998,0.0,26.0,26.0,26.0,26.0,-2.3906666666666667,-0.5937,0.1618,305.313,-1.87815,-3.732,-0.56885,-2.1597,-22.69999999999999,195.4325,190.088875,0.0,0.0,0.0,0.0,0.15130000000000002,-5.498166666666667,-5.498166666666667,-0.24250000000000002,3.8686666666666665,1.3404444444444445,-5.6739999999999995,34.766,-0.6266,-0.215675,35.312,100.0,0.0,0.0,105.96000000000001,0.0,0.0,0.0,0.0,0.0,0.0,0.0,7508.7,0.0,55.0,2.0,125.24666666666667,1.0,0.0,0.0,0.0,0.0,0.0,0.0,0.0,4.356,4.356,0.0,0.0,1.0,55.0,616.79921,10000.0,85.000001,85.000001,85.000001,85.000001,395.0,0.0,0.0,0.0,1.0,333.33500000000004,58.304,58.304,68.832,68.832,34.0,-110.745,-0.5820000000000007,-60.126666666666665,-10.302500000000002,0.0,1778.583,45.795,100.0,28.251,12.221,35.859,18.804000000000002,0.0,0.0,0.0,0.0,0.0,0.0,0.0,5607.75,880.1999999999998,3416.375,875.5,298.246,312.023,316.836,322.76175,22.6132,20.9397,22.6003,21.9986,314.999998,314.999998,324.999988,324.999988,99.57457142857143,99.51816666666667,99.58258571428571,99.55842857142858,-2.9256666666666664,-2.89575,-2.5143333333333335,-2.3613333333333335,-0.10499999999999687,-8.214999999999996,-0.5500000000000003,-0.23249999999999993,42.333,31.872999999999998,42.251999999999995,38.4915,62.246,42.6985,64.372,56.5675,59.852000000000004,41.144,62.8185,54.7015,58.726,40.277,62.599000000000004,53.976,3.5885,-3.652,0.08869500000000001,0.10608000000000001,0.0,111.0,100.945,107.19,104.72999999999999,0.0,0.0
88,0.0,0.0,0.0,1.0,1.0,0.0,0.0,1.0,0.0,100.0,1.0,1.1856,26.0,0.0,0.0,0.0,57.999998,0.0,26.0,26.0,26.0,26.0,-1.8857777777777778,1.0072,0.18530000000000002,306.168,-1.80605,-3.805625,-0.42684999999999995,-2.1222000000000003,-21.350000000000023,194.2825,190.0945,0.0,0.0,0.0,0.0,0.15233333333333332,-5.498166666666667,-5.498166666666667,0.0745,7.324666666666667,1.4348888888888889,5.823,34.972,-0.8067000000000001,-0.07505,36.126000000000005,100.0,0.0,0.0,112.47,0.0,0.0,0.0,0.0,0.0,0.0,0.0,7970.0,0.0,55.0,2.0,125.83333333333334,0.0,0.0,0.0,0.0,0.0,0.0,0.0,0.0,4.407,4.407,0.0,0.0,0.0,55.0,616.79921,10000.0,85.000001,85.000001,85.000001,85.000001,395.0,0.0,0.0,0.0,1.0,333.33500000000004,66.971,66.971,63.156,63.156,34.0,-57.03,0.0,-67.96333333333334,-14.067499999999999,0.0,1778.532,42.25,100.0,27.903,12.541,38.204,18.898,0.0,0.0,100.0,0.0,0.0,0.0,0.0,3163.375,0.0,5235.5,2837.7,305.086,315.0,312.542,318.14,22.6224,20.9432,22.609,22.0045,314.999998,314.999998,324.999988,324.999988,99.57484285714285,99.51816666666667,99.58287142857142,99.55858571428571,-2.8346666666666667,0.0,-2.9506666666666668,-2.8311666666666664,-0.11999999999999744,0.0,3.709,6.5195,42.39,31.895,42.306,38.5285,62.353,42.6865,64.4795,56.6225,59.955,41.133,62.925,54.753,58.825,40.2665,62.7055,54.02433333333333,3.282,-3.3434999999999997,0.10968000000000001,0.12329500000000002,0.0,111.765,104.44,112.47,112.47,0.0,0.0
89,0.0,0.0,0.0,1.0,1.0,0.0,0.0,1.0,0.0,100.0,1.0,1.1856,26.0,0.0,0.0,0.0,57.999998,0.0,26.0,26.0,26.0,26.0,-1.8496666666666668,0.8467,0.193,304.794,-2.09645,-3.6145,-0.5923,-2.4249,-20.019999999999982,193.07999999999998,190.103625,0.0,0.0,0.0,0.0,0.1534,-5.498166666666667,-5.498166666666667,0.1325,-2.122,1.514888888888889,-1.3559999999999999,35.424,-0.8067000000000001,-0.11092500000000001,26.42,100.0,0.0,0.0,112.78666666666666,0.0,0.0,0.0,0.0,0.0,0.0,0.0,7992.5,0.0,55.0,2.0,127.47999999999999,1.0,0.0,0.0,0.0,0.0,0.0,0.0,0.0,4.458,4.458,0.0,0.0,1.0,55.0,616.79921,10000.0,85.000001,85.000001,85.000001,85.000001,395.0,0.0,0.0,0.0,1.0,333.33500000000004,67.78,67.78,57.51,57.51,34.0,-42.9975,0.0,-69.33666666666667,-14.490000000000002,0.0,1778.481,52.870000000000005,100.0,22.826999999999998,11.065,43.612,23.813,0.0,0.0,93.97666666666667,0.0,0.0,0.0,0.0,3904.0,0.0,4723.5,2253.4,303.7875,315.0,313.5615,319.1195,22.6304,20.9467,22.6181,22.0112,314.999998,314.999998,324.999988,324.999988,99.57505714285715,99.51816666666667,99.58321428571429,99.55884285714286,-3.961333333333333,0.0,-2.4903333333333335,-2.307,-0.19999999999999574,0.0,3.239,5.2330000000000005,42.44,31.917,42.363,38.5695,62.44,42.6655,64.6115,56.732,60.037,41.1135,63.0555,54.8555,58.903999999999996,40.248,62.835,54.12166666666667,3.987,-4.003,0.10823500000000001,0.123005,0.0,112.285,104.44,112.78666666666666,112.78666666666666,0.0,0.0
90,0.0,0.0,0.0,1.0,1.0,0.0,0.0,1.0,0.0,100.0,1.0,1.1856,26.0,0.0,0.0,0.0,57.999998,0.0,26.0,26.0,26.0,26.0,-2.092111111111111,0.4152,0.08055000000000001,304.077,-2.14635,-3.51325,-0.5992999999999999,-2.1417,-18.779999999999973,191.905,190.114125,0.0,0.0,0.0,0.0,0.1544,-5.498166666666667,-5.498166666666667,0.11800000000000001,5.081,1.7112222222222222,4.4670000000000005,35.609,-0.8122,-0.13190000000000002,38.102,100.0,0.0,0.0,114.26333333333334,0.0,0.0,0.0,0.0,0.0,0.0,0.0,8097.1,0.0,55.0,2.0,128.18333333333334,0.0,0.0,0.0,0.0,0.0,0.0,1.0,0.0,4.506,4.506,0.0,0.0,0.0,55.0,616.79921,10000.0,85.000001,85.000001,85.000001,85.000001,395.0,0.0,0.0,0.0,1.0,333.33500000000004,60.562,60.562,62.973,62.973,34.0,-59.6525,-13.701999999999998,-32.49333333333334,-7.785,0.0,1778.432,56.32000000000001,100.0,25.659,11.745,40.984,21.2,0.0,0.0,72.89833333333334,0.0,0.0,0.0,0.0,5024.25,1204.5,2876.125,1746.4,299.89,311.433,318.08125,321.04225,22.6392,20.9501,22.626,22.0165,314.999998,314.999998,324.999988,324.999988,99.57547142857143,99.51823333333333,99.58347142857143,99.55895714285714,-3.998666666666667,-3.9605,-2.9548333333333336,-2.7946666666666666,-0.2733333333333263,-0.6950000000000003,3.4715,6.2940000000000005,42.495,31.938000000000002,42.412,38.6035,62.615,42.688,64.6965,56.7715,60.203,41.1335,63.138999999999996,54.891999999999996,59.061,40.2665,62.9185,54.15566666666667,4.4275,-4.4635,0.10591,0.10887000000000001,0.0,113.46,109.995,114.26333333333334,114.26333333333334,0.0,0.0
91,0.0,0.0,0.0,1.0,1.0,0.0,0.0,1.0,0.0,100.0,1.0,1.1856,26.0,0.0,0.0,0.0,57.999998,0.0,26.0,26.0,26.0,26.0,-2.275333333333333,0.9414,0.33655,302.155,-1.9624,-3.699625,-0.52725,-2.3517,-17.5,190.60750000000002,190.1285,0.0,0.0,0.0,0.0,0.15546666666666667,-5.498166666666667,-5.498166666666667,0.45220000000000005,6.983666666666667,1.5101111111111112,-7.215,35.979,-0.9794,-0.04025,38.716,100.0,0.0,0.0,115.29666666666667,0.0,0.0,0.0,0.0,0.0,0.0,0.0,8170.2,0.0,55.0,2.0,129.48,1.0,0.0,0.0,0.0,0.0,0.0,1.0,0.0,4.557,4.557,0.0,0.0,1.0,55.0,616.79921,10000.0,85.000001,85.000001,85.000001,85.000001,395.0,0.0,0.0,0.0,1.0,333.33500000000004,65.063,65.063,56.32,56.32,34.0,-53.15,0.0,-78.61666666666667,-17.515,0.0,1778.382,53.56,100.0,26.736,12.144,43.427,23.083,0.0,0.0,100.0,0.0,0.0,0.0,0.0,4155.125,0.0,5696.875,3081.2,302.4275,315.0,311.36375,317.458,22.6484,20.9536,22.634900000000002,22.0231,314.999998,314.999998,324.999988,324.999988,99.57581428571429,99.51826666666666,99.58381428571428,99.55921428571429,-3.814,0.0,-3.1278333333333337,-3.0073333333333334,-0.1599999999999966,0.0,3.3064999999999998,6.192,42.552,31.96,42.468,38.6445,62.757,42.699,64.8285,56.8885,60.337,41.1435,63.269,55.002,59.189,40.2755,63.0475,54.26,4.19,-4.2385,0.10892,0.12542,0.0,114.855,110.825,115.29666666666667,115.29666666666667,0.0,0.0
92,0.0,0.0,0.0,1.0,1.0,0.0,0.0,1.0,0.0,100.0,1.0,1.1856,26.0,0.0,0.0,0.0,57.999998,68.15666666666667,26.0,26.0,26.0,26.0,-2.211888888888889,-1.5021,0.1913,304.688,-1.59365,-4.033125,-0.05754999999999999,-2.8464,-16.25999999999999,189.275,190.1495,0.0,0.0,0.0,0.0,0.1565666666666667,-5.498166666666667,-5.498166666666667,0.4214,-4.482,1.1245555555555555,1.1990000000000003,35.324,-0.6723,-0.17092500000000002,24.464000000000002,100.0,0.0,0.0,103.2,0.0,0.0,0.0,0.0,0.0,0.0,0.0,7313.1,0.0,55.0,2.0,127.35666666666665,0.0,0.0,0.0,0.0,0.0,0.0,1.0,0.0,4.6080000000000005,4.6080000000000005,0.0,0.0,0.0,55.0,616.79921,10000.0,85.000001,85.000001,85.000001,85.000001,395.0,0.0,0.0,0.0,1.0,333.33500000000004,66.574,66.574,58.289,58.289,34.0,-12.464999999999996,0.0,-104.04666666666668,-0.3774999999999995,0.0,1778.331,62.935,100.0,27.24,12.217,48.077,20.497,0.0,0.0,0.0,0.0,0.0,0.0,0.0,5031.75,0.0,5389.875,260.6999999999998,300.0995,315.0,311.8605,324.29025,22.6574,20.9571,22.6443,22.029,314.999998,314.999998,324.999988,324.999988,99.57625714285714,99.51826666666666,99.58414285714285,99.55932857142857,-4.630333333333334,0.0,-2.2176666666666667,-2.0486666666666666,-4.233333333333327,0.0,-1.3655,-6.59,42.609,31.982,42.527,38.6815,62.94,42.6775,64.95,56.915,60.512,41.1235,63.3905,55.025999999999996,59.359,40.2565,63.1695,54.282,4.757000000000001,-4.8045,0.07623500000000001,0.10441,0.0,107.105,66.55,107.34,99.06,0.0,0.0
93,0.0,0.0,0.0,1.0,1.0,0.0,0.0,1.0,0.0,100.0,1.0,1.1856,26.0,0.0,0.0,0.0,57.999998,60.995000000000005,26.0,26.0,26.0,26.0,-1.6235555555555554,-1.6345,-0.3044,306.671,-2.2405,-3.38525,-0.52315,-2.2296,-15.149999999999977,188.0125,190.169,0.0,0.0,0.0,0.0,0.15753333333333333,-5.498166666666667,-5.498166666666667,0.1721,-4.3916666666666675,1.7894444444444444,19.172,34.594,-0.5488000000000001,-0.22537500000000002,28.106,100.0,0.0,0.0,99.71666666666667,0.0,0.0,0.0,0.0,0.0,0.0,0.0,7066.2,0.0,55.0,2.0,124.75333333333333,1.0,0.0,0.0,0.0,0.0,0.0,1.0,0.0,4.655999999999999,4.655999999999999,0.0,0.0,1.0,55.0,616.79921,10000.0,85.000001,85.000001,85.000001,85.000001,395.0,0.0,0.0,0.0,1.0,333.33500000000004,61.035,61.035,66.36,66.36,34.0,4.397500000000001,0.036000000000001364,-24.46,-0.6775000000000002,0.0,1778.282,70.745,100.0,27.378,12.272,39.836,16.907,0.0,0.0,0.0,0.0,0.0,0.0,0.0,3958.75,387.5,2161.125,1209.3,303.0055,314.634,319.6605,322.20225,22.666,20.9604,22.652,22.0342,314.999998,314.999998,324.999988,324.999988,99.57674285714286,99.51828333333333,99.58431428571429,99.55937142857142,-5.168666666666667,-5.166,-2.3488333333333333,-2.1771666666666665,-4.438333333333333,-77.14,-3.2625,-8.150500000000001,42.662,32.0025,42.575,38.713499999999996,63.152,42.677,65.002,56.916,60.704,41.123,63.443,55.028999999999996,59.543,40.28,63.221000000000004,54.28366666666667,5.4875,-5.532,0.08016000000000001,0.09154000000000001,0.0,107.035,22.92,103.13333333333333,96.3,0.0,0.0
94,1.0,0.0,0.0,1.0,1.0,0.0,0.0,1.0,0.0,100.0,1.0,1.1856,26.0,0.0,0.0,0.0,57.999998,81.64833333333334,26.0,26.0,26.0,26.0,-2.0083333333333333,-2.3515,0.18995,305.084,-2.5379,-3.02775,-0.80415,-1.8231000000000002,-14.04000000000002,186.68,190.185125,0.0,0.0,0.0,0.0,0.1585666666666667,-5.498166666666667,-5.498166666666667,-0.0674,-1.4609999999999999,2.0574444444444446,-8.9,33.446,-0.7307,-0.331725,41.42,100.0,0.0,0.0,96.27333333333334,0.0,0.0,0.0,0.0,0.0,0.0,0.0,6822.3,0.0,55.0,2.0,120.67333333333333,0.0,0.0,0.0,0.0,0.0,0.0,1.0,0.0,4.706999999999999,4.706999999999999,0.0,0.0,0.0,55.0,616.79921,10000.0,85.000001,85.000001,85.000001,85.000001,395.0,0.0,0.0,0.0,1.0,333.33500000000004,52.963,52.963,71.106,71.106,34.0,-33.095,1.0480000000000018,-6.1299999999999955,-7.017500000000002,0.0,1778.231,68.19,100.0,28.73,19.378999999999998,29.701999999999998,17.018,0.0,0.0,0.0,0.0,0.0,0.0,0.0,4882.25,2071.2,2564.5,1433.1999999999998,300.5815,308.117,319.01025,321.295,22.6748,20.9641,22.6595,22.04,314.999998,314.999998,324.999988,324.999988,99.57721428571429,99.51955,99.5845,99.55952857142857,-4.5120000000000005,-4.516500000000001,-2.9821666666666666,-2.8613333333333335,-1.0600000000000023,-35.39666666666667,-6.335000000000001,-5.38,42.718,32.0255,42.622,38.75,63.348,43.431,65.056,56.9705,60.897,41.812,63.496,55.078,59.724000000000004,40.906,63.275,54.331,5.3740000000000006,-5.466,0.08006500000000001,0.09346,0.0,103.08,70.095,97.64666666666666,94.90333333333334,0.0,0.0
95,1.0,0.0,0.0,1.0,1.0,0.0,0.0,1.0,0.0,100.0,1.0,1.1856,26.0,0.0,0.0,0.0,57.999998,16.46333333333333,26.0,26.0,26.0,26.0,-2.3673333333333333,-1.1255,-0.07815,306.808,-1.8579999999999999,-3.6393750000000002,-0.2994,-2.2907,-13.009999999999991,185.35750000000002,190.202125,0.0,0.0,0.0,0.0,0.1595666666666667,-5.498166666666667,-5.498166666666667,-0.0966,2.5823333333333336,1.6097777777777778,-3.1959999999999997,32.577,-0.9193,-0.357125,47.078,100.0,0.0,0.0,95.5,0.0,0.0,0.0,0.0,0.0,0.0,0.0,6767.5,0.0,55.0,2.0,117.44999999999999,1.0,0.0,0.0,0.0,0.0,0.0,1.0,0.0,4.757999999999999,4.757999999999999,0.0,0.0,1.0,55.0,616.79921,10000.0,85.000001,85.000001,85.000001,85.000001,395.0,0.0,0.0,0.0,1.0,166.665,56.564,56.564,71.93,71.93,34.0,-64.6875,0.0,-52.13,-0.02999999999999936,0.0,1778.182,59.08,100.0,32.598,17.547,32.294,13.15,0.0,0.0,0.0,0.0,0.0,0.0,0.0,4994.875,0.0,4149.875,278.39999999999964,299.784,315.0,315.099,324.38775,22.6843,20.9679,22.6677,22.0455,314.999998,314.999998,324.999988,324.999988,99.57764285714286,99.5197,99.58475714285714,99.55957142857143,-3.8383333333333334,0.0,-3.6790000000000003,-3.6056666666666666,-0.961666666666666,0.0,-1.3840000000000003,-7.615,42.777,32.0495,42.673,38.7845,63.521,43.5225,65.146,56.9645,61.061,41.8955,63.585,55.0725,59.879999999999995,40.9845,63.364,54.325,4.695,-4.8005,0.08236,0.10285000000000001,0.0,103.685,84.285,100.22999999999999,90.77,0.0,0.0
96,0.0,0.0,0.0,1.0,1.0,0.0,0.0,1.0,0.0,100.0,1.0,1.1856,26.0,0.0,0.0,0.0,57.999998,0.0,26.0,26.0,26.0,26.0,-2.0075555555555553,-0.13249999999999995,-0.08165,310.089,-1.7905499999999999,-3.762125,-0.27049999999999996,-2.3676000000000004,-12.089999999999975,184.10500000000002,190.216625,0.0,0.0,0.0,0.0,0.16046666666666667,-5.498166666666667,-5.498166666666667,-0.078,0.09433333333333338,1.5663333333333334,-0.6139999999999999,32.146,-1.0736,-0.2881,43.61600000000001,100.0,0.0,0.0,100.70666666666666,0.0,0.0,0.0,0.0,0.0,0.0,0.0,7136.4,0.0,55.0,2.0,115.79666666666667,0.0,0.0,0.0,0.0,0.0,0.0,1.0,0.0,4.805999999999999,4.805999999999999,0.0,0.0,0.0,55.0,616.79921,10000.0,85.000001,85.000001,85.000001,85.000001,395.0,0.0,0.0,0.0,1.0,333.33500000000004,65.32300000000001,65.32300000000001,70.48,70.48,34.0,-43.4675,0.0,-49.96666666666667,-9.962500000000002,0.0,1778.133,55.315,100.0,29.286,15.078,35.222,12.167,0.0,0.0,90.94833333333334,0.0,0.0,0.0,0.0,3616.875,0.0,4105.125,1034.0,304.1425,315.0,315.13075,322.43775,22.6926,20.9715,22.6756,22.0507,314.999998,314.999998,324.999988,324.999988,99.57792857142857,99.5197,99.58505714285714,99.55962857142858,-3.88,0.0,-3.911,-3.841,-0.054999999999999716,0.0,0.9365000000000001,1.871,42.829,32.072,42.723,38.817,63.635999999999996,43.5025,65.2525,56.976,61.171,41.877,63.6915,55.083,59.986000000000004,40.967,63.471000000000004,54.33433333333333,4.3405000000000005,-4.4175,0.087595,0.10753000000000001,0.0,103.005,79.225,101.43333333333334,99.97999999999999,0.0,0.0
97,0.0,0.0,0.0,1.0,1.0,0.0,0.0,1.0,0.0,100.0,1.0,1.1856,26.0,0.0,0.0,0.0,57.999998,0.0,26.0,26.0,26.0,26.0,-1.6215555555555556,0.5735000000000001,-0.2109,313.034,-2.0442,-3.6325,-0.35634999999999994,-2.3241,-11.110000000000014,182.66750000000002,190.228375,0.0,0.0,0.0,0.0,0.1615,-5.498166666666667,-5.498166666666667,-0.1477,-0.373,1.7354444444444446,5.111,32.333,-1.4531,-0.197025,41.588,100.0,0.0,0.0,104.99,0.0,0.0,0.0,0.0,0.0,0.0,0.0,7440.0,0.0,55.0,2.0,116.47333333333333,1.0,0.0,0.0,0.0,0.0,0.0,1.0,0.0,4.859999999999999,4.859999999999999,0.0,0.0,1.0,55.0,616.79921,10000.0,85.000001,85.000001,85.000001,85.000001,395.0,0.0,0.0,0.0,1.0,166.665,71.304,71.304,69.794,69.794,34.0,-9.232500000000002,0.0,-17.386666666666663,0.7200000000000006,0.0,1778.08,61.045,100.0,23.679,12.559,35.676,12.527,0.0,0.0,14.046666666666667,0.0,0.0,0.0,0.0,2821.0,0.0,3468.0,1311.3999999999999,306.5105,315.0,316.63775,321.805,22.7013,20.9755,22.6845,22.0566,314.999998,314.999998,324.999988,324.999988,99.57821428571428,99.5197,99.58541428571428,99.55975714285714,-5.042333333333334,0.0,-4.5275,-4.435666666666667,-0.18333333333333002,0.0,3.856,9.923,42.882999999999996,32.0965,42.778,38.8535,63.753,43.48,65.39,57.0245,61.282,41.8565,63.828,55.128,60.093,40.9475,63.6075,54.376,4.7235000000000005,-4.7505,0.10490500000000001,0.11847500000000001,0.0,103.175,79.225,103.75333333333333,106.22666666666666,0.0,0.0
98,0.0,0.0,0.0,1.0,1.0,0.0,0.0,1.0,0.0,100.0,1.0,1.1856,26.0,0.0,0.0,0.0,57.999998,0.0,26.0,26.0,26.0,26.0,-2.4965555555555556,0.08360000000000012,-0.028900000000000002,311.584,-2.07355,-3.65425,-0.45909999999999995,-2.194,-10.259999999999991,181.35750000000002,190.233125,0.0,0.0,0.0,0.0,0.16240000000000002,-5.498166666666667,-5.498166666666667,-0.23950000000000002,-0.6556666666666668,1.8613333333333333,-1.4369999999999998,32.46,-1.6421000000000001,-0.1408,37.75600000000001,100.0,0.0,0.0,100.36333333333334,0.0,0.0,0.0,0.0,0.0,0.0,0.0,7112.1,0.0,55.0,2.0,117.02,0.0,0.0,0.0,0.0,0.0,0.0,1.0,0.0,4.9079999999999995,4.9079999999999995,0.0,0.0,0.0,55.0,616.79921,10000.0,85.000001,85.000001,85.000001,85.000001,395.0,0.0,0.0,0.0,1.0,333.33500000000004,68.787,68.787,70.816,70.816,34.0,6.325000000000003,0.0,-21.89333333333333,-11.162500000000001,0.0,1778.031,67.83500000000001,100.0,22.491,10.416,34.776,13.690999999999999,0.0,0.0,0.0,0.0,0.0,0.0,0.0,4153.75,0.0,3394.875,1548.5,302.872,315.0,316.88675,321.17125,22.7092,20.979,22.6923,22.062,314.999998,314.999998,324.999988,324.999988,99.57857142857142,99.5197,99.58572857142858,99.55991428571429,-6.11,0.0,-4.67,-4.582166666666667,-0.18166666666667197,0.0,0.6555,2.5300000000000002,42.932,32.1185,42.827,38.8875,63.900999999999996,43.46,65.507,57.091,61.423,41.838,63.944,55.19,60.227000000000004,40.93,63.7235,54.434666666666665,5.2475000000000005,-5.2515,0.09736,0.11553500000000001,0.0,103.265,79.225,101.03333333333333,99.69333333333333,0.0,0.0
99,1.0,0.0,0.0,1.0,1.0,0.0,0.0,1.0,0.0,100.0,1.0,1.1856,26.0,0.0,0.0,0.0,57.999998,25.625,26.0,26.0,26.0,26.0,-2.738777777777778,-0.5002,0.14750000000000002,309.052,-1.79,-3.880125,-0.19545,-2.4663000000000004,-9.45999999999998,180.0225,190.23525,0.0,0.0,0.0,0.0,0.16333333333333333,-5.498166666666667,-5.498166666666667,-0.28700000000000003,1.255,1.5748888888888888,-5.265000000000001,32.272,-1.3632,-0.171525,36.574,100.0,0.0,0.0,97.30666666666667,0.0,0.0,0.0,0.0,0.0,0.0,0.0,6895.4,0.0,55.0,2.0,116.35333333333332,1.0,0.0,0.0,0.0,0.0,0.0,1.0,0.0,4.9559999999999995,4.9559999999999995,0.0,0.0,1.0,55.0,616.79921,10000.0,85.000001,85.000001,85.000001,85.000001,395.0,0.0,0.0,0.0,1.0,333.33500000000004,64.301,64.301,70.084,70.084,34.0,8.670000000000002,0.0,-48.653333333333336,-4.362500000000001,0.0,1777.983,74.805,100.0,26.655,10.041,36.346000000000004,12.996,0.0,0.0,0.0,0.0,0.0,0.0,0.0,5497.0,0.0,4471.875,555.4000000000001,298.651,315.0,314.351,323.6105,22.7181,20.9825,22.7002,22.0672,314.999998,314.999998,324.999988,324.999988,99.57912857142857,99.5197,99.58604285714286,99.55998571428572,-6.251666666666667,0.0,-4.072166666666667,-3.9936666666666665,-0.17833333333332746,0.0,-1.0840000000000005,-1.428,42.988,32.1405,42.876,38.92,64.135,43.44,65.62049999999999,57.108,61.644999999999996,41.8195,64.057,55.2055,60.44,40.9125,63.837,54.449,5.813,-5.837,0.08233,0.10599000000000001,0.0,102.67,75.99000000000001,99.02333333333334,95.58666666666667,0.0,0.0
100,0.0,0.0,0.0,1.0,1.0,0.0,0.0,1.0,0.0,100.0,1.0,1.1856,26.0,0.0,0.0,0.0,57.999998,16.696666666666665,26.0,26.0,26.0,26.0,-2.549,-0.5929,-0.0517,309.998,-1.73485,-3.9125,-0.023599999999999954,-2.681,-8.680000000000007,178.585,190.238375,0.0,0.0,0.0,0.0,0.1643,-5.498166666666667,-5.498166666666667,-0.2419,1.1676666666666666,1.5387777777777778,2.6959999999999997,31.93,-1.0734000000000001,-0.17500000000000002,35.704,100.0,0.0,0.0,95.61,0.0,0.0,0.0,0.0,0.0,0.0,0.0,6775.1,0.0,55.0,2.0,115.09,0.0,0.0,0.0,0.0,0.0,0.0,0.0,0.0,5.007,5.007,0.0,0.0,0.0,55.0,616.79921,10000.0,85.000001,85.000001,85.000001,85.000001,395.0,0.0,0.0,0.0,1.0,166.665,68.924,68.924,66.544,66.544,34.0,7.615000000000002,0.0,-66.64666666666668,-5.855,0.0,1777.934,79.535,100.0,27.49,10.833,40.822,11.759999999999998,0.0,0.0,0.0,0.0,0.0,0.0,0.0,4151.25,0.0,4749.875,866.6999999999998,302.367,315.0,313.60925,323.0305,22.7276,20.9862,22.7091,22.0727,314.999998,314.999998,324.999988,324.999988,99.57971428571429,99.5197,99.5864,99.56004285714286,-6.268666666666667,0.0,-3.6646666666666667,-3.5766666666666667,-0.051666666666669414,0.0,-1.0620000000000003,-3.4475,43.048,32.1635,42.932,38.954,64.38,43.4185,65.7505,57.1065,61.879,41.8005,64.1875,55.2035,60.667,40.894,63.9695,54.446,6.237,-6.261000000000001,0.08121,0.10243000000000001,0.0,101.65,60.714999999999996,98.02333333333334,93.19333333333333,0.0,0.0
101,0.0,0.0,0.0,1.0,1.0,0.0,0.0,1.0,0.0,100.0,1.0,1.1856,26.0,0.0,0.0,0.0,57.999998,4.914999999999999,26.0,26.0,26.0,26.0,-2.4545555555555554,-0.46299999999999997,0.02785,309.616,-1.7951,-3.86525,-0.1107499999999999,-2.5997000000000003,-7.9599999999999795,177.1325,190.241125,0.0,0.0,0.0,0.0,0.16523333333333334,-5.498166666666667,-5.498166666666667,-0.3325,-1.0363333333333333,1.6212222222222223,2.269,31.643,-0.7854,-0.19825,34.086,100.0,0.0,0.0,95.80333333333334,0.0,0.0,0.0,0.0,0.0,0.0,0.0,6789.0,0.0,55.0,2.0,114.00666666666666,1.0,0.0,0.0,0.0,0.0,0.0,0.0,0.0,5.058,5.058,0.0,0.0,1.0,55.0,616.79921,10000.0,85.000001,85.000001,85.000001,85.000001,395.0,0.0,0.0,0.0,1.0,333.33500000000004,66.711,66.711,68.55799999999999,68.55799999999999,34.0,14.677500000000002,0.0,-61.63333333333333,-7.412500000000001,0.0,1777.88,90.72,100.0,26.765,10.782,40.928,12.0,0.0,0.0,0.0,0.0,0.0,0.0,0.0,5080.625,0.0,3784.75,703.6999999999998,300.0115,315.0,315.885,323.23625,22.7368,20.9899,22.7176,22.0781,314.999998,314.999998,324.999988,324.999988,99.58025714285715,99.5197,99.58665714285715,99.5601,-6.634333333333333,0.0,-3.0895,-2.9681666666666664,-0.19666666666666544,0.0,-0.7309999999999999,-1.2985000000000002,43.105000000000004,32.1865,42.985,38.9885,64.605,43.3975,65.8425,57.112,62.094,41.781,64.2805,55.2085,60.873,40.876,64.063,54.449333333333335,7.0280000000000005,-7.0344999999999995,0.084525,0.10505500000000001,0.0,100.44,54.305,97.39333333333333,94.21666666666667,0.0,0.0
102,0.0,0.0,0.0,1.0,1.0,0.0,0.0,1.0,0.0,100.0,1.0,1.1856,26.0,0.0,0.0,0.0,57.999998,0.0,26.0,26.0,26.0,26.0,-2.5054444444444446,-0.4183,0.05545,308.182,-1.88615,-3.7395,-0.28484999999999994,-2.3916000000000004,-7.339999999999975,175.75,190.242375,0.0,0.0,0.0,0.0,0.16613333333333333,-5.498166666666667,-5.498166666666667,-0.2856,4.675000000000001,1.9013333333333333,7.445,31.408,-0.6276,-0.156925,41.832,100.0,0.0,0.0,95.61333333333334,0.0,0.0,0.0,0.0,0.0,0.0,0.0,6775.4,0.0,55.0,2.0,113.14333333333333,0.0,0.0,0.0,0.0,0.0,0.0,0.0,0.0,5.106,5.106,0.0,0.0,0.0,55.0,616.79921,10000.0,85.000001,85.000001,85.000001,85.000001,395.0,0.0,0.0,0.0,1.0,333.33500000000004,62.729,62.729,70.77,70.77,34.0,11.0625,0.0,-46.39666666666667,-15.330000000000002,0.0,1777.832,93.62,100.0,28.961,10.962,38.281,11.915,0.0,0.0,0.0,0.0,0.0,0.0,0.0,5197.875,0.0,3136.625,1251.1,299.284,315.0,317.46225,322.07975,22.7461,20.9933,22.7254,22.0833,314.999998,314.999998,324.999988,324.999988,99.58092857142857,99.5197,99.58687142857143,99.56014285714286,-6.353666666666667,0.0,-3.2073333333333336,-3.1106666666666665,-0.23833333333332973,0.0,-0.6825000000000001,-0.6920000000000002,43.163,32.208,43.033,39.0205,64.878,43.3765,65.9055,57.107,62.355000000000004,41.762,64.3445,55.203,61.125,40.8575,64.128,54.443333333333335,7.378500000000001,-7.394,0.08505,0.106745,0.0,100.225,53.17,97.21333333333334,94.00999999999999,0.0,0.0
103,0.0,0.0,0.0,1.0,1.0,0.0,0.0,1.0,0.0,100.0,1.0,1.1856,26.0,0.0,0.0,0.0,57.999998,0.0,26.0,26.0,26.0,26.0,-2.7248888888888887,-0.37459999999999993,0.18565,306.473,-1.94665,-3.67725,-0.22985,-2.3924000000000003,-6.75,174.27,190.2435,0.0,0.0,0.0,0.0,0.16706666666666667,-5.498166666666667,-5.498166666666667,-0.13770000000000002,2.807666666666667,1.8447777777777778,-6.021,31.192999999999998,-0.4405,-0.111625,39.97,100.0,0.0,0.0,95.17,0.0,0.0,0.0,0.0,0.0,0.0,0.0,6744.0,0.0,55.0,2.0,112.34666666666666,1.0,0.0,0.0,0.0,0.0,0.0,0.0,0.0,5.157,5.157,0.0,0.0,1.0,55.0,616.79921,10000.0,85.000001,85.000001,85.000001,85.000001,395.0,0.0,0.0,0.0,1.0,333.33500000000004,63.629,63.629,66.254,66.254,34.0,6.652500000000003,0.0,-94.28999999999999,-19.3975,0.0,1777.781,95.66,100.0,28.798000000000002,11.299999999999999,38.739,14.266,0.0,0.0,0.0,0.0,0.0,0.0,0.0,4988.875,0.0,4938.5,1422.5,300.2585,315.0,313.28875,321.287,22.7556,20.997,22.7338,22.089,314.999998,314.999998,324.999988,324.999988,99.58148571428572,99.5197,99.5871,99.56024285714285,-6.133,0.0,-2.6981666666666664,-2.6126666666666667,-0.12666666666666515,0.0,-0.3860000000000001,-0.3450000000000002,43.223,32.231,43.086,39.0565,65.11,43.356,65.9805,57.1345,62.574,41.743,64.419,55.229,61.335,40.8395,64.203,54.467,7.5329999999999995,-7.548500000000001,0.08454500000000001,0.10565500000000001,0.0,99.58,53.17,96.70666666666666,93.63333333333333,0.0,0.0
104,0.0,0.0,0.0,1.0,1.0,0.0,0.0,1.0,0.0,100.0,1.0,1.1856,26.0,0.0,0.0,0.0,57.999998,0.0,26.0,26.0,26.0,26.0,-2.4242222222222223,-0.3799,0.11705,307.159,-1.8969,-3.72775,-0.026799999999999935,-2.738,-6.230000000000018,172.7725,190.247875,0.0,0.0,0.0,0.0,0.16803333333333334,-5.498166666666667,-5.498166666666667,-0.1403,0.22599999999999998,1.783111111111111,4.753,30.988999999999997,-0.2609,-0.175425,40.926,100.0,0.0,0.0,94.4,0.0,0.0,0.0,0.0,0.0,0.0,0.0,6689.4,0.0,55.0,2.0,111.61,0.0,0.0,0.0,0.0,0.0,0.0,0.0,0.0,5.208,5.208,0.0,0.0,0.0,55.0,616.79921,10000.0,85.000001,85.000001,85.000001,85.000001,395.0,0.0,0.0,0.0,1.0,333.33500000000004,65.979,65.979,63.202,63.202,34.0,7.587499999999999,0.0,-90.77333333333334,-8.8,0.0,1777.731,100.49000000000001,100.0,28.534,11.597999999999999,43.65,13.716,0.0,0.0,0.0,0.0,0.0,0.0,0.0,4609.0,0.0,4668.25,833.5999999999999,301.2885,315.0,313.68675,323.0455,22.7652,21.0005,22.7428,22.0945,314.999998,314.999998,324.999988,324.999988,99.58202857142857,99.5197,99.58731428571429,99.56028571428571,-6.196666666666667,0.0,-2.5066666666666664,-2.388,-0.173333333333332,0.0,-0.3780000000000001,-0.556,43.283,32.2535,43.141999999999996,39.0905,65.327,43.3365,66.0555,57.1285,62.781,41.725,64.49549999999999,55.223,61.533,40.823,64.2805,54.46033333333333,7.915000000000001,-7.9245,0.08351,0.105855,0.0,98.875,53.17,96.05333333333334,92.74333333333334,0.0,0.0
105,0.0,0.0,0.0,1.0,1.0,0.0,0.0,1.0,0.0,100.0,1.0,1.1856,26.0,0.0,0.0,0.0,57.999998,0.0,26.0,26.0,26.0,26.0,-2.323777777777778,-0.3841,0.021150000000000002,306.931,-2.05755,-3.4907500000000002,-0.27764999999999995,-2.4610000000000003,-5.7900000000000205,171.35750000000002,190.252375,0.0,0.0,0.0,0.0,0.1689,-5.498166666666667,-5.498166666666667,-0.20040000000000002,0.6286666666666667,2.0665555555555555,5.5760000000000005,30.801000000000002,-0.2554,-0.1731,44.138000000000005,100.0,0.0,0.0,93.83,0.0,0.0,0.0,0.0,0.0,0.0,0.0,6649.1,0.0,55.0,2.0,110.93333333333334,1.0,0.0,0.0,0.0,0.0,0.0,0.0,0.0,5.256,5.256,0.0,0.0,1.0,55.0,616.79921,10000.0,85.000001,85.000001,85.000001,85.000001,395.0,0.0,0.0,0.0,1.0,333.33500000000004,63.034,63.034,66.04,66.04,34.0,6.987500000000004,0.0,-55.95333333333333,-15.600000000000001,0.0,1777.684,100.985,100.0,28.041,11.64,41.266,13.953999999999999,0.0,0.0,0.0,0.0,0.0,0.0,0.0,4768.25,0.0,3261.75,1243.1,300.9085,315.0,317.1525,321.98675,22.7741,21.0039,22.7506,22.0996,314.999998,314.999998,324.999988,324.999988,99.58251428571428,99.5197,99.5875,99.56032857142857,-6.125333333333333,0.0,-2.6751666666666667,-2.555,-0.17999999999999972,0.0,-0.5215000000000001,-0.4215,43.338,32.2745,43.191,39.1225,65.53,43.317,66.106,57.127,62.974000000000004,41.707499999999996,64.5465,55.221000000000004,61.718,40.806,64.3325,54.45766666666667,7.9990000000000006,-8.0075,0.08696000000000001,0.10909500000000001,0.0,98.405,53.17,95.49666666666667,92.16333333333333,0.0,0.0
106,0.0,0.0,0.0,1.0,1.0,0.0,0.0,1.0,0.0,100.0,1.0,1.1856,26.0,0.0,0.0,0.0,57.999998,0.0,26.0,26.0,26.0,26.0,-2.5694444444444446,-0.38559999999999994,0.0952,305.74,-2.15595,-3.4615,-0.38734999999999997,-2.3175,-5.3799999999999955,169.845,190.255375,0.0,0.0,0.0,0.0,0.16983333333333334,-5.498166666666667,-5.498166666666667,-0.1836,2.9996666666666667,2.1695555555555557,-1.799,30.592,-0.299,-0.136275,48.50600000000001,100.0,0.0,0.0,93.28999999999999,0.0,0.0,0.0,0.0,0.0,0.0,0.0,6610.8,0.0,55.0,2.0,110.18333333333334,0.0,0.0,0.0,0.0,0.0,0.0,0.0,0.0,5.307,5.307,0.0,0.0,0.0,55.0,616.79921,10000.0,85.000001,85.000001,85.000001,85.000001,395.0,0.0,0.0,0.0,1.0,333.33500000000004,60.257,60.257,67.429,67.429,34.0,-2.884999999999998,0.0,-60.76,-19.715,0.0,1777.632,98.34,100.0,28.909,11.637,37.94,14.642,0.0,0.0,0.0,0.0,0.0,0.0,0.0,5131.25,0.0,3636.375,1453.6999999999998,299.813,315.0,316.388,321.366,22.7838,21.0074,22.7588,22.1052,314.999998,314.999998,324.999988,324.999988,99.58305714285714,99.5197,99.58765714285714,99.5604,-5.686333333333334,0.0,-2.9055,-2.826,-0.18500000000000227,0.0,-0.5249999999999999,-0.379,43.399,32.2965,43.242,39.1575,65.752,43.2965,66.155,57.138,63.184,41.6885,64.596,55.231,61.918,40.788,64.382,54.46633333333333,7.7905,-7.807,0.085235,0.10646000000000001,0.0,98.135,53.17,95.11666666666667,91.46000000000001,0.0,0.0
107,0.0,0.0,0.0,1.0,1.0,0.0,0.0,1.0,0.0,100.0,1.0,1.1856,26.0,0.0,0.0,0.0,57.999998,0.0,26.0,26.0,26.0,26.0,-2.716222222222222,-0.27649999999999997,0.26930000000000004,305.466,-2.13455,-3.4671250000000002,-0.25854999999999995,-2.4103000000000003,-5.0400000000000205,168.325,190.2595,0.0,0.0,0.0,0.0,0.17073333333333332,-5.498166666666667,-5.498166666666667,-0.11620000000000001,1.545,2.132111111111111,-3.5540000000000003,30.579,-0.3598,-0.158775,44.46,100.0,0.0,0.0,93.40333333333334,0.0,0.0,0.0,0.0,0.0,0.0,0.0,6618.9,0.0,55.0,2.0,110.13,1.0,0.0,0.0,0.0,0.0,0.0,0.0,0.0,5.3580000000000005,5.3580000000000005,0.0,0.0,1.0,55.0,616.79921,10000.0,85.000001,85.000001,85.000001,85.000001,395.0,0.0,0.0,0.0,1.0,166.665,63.461,63.461,63.354,63.354,34.0,0.9750000000000014,0.0,-90.48333333333333,-26.6025,0.0,1777.583,96.69500000000001,100.0,28.474,11.685,39.872,16.173000000000002,0.0,0.0,0.0,0.0,0.0,0.0,0.0,4348.125,0.0,4865.75,1851.0,302.018,315.0,313.4465,320.40875,22.7934,21.011,22.7674,22.111,314.999998,314.999998,324.999988,324.999988,99.58354285714286,99.5197,99.58791428571429,99.56051428571429,-5.804,0.0,-2.8413333333333335,-2.7483333333333335,-0.09499999999999886,0.0,-0.2865000000000002,-0.026499999999999968,43.459,32.3185,43.297,39.1935,65.956,43.275999999999996,66.239,57.17,63.376,41.67,64.68,55.2605,62.101,40.7705,64.466,54.49366666666667,7.6370000000000005,-7.649000000000001,0.086305,0.10927500000000001,0.0,97.91499999999999,53.17,95.05666666666667,91.75,0.0,0.0
108,0.0,0.0,0.0,1.0,1.0,0.0,0.0,1.0,0.0,100.0,1.0,1.1856,26.0,0.0,0.0,0.0,57.999998,0.0,26.0,26.0,26.0,26.0,-2.384444444444444,-0.3639,-0.010700000000000001,307.098,-2.0101,-3.620375,-0.13315,-2.6192,-4.769999999999982,166.885,190.26525,0.0,0.0,0.0,0.0,0.1716,-5.498166666666667,-5.498166666666667,-0.2084,-0.5636666666666668,2.001,1.7640000000000002,30.402,-0.30260000000000004,-0.21345,44.464,100.0,0.0,0.0,92.50333333333333,0.0,0.0,0.0,0.0,0.0,0.0,0.0,6555.1,0.0,55.0,2.0,109.49666666666667,0.0,0.0,0.0,0.0,0.0,0.0,0.0,0.0,5.406000000000001,5.406000000000001,0.0,0.0,0.0,55.0,616.79921,10000.0,85.000001,85.000001,85.000001,85.000001,395.0,0.0,0.0,0.0,1.0,166.665,64.041,64.041,64.728,64.728,34.0,-0.7274999999999991,0.0,-74.82333333333334,-4.3675,0.0,1777.535,96.96000000000001,100.0,27.916,11.733,41.825,14.671,0.0,0.0,0.0,0.0,0.0,0.0,0.0,4862.875,0.0,4113.125,451.0,300.6005,315.0,315.05175,323.88225,22.8024,21.0143,22.7756,22.1161,314.999998,314.999998,324.999988,324.999988,99.584,99.5197,99.58812857142857,99.56054285714286,-5.7843333333333335,0.0,-2.7506666666666666,-2.6418333333333335,-0.16499999999999915,0.0,-0.43999999999999995,-0.6275,43.515,32.3395,43.348,39.2255,66.141,43.257,66.3095,57.1635,63.552,41.6525,64.751,55.254,62.268,40.7535,64.5375,54.486666666666665,7.6675,-7.677,0.08379,0.10678000000000001,0.0,97.215,53.17,94.34333333333333,90.66333333333333,0.0,0.0
109,0.0,0.0,0.0,1.0,1.0,0.0,0.0,1.0,0.0,100.0,1.0,1.1856,26.0,0.0,0.0,0.0,57.999998,0.0,26.0,26.0,26.0,26.0,-2.025777777777778,0.2318,0.01845,306.244,-2.2523999999999997,-3.393875,-0.43909999999999993,-2.2727000000000004,-4.529999999999973,165.265,190.27025,0.0,0.0,0.0,0.0,0.17256666666666667,-5.498166666666667,-5.498166666666667,-0.1953,4.410333333333334,2.367,9.486,30.314,-0.5098,-0.15960000000000002,48.908,100.0,0.0,0.0,95.48333333333333,0.0,0.0,0.0,0.0,0.0,0.0,0.0,6766.4,0.0,55.0,2.0,109.13333333333333,1.0,0.0,0.0,0.0,0.0,0.0,0.0,0.0,5.459999999999999,5.459999999999999,0.0,0.0,1.0,55.0,616.79921,10000.0,85.000001,85.000001,85.000001,85.000001,395.0,0.0,0.0,0.0,1.0,166.665,61.356,61.356,66.116,66.116,34.0,-3.3999999999999986,0.036000000000001364,-40.36666666666667,-17.27,0.0,1777.48,90.55,100.0,28.282,11.746,38.598,14.395,0.0,0.0,45.501666666666665,0.0,0.0,0.0,0.0,4282.5,176.0999999999999,3126.625,1921.1999999999998,301.994,314.72066666666666,317.503,320.476,22.8128,21.018,22.784399999999998,22.1219,314.999998,314.999998,324.999988,324.999988,99.58452857142858,99.51971666666667,99.58832857142858,99.56061428571428,-5.560666666666666,-5.453,-3.4395000000000002,-3.3545000000000003,-0.22666666666666657,-43.19,1.6824999999999999,3.8520000000000003,43.58,32.3625,43.402,39.262,66.356,43.2405,66.374,57.1695,63.756,41.6375,64.816,55.2595,62.463,40.7395,64.6035,54.491,7.234500000000001,-7.253500000000001,0.09707500000000001,0.11568,0.0,97.255,53.699999999999996,96.50666666666666,94.46000000000001,0.0,0.0
110,0.0,0.0,0.0,1.0,1.0,0.0,0.0,1.0,0.0,100.0,1.0,1.1856,26.0,0.0,0.0,0.0,57.999998,0.0,26.0,26.0,26.0,26.0,-2.2856666666666667,-0.30689999999999995,0.13005,305.847,-2.22385,-3.421625,-0.40974999999999995,-2.3094,-4.3799999999999955,163.8175,190.273625,0.0,0.0,0.0,0.0,0.17343333333333333,-5.498166666666667,-5.498166666666667,-0.10210000000000001,2.247,2.2645555555555554,-10.193,30.246000000000002,-0.5579000000000001,-0.1012,43.946000000000005,100.0,0.0,0.0,93.76333333333332,0.0,0.0,0.0,0.0,0.0,0.0,0.0,6644.5,0.0,55.0,2.0,108.91666666666667,0.0,0.0,0.0,0.0,0.0,0.0,1.0,0.0,5.507999999999999,5.507999999999999,0.0,0.0,0.0,55.0,616.79921,10000.0,85.000001,85.000001,85.000001,85.000001,395.0,0.0,0.0,0.0,1.0,166.665,62.759,62.759,64.667,64.667,34.0,-5.954999999999998,0.0,-78.76,-23.6625,0.0,1777.432,88.75,100.0,26.992,11.586,37.476,16.419,0.0,0.0,55.695,0.0,0.0,0.0,0.0,4550.75,0.0,4633.375,1707.8,301.6935,315.0,314.2095,320.68775,22.8216,21.0213,22.7921,22.1274,314.999998,314.999998,324.999988,324.999988,99.58492857142858,99.51976666666667,99.58854285714285,99.56074285714286,-5.494,0.0,-3.12,-3.0383333333333336,-0.07000000000000028,0.0,0.3384999999999998,0.8674999999999999,43.635,32.3835,43.451,39.296,66.515,43.2885,66.441,57.214,63.903999999999996,41.681,64.883,55.301,62.604,40.78,64.67,54.53,7.022500000000001,-7.037000000000001,0.08905,0.10951500000000002,0.0,96.9,60.699999999999996,95.00666666666666,92.52333333333333,0.0,0.0
111,0.0,0.0,0.0,1.0,1.0,0.0,0.0,1.0,0.0,100.0,1.0,1.1856,26.0,0.0,0.0,0.0,57.999998,0.0,26.0,26.0,26.0,26.0,-2.610777777777778,0.17070000000000007,0.15480000000000002,306.183,-2.0276,-3.5452500000000002,-0.21165,-2.5974000000000004,-4.279999999999973,162.3675,190.27875,0.0,0.0,0.0,0.0,0.1743,-5.498166666666667,-5.498166666666667,-0.09240000000000001,1.1556666666666666,2.0844444444444443,0.835,30.332,-0.5413,-0.166375,40.864,100.0,0.0,0.0,93.87666666666667,0.0,0.0,0.0,0.0,0.0,0.0,0.0,6652.5,0.0,55.0,2.0,109.21000000000001,1.0,0.0,0.0,0.0,0.0,0.0,1.0,0.0,5.555999999999999,5.555999999999999,0.0,0.0,1.0,55.0,616.79921,10000.0,85.000001,85.000001,85.000001,85.000001,395.0,0.0,0.0,0.0,1.0,166.665,66.177,66.177,61.172,61.172,34.0,1.6424999999999983,0.0,-85.46000000000001,-15.900000000000002,0.0,1777.384,90.15,100.0,27.154,11.682,42.928,16.284,0.0,0.0,0.0,0.0,0.0,0.0,0.0,4121.75,0.0,4837.375,1565.3999999999999,302.506,315.0,313.3995,321.234,22.8308,21.0246,22.8006,22.1326,314.999998,314.999998,324.999988,324.999988,99.58537142857143,99.51976666666667,99.58881428571429,99.56082857142857,-5.837,0.0,-3.1046666666666667,-2.99,-0.19666666666666544,0.0,0.39949999999999974,3.0535,43.692,32.403999999999996,43.504,39.3285,66.698,43.269,66.539,57.238,64.078,41.6635,64.9805,55.323,62.769,40.7635,64.768,54.54966666666667,7.111000000000001,-7.122999999999999,0.09384,0.11497,0.0,96.865,60.699999999999996,94.62666666666667,93.13,0.0,0.0
112,0.0,0.0,0.0,1.0,1.0,0.0,0.0,1.0,0.0,100.0,1.0,1.1856,26.0,0.0,0.0,0.0,57.999998,0.0,26.0,26.0,26.0,26.0,-2.320333333333333,-0.36,0.0204,307.053,-1.9768999999999999,-3.5801250000000002,-0.17545,-2.5886,-4.230000000000018,160.825,190.285125,0.0,0.0,0.0,0.0,0.1752,-5.498166666666667,-5.498166666666667,-0.19540000000000002,-0.363,2.0594444444444444,1.638,30.174999999999997,-0.3926,-0.1883,40.534,100.0,0.0,0.0,91.82,0.0,0.0,0.0,0.0,0.0,0.0,0.0,6506.7,0.0,55.0,2.0,108.68333333333334,0.0,0.0,0.0,0.0,0.0,0.0,1.0,0.0,5.606999999999999,5.606999999999999,0.0,0.0,0.0,55.0,616.79921,10000.0,85.000001,85.000001,85.000001,85.000001,395.0,0.0,0.0,0.0,1.0,333.33500000000004,63.903999999999996,63.903999999999996,64.331,64.331,34.0,-1.832499999999996,0.0,-64.50666666666666,-4.380000000000001,0.0,1777.333,91.605,100.0,26.548000000000002,11.485999999999999,42.34,14.968,0.0,0.0,0.0,0.0,0.0,0.0,0.0,5155.75,0.0,3687.5,447.0999999999999,300.092,315.0,316.14725,323.8695,22.8403,21.0281,22.8091,22.137999999999998,314.999998,314.999998,324.999988,324.999988,99.58581428571429,99.51976666666667,99.58902857142857,99.56087142857143,-5.763333333333334,0.0,-2.7758333333333334,-2.654166666666667,-0.19166666666666998,0.0,-0.4710000000000001,-0.6135000000000002,43.751999999999995,32.426,43.557,39.3625,66.883,43.249,66.6065,57.2345,64.253,41.6445,65.0485,55.3195,62.937,40.7455,64.837,54.54533333333333,7.234999999999999,-7.244,0.085065,0.10493000000000001,0.0,96.305,60.699999999999996,93.46666666666667,90.17666666666668,0.0,0.0
113,0.0,0.0,0.0,1.0,1.0,0.0,0.0,1.0,0.0,100.0,1.0,1.1856,26.0,0.0,0.0,0.0,57.999998,0.0,26.0,26.0,26.0,26.0,-2.4402222222222223,-0.009199999999999986,0.04215,305.908,-2.40435,-3.2275,-0.47019999999999995,-2.1666,-4.240000000000009,159.2,190.2895,0.0,0.0,0.0,0.0,0.1761666666666667,-5.498166666666667,-5.498166666666667,-0.1188,5.4093333333333335,2.4027777777777777,2.7830000000000004,30.09,-0.49710000000000004,-0.11607500000000001,45.833999999999996,100.0,0.0,0.0,93.09666666666666,0.0,0.0,0.0,0.0,0.0,0.0,0.0,6597.0,0.0,55.0,2.0,108.35666666666667,1.0,0.0,0.0,0.0,0.0,0.0,1.0,0.0,5.661,5.661,0.0,0.0,1.0,55.0,616.79921,10000.0,85.000001,85.000001,85.000001,85.000001,395.0,0.0,0.0,0.0,1.0,166.665,61.722,61.722,63.873,63.873,34.0,-9.987499999999997,0.33800000000000097,-46.52333333333333,-29.325000000000003,0.0,1777.28,84.565,100.0,27.293,12.228,38.444,14.91,0.0,0.0,0.0,0.0,0.0,0.0,0.0,3785.375,569.1999999999998,3228.75,2317.3,303.5455,313.0176666666667,317.3425,319.579,22.8507,21.0318,22.8178,22.1438,314.999998,314.999998,324.999988,324.999988,99.58631428571428,99.51985,99.58922857142858,99.56094285714286,-5.161333333333333,-5.082,-3.2881666666666667,-3.1898333333333335,-0.20666666666667055,-25.883333333333333,0.8439999999999999,2.2315,43.817,32.4485,43.611,39.399,67.082,43.299,66.666,57.248,64.44200000000001,41.69,65.109,55.3315,63.116,40.788,64.8975,54.556333333333335,6.7379999999999995,-6.76,0.09564500000000001,0.11712000000000002,0.0,96.585,70.175,94.53666666666666,91.65333333333334,0.0,0.0
114,0.0,0.0,0.0,1.0,1.0,0.0,0.0,1.0,0.0,100.0,1.0,1.1856,26.0,0.0,0.0,0.0,57.999998,0.0,26.0,26.0,26.0,26.0,-2.1237777777777778,0.617,0.2622,305.817,-2.116,-3.533,-0.2701,-2.4765,-4.300000000000011,157.8475,190.293,0.0,0.0,0.0,0.0,0.1769666666666667,-5.498166666666667,-5.498166666666667,-0.0489,1.9553333333333334,2.0628888888888888,-7.182,30.088,-0.4782,-0.103925,41.614,100.0,0.0,0.0,96.43333333333334,0.0,0.0,0.0,0.0,0.0,0.0,0.0,6833.6,0.0,55.0,2.0,108.28,0.0,0.0,0.0,0.0,0.0,0.0,1.0,0.0,5.7059999999999995,5.7059999999999995,0.0,0.0,0.0,55.0,616.79921,10000.0,85.000001,85.000001,85.000001,85.000001,395.0,0.0,0.0,0.0,1.0,333.33500000000004,64.377,64.377,62.21,62.21,34.0,-20.572499999999998,0.0,-87.66,-5.795,0.0,1777.232,82.56,100.0,26.493,11.732,39.56,16.392,0.0,0.0,90.75666666666666,0.0,0.0,0.0,0.0,4532.0,0.0,5213.875,1522.8999999999999,301.6415,315.0,312.653,321.19675,22.859099999999998,21.0349,22.8254,22.1489,314.999998,314.999998,324.999988,324.999988,99.58665714285715,99.51988333333334,99.58945714285714,99.56104285714285,-4.972333333333333,0.0,-2.8955,-2.7911666666666664,-0.22999999999999687,0.0,2.0949999999999998,6.696,43.869,32.468,43.659,39.4305,67.22,43.3035,66.741,57.285,64.571,41.694,65.1835,55.3665,63.238,40.7915,64.972,54.58866666666667,6.504,-6.523,0.09661,0.11456000000000001,0.0,96.28,74.145,96.46666666666667,96.39666666666666,0.0,0.0
115,0.0,0.0,0.0,1.0,1.0,0.0,0.0,1.0,0.0,100.0,1.0,1.1856,26.0,0.0,0.0,0.0,57.999998,0.0,26.0,26.0,26.0,26.0,-1.8543333333333334,0.6809000000000001,0.06775,307.846,-2.1644,-3.3985,-0.3686999999999999,-2.572,-4.420000000000016,156.31,190.29975,0.0,0.0,0.0,0.0,0.17786666666666667,-5.498166666666667,-5.498166666666667,-0.0733,-0.3443333333333334,2.1257777777777775,3.726,30.412,-0.5959,-0.1648,39.882,100.0,0.0,0.0,97.24666666666667,0.0,0.0,0.0,0.0,0.0,0.0,0.0,6891.3,0.0,55.0,2.0,109.44,1.0,0.0,0.0,0.0,0.0,0.0,1.0,0.0,5.757,5.757,0.0,0.0,1.0,55.0,616.79921,10000.0,85.000001,85.000001,85.000001,85.000001,395.0,0.0,0.0,0.0,1.0,333.33500000000004,70.068,70.068,60.989,60.989,34.0,-4.295000000000002,0.0,-54.54,-9.850000000000001,0.0,1777.182,82.185,100.0,24.585,11.447,43.519,17.438000000000002,0.0,0.0,76.45666666666666,0.0,0.0,0.0,0.0,3118.875,0.0,4079.125,2138.1,305.5695,315.0,315.13225,319.8235,22.8685,21.0384,22.8343,22.1546,314.999998,314.999998,324.999988,324.999988,99.587,99.51988333333334,99.58975714285714,99.5612,-5.376666666666667,0.0,-3.1561666666666666,-3.0221666666666667,-0.24499999999999744,0.0,2.8905,6.4245,43.928,32.49,43.715,39.466,67.355,43.2845,66.8465,57.341499999999996,64.7,41.6765,65.289,55.4185,63.361,40.7745,65.0775,54.637,6.502000000000001,-6.5045,0.10284000000000001,0.11904,0.0,97.025,74.145,97.24666666666667,97.24666666666667,0.0,0.0
116,0.0,0.0,0.0,1.0,1.0,0.0,0.0,1.0,0.0,100.0,1.0,1.1856,26.0,0.0,0.0,0.0,57.999998,0.0,26.0,26.0,26.0,26.0,-2.3775555555555554,-0.3323999999999999,-0.0781,307.205,-2.1962,-3.441375,-0.31365,-2.4361,-4.599999999999966,154.675,190.304875,0.0,0.0,0.0,0.0,0.17883333333333334,-5.498166666666667,-5.498166666666667,-0.22870000000000001,-0.6866666666666668,2.098222222222222,-1.876,30.427,-0.5729000000000001,-0.14325000000000002,38.848000000000006,100.0,0.0,0.0,92.71000000000001,0.0,0.0,0.0,0.0,0.0,0.0,0.0,6569.6,0.0,55.0,2.0,109.6,0.0,0.0,0.0,0.0,0.0,0.0,1.0,0.0,5.811,5.811,0.0,0.0,0.0,55.0,616.79921,10000.0,85.000001,85.000001,85.000001,85.000001,395.0,0.0,0.0,0.0,1.0,166.665,63.4,63.4,64.209,64.209,34.0,-5.472499999999997,0.0,-56.67333333333333,-5.605,0.0,1777.13,83.95,100.0,23.616,10.165,40.149,16.194,0.0,0.0,0.0,0.0,0.0,0.0,0.0,5278.375,0.0,3474.25,533.6999999999998,299.809,315.0,316.76825,323.65475,22.8784,21.042,22.8431,22.1604,314.999998,314.999998,324.999988,324.999988,99.5874,99.51988333333334,99.58997142857143,99.56128571428572,-5.593333333333334,0.0,-2.9771666666666667,-2.8565,-0.211666666666666,0.0,-0.47250000000000014,-0.22699999999999987,43.99,32.5125,43.769999999999996,39.5025,67.519,43.2625,66.9115,57.3595,64.854,41.6565,65.3545,55.4345,63.507,40.756,65.1435,54.65133333333333,6.644500000000001,-6.638999999999999,0.08393500000000001,0.10669000000000001,0.0,97.01,74.145,94.13,91.28666666666666,0.0,0.0
117,0.0,0.0,0.0,1.0,1.0,0.0,0.0,1.0,0.0,100.0,1.0,1.1856,26.0,0.0,0.0,0.0,57.999998,0.0,26.0,26.0,26.0,26.0,-2.3485555555555555,-0.18269999999999997,0.22585000000000002,305.084,-2.15765,-3.624375,-0.22244999999999993,-2.4942,-4.800000000000011,153.3275,190.307125,0.0,0.0,0.0,0.0,0.17963333333333334,-5.498166666666667,-5.498166666666667,-0.1781,5.592333333333333,2.0096666666666665,-2.548,30.18,-0.504,-0.1439,49.550000000000004,100.0,0.0,0.0,95.76666666666667,0.0,0.0,0.0,0.0,0.0,0.0,0.0,6786.3,0.0,55.0,2.0,108.67,1.0,0.0,0.0,0.0,0.0,0.0,1.0,0.0,5.856,5.856,0.0,0.0,1.0,55.0,616.79921,10000.0,85.000001,85.000001,85.000001,85.000001,395.0,0.0,0.0,0.0,1.0,333.33500000000004,59.448,59.448,62.912,62.912,34.0,-52.935,-6.258000000000003,-63.443333333333335,-6.9025,0.0,1777.083,74.355,100.0,28.186,12.360999999999999,39.399,14.138,0.0,0.0,100.0,0.0,0.0,0.0,0.0,5055.5,740.8999999999999,4161.25,888.3,299.88,312.495,315.17925,322.8405,22.8875,21.0451,22.8505,22.1651,314.999998,314.999998,324.999988,324.999988,99.58782857142857,99.51996666666666,99.59015714285714,99.56131428571429,-4.193,-4.095000000000001,-3.3123333333333336,-3.2468333333333335,-0.19166666666666998,-2.6183333333333323,1.297,3.6585,44.047,32.532,43.816,39.532,67.687,43.3215,66.971,57.352000000000004,65.012,41.7095,65.4145,55.4275,63.656,40.805,65.2035,54.64366666666667,5.9865,-6.0275,0.09070500000000001,0.10979000000000001,0.0,97.14,91.4,96.05666666666667,95.47333333333333,0.0,0.0
118,0.0,0.0,0.0,1.0,1.0,0.0,0.0,1.0,0.0,100.0,1.0,1.1856,26.0,0.0,0.0,0.0,57.999998,0.0,26.0,26.0,26.0,26.0,-2.0522222222222224,0.9871000000000001,0.22425,306.03,-2.1519,-3.5103750000000002,-0.37954999999999994,-2.4134,-5.079999999999984,151.805,190.311875,0.0,0.0,0.0,0.0,0.18053333333333332,-5.498166666666667,-5.498166666666667,0.052500000000000005,4.017333333333333,2.015222222222222,-1.2,30.537,-0.8107000000000001,-0.06735000000000001,46.034,100.0,0.0,0.0,99.25999999999999,0.0,0.0,0.0,0.0,0.0,0.0,0.0,7033.8,0.0,55.0,2.0,109.87333333333333,0.0,0.0,0.0,0.0,0.0,0.0,1.0,0.0,5.907,5.907,0.0,0.0,0.0,55.0,616.79921,10000.0,85.000001,85.000001,85.000001,85.000001,395.0,0.0,0.0,0.0,1.0,166.665,68.481,68.481,58.273,58.273,34.0,-28.88,0.0,-49.10666666666667,-4.695,0.0,1777.033,65.555,100.0,25.259,11.938,41.543,18.066,0.0,0.0,100.0,0.0,0.0,0.0,0.0,3021.125,0.0,5346.75,2693.0,305.9285,315.0,312.31625,318.42925,22.897100000000002,21.0485,22.8594,22.171,314.999998,314.999998,324.999988,324.999988,99.5881,99.51996666666666,99.59052857142858,99.56154285714285,-4.073666666666666,0.0,-3.7561666666666667,-3.6965,-0.19500000000000028,0.0,4.175,8.303,44.107,32.5535,43.871,39.5685,67.793,43.306,67.1065,57.448,65.113,41.6955,65.549,55.516999999999996,63.752,40.7915,65.3385,54.728,5.1965,-5.222,0.11042500000000001,0.122785,0.0,98.075,92.095,99.25999999999999,99.25999999999999,0.0,0.0
119,0.0,0.0,0.0,1.0,1.0,0.0,0.0,1.0,0.0,100.0,1.0,1.1856,26.0,0.0,0.0,0.0,57.999998,0.0,26.0,26.0,26.0,26.0,-1.8287777777777778,0.6063000000000001,-0.051300000000000005,309.143,-2.06285,-3.67575,-0.35849999999999993,-2.4952,-5.439999999999998,150.1825,190.320125,0.0,0.0,0.0,0.0,0.18150000000000002,-5.498166666666667,-5.498166666666667,-0.0534,-3.0343333333333335,1.8688888888888888,-2.542,30.939999999999998,-0.9648,-0.145825,37.87,100.0,0.0,0.0,99.21666666666667,0.0,0.0,0.0,0.0,0.0,0.0,0.0,7030.8,0.0,55.0,2.0,111.38666666666667,1.0,0.0,0.0,0.0,0.0,0.0,1.0,0.0,5.961,5.961,0.0,0.0,1.0,55.0,616.79921,10000.0,85.000001,85.000001,85.000001,85.000001,395.0,0.0,0.0,0.0,1.0,166.665,73.181,73.181,60.745,60.745,34.0,-15.3325,0.0,-41.78333333333333,-4.5525,0.0,1776.979,66.19,100.0,21.651,10.495,44.667,19.731,0.0,0.0,64.44333333333333,0.0,0.0,0.0,0.0,3243.0,0.0,4025.0,1303.8,305.4435,315.0,315.30175,321.52125,22.9066,21.0522,22.869,22.1772,314.999998,314.999998,324.999988,324.999988,99.58835714285715,99.51996666666666,99.59094285714286,99.56175714285715,-4.83,0.0,-3.6225,-3.4941666666666666,-0.19333333333332803,0.0,3.403,6.7375,44.167,32.576,43.931,39.6075,67.893,43.284,67.257,57.543,65.208,41.6755,65.6985,55.6045,63.842,40.7725,65.4875,54.81033333333333,5.211,-5.2075000000000005,0.10785000000000002,0.11657000000000001,0.0,98.605,92.095,99.21666666666667,99.21666666666667,0.0,0.0
120,0.0,0.0,0.0,1.0,1.0,0.0,0.0,1.0,0.0,100.0,1.0,1.1856,26.0,0.0,0.0,0.0,57.999998,0.0,26.0,26.0,26.0,26.0,-1.807,0.2741,-0.15945,309.036,-2.2248,-3.531875,-0.35,-2.4223,-5.7900000000000205,148.83,190.324,0.0,0.0,0.0,0.0,0.18233333333333335,-5.498166666666667,-5.498166666666667,-0.2155,-0.8860000000000001,1.9288888888888889,5.33,31.043,-1.1325,-0.110375,39.286,100.0,0.0,0.0,100.21333333333334,0.0,0.0,0.0,0.0,0.0,0.0,0.0,7101.5,0.0,55.0,2.0,111.80666666666667,0.0,0.0,0.0,0.0,0.0,0.0,0.0,0.0,6.006,6.006,0.0,0.0,0.0,55.0,616.79921,10000.0,85.000001,85.000001,85.000001,85.000001,395.0,0.0,0.0,0.0,1.0,333.33500000000004,67.749,67.749,62.958,62.958,34.0,-13.355,0.0,-29.276666666666664,-0.4900000000000002,0.0,1776.932,65.15,100.0,21.329,9.642,41.126,16.878,0.0,0.0,39.663333333333334,0.0,0.0,0.0,0.0,4285.875,0.0,3273.875,818.3999999999999,302.7375,315.0,317.2025,323.11275,22.9149,21.0552,22.8764,22.1819,314.999998,314.999998,324.999988,324.999988,99.58865714285714,99.51996666666666,99.59118571428571,99.56181428571429,-5.1466666666666665,0.0,-4.023166666666667,-3.9133333333333336,-0.22833333333333172,0.0,2.635,8.679,44.218,32.595,43.977000000000004,39.637,68.007,43.266,67.337,57.555,65.316,41.659,65.778,55.616,63.945,40.7565,65.5675,54.82,5.168,-5.1625000000000005,0.09904500000000001,0.11073000000000001,0.0,98.96,92.095,99.08666666666667,101.34333333333333,0.0,0.0
121,0.0,0.0,0.0,1.0,1.0,0.0,0.0,1.0,0.0,100.0,1.0,1.1856,26.0,0.0,0.0,0.0,57.999998,0.0,26.0,26.0,26.0,26.0,-2.3017777777777777,0.6746000000000001,0.34085000000000004,305.511,-2.2649,-3.418,-0.39744999999999997,-2.3583,-6.21999999999997,147.3025,190.326,0.0,0.0,0.0,0.0,0.1832666666666667,-5.498166666666667,-5.498166666666667,-0.12660000000000002,6.231666666666667,1.9575555555555555,-5.774,31.209,-1.1965000000000001,-0.098875,46.711999999999996,100.0,0.0,0.0,102.31666666666666,0.0,0.0,0.0,0.0,0.0,0.0,0.0,7250.4,0.0,55.0,2.0,112.37333333333333,1.0,0.0,0.0,0.0,0.0,0.0,0.0,0.0,6.057,6.057,0.0,0.0,1.0,55.0,616.79921,10000.0,85.000001,85.000001,85.000001,85.000001,395.0,0.0,0.0,0.0,1.0,333.33500000000004,63.248,63.248,60.059,60.059,34.0,-38.1275,-4.393999999999998,-22.89,-0.7000000000000011,0.0,1776.882,60.08,100.0,24.315,11.485999999999999,39.509,17.134999999999998,0.0,0.0,100.0,0.0,0.0,0.0,0.0,4405.0,464.5,4512.875,1806.6,301.904,313.22633333333334,314.43675,320.54925,22.9249,21.0587,22.884900000000002,22.1876,314.999998,314.999998,324.999988,324.999988,99.58905714285714,99.52005,99.59148571428571,99.562,-4.339,-4.3065,-4.322,-4.268666666666667,-0.2749999999999986,-0.336666666666666,4.751,8.795,44.281,32.617,44.031,39.6725,68.168,43.3045,67.4515,57.626,65.467,41.6935,65.8915,55.6825,64.088,40.789,65.681,54.882333333333335,4.7540000000000004,-4.7755,0.106435,0.118845,0.0,100.155,96.18,102.31666666666666,102.31666666666666,0.0,0.0
122,0.0,0.0,0.0,1.0,1.0,0.0,0.0,1.0,0.0,100.0,1.0,1.1856,26.0,0.0,0.0,0.0,57.999998,0.0,26.0,26.0,26.0,26.0,-2.2004444444444444,0.9843000000000002,0.25270000000000004,306.198,-2.0058,-3.6986250000000003,-0.361,-2.4555,-6.71999999999997,145.7775,190.33125,0.0,0.0,0.0,0.0,0.1842,-5.498166666666667,-5.498166666666667,0.07590000000000001,3.02,1.7343333333333333,-6.037,31.576,-1.375,-0.056375,40.758,100.0,0.0,0.0,102.99666666666667,0.0,0.0,0.0,0.0,0.0,0.0,0.0,7298.6,0.0,55.0,2.0,113.68666666666667,0.0,0.0,0.0,0.0,0.0,0.0,0.0,0.0,6.1080000000000005,6.1080000000000005,0.0,0.0,0.0,55.0,616.79921,10000.0,85.000001,85.000001,85.000001,85.000001,395.0,0.0,0.0,0.0,1.0,333.33500000000004,69.794,69.794,57.465,57.465,34.0,-31.057499999999997,0.0,-29.59,-2.3575,0.0,1776.831,51.095,100.0,23.6,10.718,42.619,18.927,0.0,0.0,100.0,0.0,0.0,0.0,0.0,3426.125,0.0,5670.375,2724.1,304.834,315.0,311.717,318.43975,22.9346,21.0621,22.8941,22.1935,314.999998,314.999998,324.999988,324.999988,99.58935714285714,99.52005,99.59198571428571,99.56225714285715,-4.2236666666666665,0.0,-4.3773333333333335,-4.3075,-0.15500000000000114,0.0,4.915,8.4585,44.341,32.6385,44.088,39.7095,68.281,43.286,67.638,57.7485,65.574,41.6765,66.077,55.7965,64.189,40.7725,65.866,54.99033333333333,4.046,-4.0680000000000005,0.10726000000000001,0.12244000000000001,0.0,101.015,96.235,102.99666666666667,102.99666666666667,0.0,0.0
123,0.0,0.0,0.0,1.0,1.0,0.0,0.0,1.0,0.0,100.0,1.0,1.1856,26.0,0.0,0.0,0.0,57.999998,0.0,26.0,26.0,26.0,26.0,-1.923111111111111,0.47060000000000013,-0.024650000000000002,309.509,-1.75315,-3.74775,-0.17884999999999995,-2.6875999999999998,-7.240000000000009,144.3425,190.340125,0.0,0.0,0.0,0.0,0.18510000000000001,-5.498166666666667,-5.498166666666667,0.0063,-2.0063333333333335,1.468888888888889,-1.647,31.897,-1.3592,-0.15705,34.558,100.0,0.0,0.0,103.60333333333332,0.0,0.0,0.0,0.0,0.0,0.0,0.0,7341.8,0.0,55.0,2.0,114.9,1.0,0.0,0.0,0.0,0.0,0.0,0.0,0.0,6.156000000000001,6.156000000000001,0.0,0.0,1.0,55.0,616.79921,10000.0,85.000001,85.000001,85.000001,85.000001,395.0,0.0,0.0,0.0,1.0,166.665,74.112,74.112,60.349,60.349,34.0,-22.335,0.0,-44.32,-0.0625,0.0,1776.785,53.21000000000001,100.0,22.458,10.238,46.04,19.317,0.0,0.0,65.14833333333334,0.0,0.0,0.0,0.0,3548.125,0.0,4636.75,642.4000000000001,304.4575,315.0,313.84775,323.254,22.9435,21.0653,22.9029,22.1991,314.999998,314.999998,324.999988,324.999988,99.58962857142858,99.52005,99.59244285714286,99.56245714285714,-4.691333333333334,0.0,-4.0735,-3.946,-0.20666666666667055,0.0,3.0085,9.449,44.397,32.658500000000004,44.143,39.744,68.388,43.266,67.8055,57.832,65.67699999999999,41.658500000000004,66.243,55.8735,64.288,40.7555,66.0325,55.062666666666665,4.165,-4.1745,0.10422000000000001,0.11192500000000001,0.0,101.545,96.235,101.68333333333334,105.52666666666667,0.0,0.0
124,0.0,0.0,0.0,1.0,1.0,0.0,0.0,1.0,0.0,100.0,1.0,1.1856,26.0,0.0,0.0,0.0,57.999998,0.0,26.0,26.0,26.0,26.0,-1.668888888888889,0.3863000000000001,-0.27840000000000004,310.15,-2.26785,-3.5025,-0.3349,-2.4433,-7.839999999999975,142.8275,190.346625,0.0,0.0,0.0,0.0,0.18603333333333333,-5.498166666666667,-5.498166666666667,-0.1273,-1.334,1.7022222222222223,6.997999999999999,31.985999999999997,-1.4663000000000002,-0.07605,32.684000000000005,100.0,0.0,0.0,103.27,0.0,0.0,0.0,0.0,0.0,0.0,0.0,7318.0,0.0,55.0,2.0,115.23666666666668,0.0,0.0,0.0,0.0,0.0,0.0,0.0,0.0,6.206999999999999,6.206999999999999,0.0,0.0,0.0,55.0,616.79921,10000.0,85.000001,85.000001,85.000001,85.000001,395.0,0.0,0.0,0.0,1.0,333.33500000000004,70.48,70.48,61.05,61.05,34.0,-8.649999999999999,0.0,-23.363333333333333,-0.6325000000000003,0.0,1776.732,53.44,100.0,20.322,9.677999999999999,42.074,16.27,0.0,0.0,38.465,0.0,0.0,0.0,0.0,3253.5,0.0,3224.375,1126.3,305.7265,315.0,317.32725,322.37575,22.9528,21.0687,22.9116,22.2045,314.999998,314.999998,324.999988,324.999988,99.58992857142857,99.52005,99.59274285714285,99.56254285714286,-5.129,0.0,-4.255833333333333,-4.132166666666667,-0.15833333333333144,0.0,2.9825,8.598500000000001,44.455,32.6795,44.197,39.778,68.501,43.2455,67.9125,57.854,65.785,41.6395,66.3505,55.8935,64.391,40.7375,66.1405,55.08,4.215,-4.2090000000000005,0.09901000000000001,0.11263500000000001,0.0,101.655,96.235,102.11666666666667,104.42333333333333,0.0,0.0
125,0.0,0.0,0.0,1.0,1.0,0.0,0.0,1.0,0.0,100.0,1.0,1.1856,26.0,0.0,0.0,0.0,57.999998,0.0,26.0,26.0,26.0,26.0,-2.4042222222222223,0.5865,0.27190000000000003,305.328,-2.2835,-3.399,-0.3061499999999999,-2.4523,-8.480000000000018,141.325,190.34875,0.0,0.0,0.0,0.0,0.187,-5.498166666666667,-5.498166666666667,-0.0949,5.132,1.6455555555555557,-9.297,32.153,-1.3361,-0.094075,39.218,100.0,0.0,0.0,104.65333333333334,0.0,0.0,0.0,0.0,0.0,0.0,0.0,7416.1,0.0,55.0,2.0,115.79333333333332,1.0,0.0,0.0,0.0,0.0,0.0,0.0,0.0,6.257999999999999,6.257999999999999,0.0,0.0,1.0,55.0,616.79921,10000.0,85.000001,85.000001,85.000001,85.000001,395.0,0.0,0.0,0.0,1.0,333.33500000000004,62.622,62.622,58.182,58.182,34.0,-38.5925,-7.026000000000003,-32.766666666666666,-2.59,0.0,1776.681,51.25,100.0,23.719,12.062,40.22,16.653,0.0,0.0,100.0,0.0,0.0,0.0,0.0,4552.5,694.2999999999997,4763.75,1437.6999999999998,301.579,312.36466666666666,313.9205,321.3915,22.962699999999998,21.0723,22.9203,22.2102,314.999998,314.999998,324.999988,324.999988,99.59031428571429,99.52015,99.59305714285715,99.5627,-4.369666666666666,-4.364,-4.111666666666667,-4.011666666666667,-0.24833333333332774,-0.2666666666666657,4.3515,7.6075,44.516999999999996,32.7015,44.251999999999995,39.814,68.658,43.2945,68.0285,57.9195,65.932,41.684,66.4655,55.955,64.53,40.778999999999996,66.2555,55.13766666666667,4.113,-4.1385000000000005,0.11005500000000001,0.116885,0.0,102.69,99.43,104.08666666666667,105.22,0.0,0.0
126,0.0,0.0,0.0,1.0,1.0,0.0,0.0,1.0,0.0,100.0,1.0,1.1856,26.0,0.0,0.0,0.0,57.999998,0.0,26.0,26.0,26.0,26.0,-2.0986666666666665,0.9968000000000001,0.27625,306.076,-1.9525,-3.73575,-0.33604999999999996,-2.4837,-9.149999999999977,139.92,190.354875,0.0,0.0,0.0,0.0,0.1879,-5.498166666666667,-5.498166666666667,0.0966,3.6656666666666666,1.366,-4.308,32.522,-1.3681,-0.08385000000000001,37.21,100.0,0.0,0.0,106.24333333333334,0.0,0.0,0.0,0.0,0.0,0.0,0.0,7528.8,0.0,55.0,2.0,117.08666666666667,0.0,0.0,0.0,0.0,0.0,0.0,0.0,0.0,6.305999999999999,6.305999999999999,0.0,0.0,0.0,55.0,616.79921,10000.0,85.000001,85.000001,85.000001,85.000001,395.0,0.0,0.0,0.0,1.0,333.33500000000004,68.68,68.68,57.8,57.8,34.0,-37.64,0.0,-28.91,-3.0325000000000006,0.0,1776.633,46.81,100.0,24.264,11.048,43.332,18.371000000000002,0.0,0.0,100.0,0.0,0.0,0.0,0.0,3626.25,0.0,5327.75,2502.2,304.1375,315.0,312.6,318.92375,22.9721,21.075499999999998,22.9292,22.2158,314.999998,314.999998,324.999988,324.999988,99.59062857142857,99.52015,99.59354285714285,99.56294285714286,-4.076333333333333,0.0,-4.114166666666667,-4.004166666666666,-0.211666666666666,0.0,5.303,8.443000000000001,44.576,32.7215,44.307,39.849000000000004,68.778,43.28,68.204,58.025999999999996,66.047,41.6705,66.6405,56.0535,64.639,40.766,66.431,55.231,3.697,-3.7264999999999997,0.11571500000000001,0.1208,0.0,103.82,99.53,106.24333333333334,106.24333333333334,0.0,0.0
127,0.0,0.0,0.0,1.0,1.0,0.0,0.0,1.0,0.0,100.0,1.0,1.1856,26.0,0.0,0.0,0.0,57.999998,0.0,26.0,26.0,26.0,26.0,-1.8116666666666665,0.5619000000000001,-0.0673,309.982,-1.7645,-3.96575,-0.21819999999999995,-2.6466000000000003,-9.909999999999968,138.4325,190.366,0.0,0.0,0.0,0.0,0.1889,-5.498166666666667,-5.498166666666667,0.0683,-1.863,1.147,-1.55,32.911,-1.3161,-0.1612,30.834000000000003,100.0,0.0,0.0,107.08333333333334,0.0,0.0,0.0,0.0,0.0,0.0,0.0,7588.3,0.0,55.0,2.0,118.53,1.0,0.0,0.0,0.0,0.0,0.0,0.0,0.0,6.356999999999999,6.356999999999999,0.0,0.0,1.0,55.0,616.79921,10000.0,85.000001,85.000001,85.000001,85.000001,395.0,0.0,0.0,0.0,1.0,333.33500000000004,74.82900000000001,74.82900000000001,60.638,60.638,34.0,-25.87,0.0,-45.626666666666665,-0.4250000000000007,0.0,1776.582,48.45,100.0,22.158,10.375,45.78,19.448,0.0,0.0,79.49000000000001,0.0,0.0,0.0,0.0,3281.875,0.0,4471.5,759.6999999999998,305.267,315.0,314.248,322.94,22.9816,21.0788,22.9387,22.2218,314.999998,314.999998,324.999988,324.999988,99.59091428571429,99.52015,99.59401428571428,99.56315714285714,-4.426,0.0,-3.7173333333333334,-3.573,-0.18666666666666742,0.0,3.5425,9.1325,44.635,32.7425,44.367,39.8865,68.882,43.2585,68.378,58.1205,66.146,41.650999999999996,66.8135,56.1415,64.734,40.7475,66.604,55.313,3.7940000000000005,-3.8040000000000003,0.10212,0.11252000000000001,0.0,104.58,99.53,105.29666666666667,108.87,0.0,0.0
128,0.0,0.0,0.0,1.0,1.0,0.0,0.0,1.0,0.0,100.0,1.0,1.1856,26.0,0.0,0.0,0.0,57.999998,0.0,26.0,26.0,26.0,26.0,-1.566,0.3996000000000002,-0.32835000000000003,311.92,-1.9963499999999998,-3.46825,-0.34995,-2.4240000000000004,-10.71999999999997,136.9575,190.373625,0.0,0.0,0.0,0.0,0.18986666666666668,-5.498166666666667,-5.498166666666667,-0.0485,-1.4620000000000002,1.3575555555555554,6.327999999999999,33.025999999999996,-1.3971,-0.05945,29.136000000000003,100.0,0.0,0.0,106.51666666666667,0.0,0.0,0.0,0.0,0.0,0.0,0.0,7548.0,0.0,55.0,2.0,118.96333333333334,0.0,0.0,0.0,0.0,0.0,0.0,0.0,0.0,6.4079999999999995,6.4079999999999995,0.0,0.0,0.0,55.0,616.79921,10000.0,85.000001,85.000001,85.000001,85.000001,395.0,0.0,0.0,0.0,1.0,166.665,73.944,73.944,62.561,62.561,34.0,-11.887500000000003,0.0,-30.813333333333333,-0.9574999999999996,0.0,1776.533,50.05,100.0,19.456,9.515,41.693,16.424,0.0,0.0,36.35166666666667,0.0,0.0,0.0,0.0,2667.75,0.0,3234.0,1129.5,307.0945,315.0,317.32625,322.374,22.9909,21.0822,22.947499999999998,22.2273,314.999998,314.999998,324.999988,324.999988,99.59117142857143,99.52015,99.59428571428572,99.56324285714285,-4.828666666666667,0.0,-3.856833333333334,-3.7116666666666664,-0.16166666666666885,0.0,2.7855,8.6765,44.693,32.764,44.422,39.921,68.981,43.2375,68.4745,58.144,66.241,41.632,66.9105,56.163,64.825,40.7295,66.7015,55.33233333333333,3.9135,-3.901,0.098835,0.11240000000000001,0.0,104.825,99.53,105.02,108.01333333333334,0.0,0.0
129,0.0,0.0,0.0,1.0,1.0,0.0,0.0,1.0,0.0,100.0,1.0,1.1856,26.0,0.0,0.0,0.0,57.999998,0.0,26.0,26.0,26.0,26.0,-2.456444444444444,0.32910000000000017,0.25225000000000003,306.534,-2.7264,-3.3072500000000002,-0.7476,-2.402,-11.569999999999993,135.4975,190.37425,0.0,0.0,0.0,0.0,0.19086666666666668,-5.498166666666667,-5.498166666666667,-0.14600000000000002,0.732,1.3316666666666666,-10.713000000000001,33.174,-1.2013,-0.07795,30.504000000000005,100.0,0.0,0.0,105.23666666666666,0.0,0.0,0.0,0.0,0.0,0.0,0.0,7457.5,0.0,55.0,2.0,119.47666666666666,1.0,0.0,0.0,0.0,0.0,0.0,0.0,0.0,6.459,6.459,0.0,0.0,1.0,55.0,616.79921,10000.0,85.000001,85.000001,85.000001,85.000001,395.0,0.0,0.0,0.0,1.0,166.665,63.461,63.461,58.136,58.136,34.0,-24.5325,-13.518,-55.29,-9.145,0.0,1776.479,53.32000000000001,100.0,20.958,10.961,39.576,16.655,0.0,0.0,69.32833333333333,0.0,0.0,0.0,0.0,4389.0,1387.5,4303.125,1346.1999999999998,302.2225,310.44966666666664,315.00325,321.5845,23.0004,21.0857,22.9563,22.2331,314.999998,314.999998,324.999988,324.999988,99.59148571428571,99.52021666666667,99.59457142857143,99.5634,-4.665666666666667,-4.640000000000001,-3.4090000000000003,-3.2615000000000003,-0.26166666666667027,-0.2883333333333269,2.403,4.798500000000001,44.751999999999995,32.786,44.477000000000004,39.957,69.12,43.275999999999996,68.574,58.1965,66.37,41.667,67.009,56.2115,64.945,40.762,66.7995,55.378,4.19,-4.2,0.09978500000000001,0.115595,0.0,105.33,102.795,105.23666666666666,105.23666666666666,0.0,0.0
130,0.0,0.0,0.0,1.0,1.0,0.0,0.0,1.0,0.0,100.0,1.0,1.1856,26.0,0.0,0.0,0.0,57.999998,0.0,26.0,26.0,26.0,26.0,-2.034222222222222,0.9742000000000002,0.1413,305.511,-2.27615,-3.7,-0.42589999999999995,-2.4516,-12.480000000000018,134.06,190.378,0.0,0.0,0.0,0.0,0.19186666666666669,-5.498166666666667,-5.498166666666667,-0.0201,3.5116666666666667,0.9875555555555555,0.03500000000000014,33.467,-1.1133,-0.11220000000000001,35.048,100.0,0.0,0.0,109.99,0.0,0.0,0.0,0.0,0.0,0.0,0.0,7794.2,0.0,55.0,2.0,120.44999999999999,0.0,0.0,0.0,0.0,0.0,0.0,1.0,0.0,6.51,6.51,0.0,0.0,0.0,55.0,616.79921,10000.0,85.000001,85.000001,85.000001,85.000001,395.0,0.0,0.0,0.0,1.0,166.665,65.826,65.826,56.488,56.488,34.0,-43.43,0.0,-43.629999999999995,0.01249999999999929,0.0,1776.43,47.83500000000001,100.0,24.532,11.116999999999999,43.522,16.705,0.0,0.0,100.0,0.0,0.0,0.0,0.0,3876.125,0.0,5011.125,2382.8,303.25,315.0,313.0395,319.4005,23.0107,21.0891,22.9658,22.2388,314.999998,314.999998,324.999988,324.999988,99.59187142857142,99.52025,99.59497142857143,99.56355714285715,-3.9393333333333334,0.0,-3.5036666666666667,-3.3613333333333335,-0.22333333333332916,0.0,4.7225,10.42,44.817,32.807,44.537,39.9925,69.254,43.281,68.714,58.261,66.497,41.6715,67.1475,56.2715,65.064,40.766,66.937,55.434,3.8255,-3.8565000000000005,0.111435,0.11943000000000001,0.0,106.66,103.135,108.84333333333333,111.13333333333333,0.0,0.0
131,0.0,0.0,0.0,1.0,1.0,0.0,0.0,1.0,0.0,100.0,1.0,1.1856,26.0,0.0,0.0,0.0,57.999998,0.0,26.0,26.0,26.0,26.0,-1.791777777777778,0.8485,0.00935,307.51,-2.2183,-3.801875,-0.6609499999999999,-2.4908,-13.379999999999995,132.7175,190.38525,0.0,0.0,0.0,0.0,0.1928,-5.498166666666667,-5.498166666666667,0.010100000000000001,-0.9086666666666667,0.8976666666666666,-3.333,33.891,-1.1418000000000001,-0.13875,30.424,100.0,0.0,0.0,109.52333333333334,0.0,0.0,0.0,0.0,0.0,0.0,0.0,7761.2,0.0,55.0,2.0,122.00333333333333,1.0,0.0,0.0,0.0,0.0,0.0,1.0,0.0,6.558,6.558,0.0,0.0,1.0,55.0,616.79921,10000.0,85.000001,85.000001,85.000001,85.000001,395.0,0.0,0.0,0.0,1.0,166.665,70.602,70.602,58.548,58.548,34.0,-30.855,0.0,-43.52333333333333,-5.1,0.0,1776.382,47.61,100.0,22.384999999999998,10.392999999999999,43.981,21.026,0.0,0.0,85.71666666666667,0.0,0.0,0.0,0.0,3199.25,0.0,4351.75,1779.0,305.5805,315.0,314.62025,320.491,23.0197,21.0923,22.9747,22.2447,314.999998,314.999998,324.999988,324.999988,99.59211428571429,99.52025,99.59535714285714,99.5638,-4.055,0.0,-3.3041666666666667,-3.1393333333333335,-0.20666666666667055,0.0,4.1735,7.4830000000000005,44.873,32.827,44.592,40.0295,69.346,43.261,68.855,58.372,66.583,41.653,67.286,56.375,65.146,40.7485,67.074,55.531333333333336,3.729,-3.7424999999999997,0.11289,0.12107500000000002,0.0,107.675,103.135,109.18,109.86666666666666,0.0,0.0
132,0.0,0.0,0.0,1.0,1.0,0.0,0.0,1.0,0.0,100.0,1.0,1.1856,26.0,0.0,0.0,0.0,57.999998,0.0,26.0,26.0,26.0,26.0,-1.7000000000000002,0.48150000000000004,-0.1978,310.074,-2.1891499999999997,-3.864375,-0.58705,-2.5176,-14.329999999999984,131.385,190.39125,0.0,0.0,0.0,0.0,0.19376666666666667,-5.498166666666667,-5.498166666666667,-0.0728,-1.1816666666666666,0.8645555555555557,1.5870000000000002,34.131,-1.1874,-0.10562500000000001,29.526000000000003,100.0,0.0,0.0,109.11666666666666,0.0,0.0,0.0,0.0,0.0,0.0,0.0,7732.4,0.0,55.0,2.0,122.9,0.0,0.0,0.0,0.0,0.0,0.0,1.0,0.0,6.606,6.606,0.0,0.0,0.0,55.0,616.79921,10000.0,85.000001,85.000001,85.000001,85.000001,395.0,0.0,0.0,0.0,1.0,333.33500000000004,72.113,72.113,62.164,62.164,34.0,-26.825,0.0,-42.626666666666665,-4.3725000000000005,0.0,1776.333,47.39,100.0,20.935,9.677999999999999,42.134,19.177999999999997,0.0,0.0,55.861666666666665,0.0,0.0,0.0,0.0,3167.0,0.0,3642.0,1204.3999999999999,305.643,315.0,316.356,322.1115,23.0288,21.0954,22.9832,22.2501,314.999998,314.999998,324.999988,324.999988,99.59235714285714,99.52025,99.59564285714286,99.56392857142858,-4.23,0.0,-3.3571666666666666,-3.1883333333333335,-0.17666666666666941,0.0,2.971,6.569,44.93,32.8465,44.644999999999996,40.063,69.441,43.2405,68.955,58.4135,66.673,41.6345,67.385,56.413,65.231,40.7305,67.1715,55.56666666666667,3.7315000000000005,-3.739,0.102595,0.114875,0.0,108.36,103.135,108.56,109.67333333333333,0.0,0.0
133,0.0,0.0,0.0,1.0,1.0,0.0,0.0,1.0,0.0,100.0,1.0,1.1856,26.0,0.0,0.0,0.0,57.999998,0.0,26.0,26.0,26.0,26.0,-2.051111111111111,0.2771000000000001,-0.10735,307.999,-2.33785,-3.2687500000000003,-0.59735,-2.4737999999999998,-15.379999999999995,129.985,190.392625,0.0,0.0,0.0,0.0,0.19476666666666667,-5.498166666666667,-5.498166666666667,-0.1763,-2.1646666666666667,0.8839999999999999,-4.0,34.311,-1.1225,-0.07982500000000001,26.630000000000003,100.0,0.0,0.0,107.81,0.0,0.0,0.0,0.0,0.0,0.0,0.0,7639.8,0.0,55.0,2.0,123.56333333333333,1.0,0.0,0.0,0.0,0.0,0.0,1.0,0.0,6.657,6.657,0.0,0.0,1.0,55.0,616.79921,10000.0,85.000001,85.000001,85.000001,85.000001,395.0,0.0,0.0,0.0,1.0,333.33500000000004,67.169,67.169,58.487,58.487,34.0,-23.945,-7.696000000000005,-56.776666666666664,-14.085,0.0,1776.281,48.795,100.0,20.025,9.559,40.106,18.555,0.0,0.0,46.025,0.0,0.0,0.0,0.0,3260.25,911.8,3832.75,1611.3999999999999,305.559,312.34133333333335,315.988,321.03675,23.0383,21.0988,22.9922,22.2558,314.999998,314.999998,324.999988,324.999988,99.59264285714286,99.52026666666667,99.59591428571429,99.56404285714285,-4.3693333333333335,-4.343999999999999,-3.0806666666666667,-2.9170000000000003,-0.16833333333332945,-1.7283333333333317,1.907,3.928,44.989,32.867,44.701,40.099000000000004,69.543,43.2335,69.042,58.455,66.77,41.6275,67.471,56.4515,65.321,40.724000000000004,67.257,55.602000000000004,3.8360000000000003,-3.8315,0.093475,0.11216500000000001,0.0,108.76,105.235,107.81,107.81,0.0,0.0
134,0.0,0.0,0.0,1.0,1.0,0.0,0.0,1.0,0.0,100.0,1.0,1.1856,26.0,0.0,0.0,0.0,57.999998,0.0,26.0,26.0,26.0,26.0,-2.137666666666667,0.5686,0.14775000000000002,305.481,-2.1178,-3.661875,-0.21819999999999995,-2.8605,-16.46999999999997,128.6125,190.393625,0.0,0.0,0.0,0.0,0.1958,-5.498166666666667,-5.498166666666667,-0.1759,3.47,0.4763333333333333,-3.3449999999999998,34.498,-0.9674,-0.165225,36.21,100.0,0.0,0.0,113.46000000000001,0.0,0.0,0.0,0.0,0.0,0.0,0.0,8040.0,0.0,55.0,2.0,124.18666666666667,0.0,0.0,0.0,0.0,0.0,0.0,1.0,0.0,6.708,6.708,0.0,0.0,0.0,55.0,616.79921,10000.0,85.000001,85.000001,85.000001,85.000001,395.0,0.0,0.0,0.0,1.0,166.665,62.988,62.988,56.976,56.976,34.0,-74.3625,-3.294000000000004,-68.43666666666667,0.1374999999999993,0.0,1776.232,44.635000000000005,100.0,24.557,11.57,42.303,16.664,0.0,0.0,100.0,0.0,0.0,0.0,0.0,4776.75,293.4000000000001,5191.0,830.1999999999998,300.869,313.749,312.7285,323.00725,23.0487,21.1022,23.0017,22.2614,314.999998,314.999998,324.999988,324.999988,99.59298571428572,99.52033333333333,99.59622857142857,99.56414285714285,-3.4473333333333334,-3.4405,-3.1478333333333337,-3.0033333333333334,-0.173333333333332,-0.19999999999999574,3.4185,11.0135,45.054,32.8885,44.76,40.134,69.678,43.275999999999996,69.152,58.4795,66.897,41.666,67.581,56.474000000000004,65.441,40.7595,67.3665,55.62166666666667,3.6160000000000005,-3.6500000000000004,0.10766500000000001,0.11291500000000002,0.0,109.98,106.97,110.66333333333333,116.25666666666666,0.0,0.0
135,0.0,0.0,0.0,1.0,1.0,0.0,0.0,1.0,0.0,100.0,1.0,1.1856,26.0,0.0,0.0,0.0,57.999998,0.0,26.0,26.0,26.0,26.0,-1.7213333333333334,0.9191,0.015300000000000001,306.427,-2.1748,-3.633625,-0.4033,-2.2542,-17.610000000000014,127.2625,190.398125,0.0,0.0,0.0,0.0,0.19683333333333333,-5.498166666666667,-5.498166666666667,-0.011000000000000001,2.45,0.5774444444444442,-0.8719999999999999,34.861000000000004,-1.1336000000000002,-0.09275,33.448,100.0,0.0,0.0,113.07666666666667,0.0,0.0,0.0,0.0,0.0,0.0,0.0,8012.9,0.0,55.0,2.0,125.47333333333333,1.0,0.0,0.0,0.0,0.0,0.0,1.0,0.0,6.759,6.759,0.0,0.0,1.0,55.0,616.79921,10000.0,85.000001,85.000001,85.000001,85.000001,395.0,0.0,0.0,0.0,1.0,166.665,67.52,67.52,59.738,59.738,34.0,-47.86,0.0,-29.91,-9.2425,0.0,1776.181,38.135,100.0,23.445,10.741999999999999,41.876,20.748,0.0,0.0,100.0,0.0,0.0,0.0,0.0,3120.0,0.0,3656.0,2730.9,305.7625,315.0,316.31325,318.33075,23.0587,21.1055,23.011,22.2676,314.999998,314.999998,324.999988,324.999988,99.59322857142857,99.52035,99.59658571428571,99.5644,-3.1866666666666665,0.0,-3.3465000000000003,-3.1950000000000003,-0.173333333333332,0.0,4.742,7.389,45.117,32.9095,44.819,40.1725,69.768,43.2575,69.2765,58.5935,66.982,41.649,67.7045,56.58,65.522,40.7435,67.4905,55.721666666666664,3.0065,-3.032,0.10700000000000001,0.12263000000000002,0.0,111.065,107.06,113.07666666666667,113.07666666666667,0.0,0.0
136,0.0,0.0,0.0,1.0,1.0,0.0,0.0,1.0,0.0,100.0,1.0,1.1856,26.0,0.0,0.0,0.0,57.999998,0.0,26.0,26.0,26.0,26.0,-1.8734444444444445,0.8262,0.07485,307.114,-1.98475,-3.852375,-0.48795,-2.4657,-18.730000000000018,126.005,190.40325,0.0,0.0,0.0,0.0,0.1978,-5.498166666666667,-5.498166666666667,0.0013000000000000002,-0.859,0.37588888888888894,-3.3520000000000003,35.263,-1.1712,-0.11392500000000001,29.281999999999996,100.0,0.0,0.0,114.09333333333333,0.0,0.0,0.0,0.0,0.0,0.0,0.0,8085.1,0.0,55.0,2.0,126.93666666666667,0.0,0.0,0.0,0.0,0.0,0.0,1.0,0.0,6.807,6.807,0.0,0.0,0.0,55.0,616.79921,10000.0,85.000001,85.000001,85.000001,85.000001,395.0,0.0,0.0,0.0,1.0,333.33500000000004,69.534,69.534,59.57,59.57,34.0,-56.8275,0.0,-49.85333333333333,-5.092500000000001,0.0,1776.131,36.86,100.0,22.304,9.972999999999999,42.403,21.927,0.0,0.0,100.0,0.0,0.0,0.0,0.0,3692.375,0.0,4724.25,1717.8999999999999,304.1715,315.0,313.804,320.6995,23.068,21.1086,23.02,22.2735,314.999998,314.999998,324.999988,324.999988,99.59345714285715,99.52035,99.59694285714286,99.56462857142857,-3.317,0.0,-3.1726666666666667,-3.0071666666666665,-0.16499999999999915,0.0,4.266,7.393,45.175,32.929,44.875,40.2095,69.843,43.237,69.408,58.6905,67.054,41.6305,67.8345,56.67,65.59,40.726,67.619,55.807,2.8870000000000005,-2.904,0.11050000000000001,0.11661,0.0,112.02,107.06,113.61666666666666,114.57,0.0,0.0
137,0.0,0.0,0.0,1.0,1.0,0.0,0.0,1.0,0.0,100.0,1.0,1.1856,26.0,0.0,0.0,0.0,57.999998,0.0,26.0,26.0,26.0,26.0,-1.573888888888889,0.7151000000000001,-0.188,309.433,-2.18415,-3.822625,-0.5304,-2.3994999999999997,-19.96999999999997,124.6875,190.408875,0.0,0.0,0.0,0.0,0.1988666666666667,-5.498166666666667,-5.498166666666667,-0.0551,-0.9953333333333334,0.44900000000000007,3.909,35.596000000000004,-1.232,-0.10485,28.451999999999998,100.0,0.0,0.0,114.65666666666667,0.0,0.0,0.0,0.0,0.0,0.0,0.0,8124.9,0.0,55.0,2.0,128.15333333333334,1.0,0.0,0.0,0.0,0.0,0.0,1.0,0.0,6.8580000000000005,6.8580000000000005,0.0,0.0,1.0,55.0,616.79921,10000.0,85.000001,85.000001,85.000001,85.000001,395.0,0.0,0.0,0.0,1.0,166.665,71.838,71.838,61.05,61.05,34.0,-36.3575,0.0,-36.35666666666667,-5.255000000000001,0.0,1776.083,34.4,100.0,21.28,9.743,41.84,20.585,0.0,0.0,70.9,0.0,0.0,0.0,0.0,2593.875,0.0,3702.0,1673.8,307.0505,315.0,316.199,320.98675,23.0778,21.1119,23.0294,22.2794,314.999998,314.999998,324.999988,324.999988,99.59368571428571,99.52035,99.5973,99.5648,-3.3276666666666666,0.0,-3.2756666666666665,-3.1098333333333334,-0.16166666666666885,0.0,4.0825,7.183,45.236000000000004,32.9495,44.934,40.246,69.926,43.215,69.5305,58.757,67.133,41.61,67.956,56.732,65.665,40.7065,67.74,55.864666666666665,2.7235000000000005,-2.7330000000000005,0.106855,0.11543,0.0,113.03,107.06,114.27666666666667,115.03666666666666,0.0,0.0
138,0.0,0.0,0.0,1.0,1.0,0.0,0.0,1.0,0.0,100.0,1.0,1.1856,26.0,0.0,0.0,0.0,57.999998,0.0,26.0,26.0,26.0,26.0,-2.042222222222222,0.34010000000000007,-0.0206,307.77,-2.5455,-3.53175,-0.50285,-2.3963,-21.170000000000016,123.4625,190.40975,0.0,0.0,0.0,0.0,0.1998666666666667,-5.498166666666667,-5.498166666666667,-0.1967,-3.382666666666667,0.4087777777777777,-7.621,35.809,-1.1879,-0.10010000000000001,25.02,100.0,0.0,0.0,112.76666666666667,0.0,0.0,0.0,0.0,0.0,0.0,0.0,7991.0,0.0,55.0,2.0,128.95333333333332,0.0,0.0,0.0,0.0,0.0,0.0,1.0,0.0,6.906000000000001,6.906000000000001,0.0,0.0,0.0,55.0,616.79921,10000.0,85.000001,85.000001,85.000001,85.000001,395.0,0.0,0.0,0.0,1.0,333.33500000000004,67.001,67.001,57.144,57.144,34.0,-45.6925,-16.982,-59.14333333333333,-11.434999999999999,0.0,1776.033,36.050000000000004,100.0,18.668,9.84,40.251,19.820999999999998,0.0,0.0,61.25333333333333,0.0,0.0,0.0,0.0,3501.25,1317.8,3969.625,1386.3999999999999,305.264,311.08566666666667,315.7265,321.5115,23.0866,21.115,23.038,22.285,314.999998,314.999998,324.999988,324.999988,99.59385714285715,99.52038333333333,99.59757142857143,99.56494285714285,-3.489,-3.463,-2.9598333333333335,-2.782,-0.14000000000000057,-0.6966666666666654,2.2344999999999997,4.0445,45.291,32.969,44.987,40.281,69.982,43.22,69.617,58.806,67.186,41.615,68.0425,56.778,65.715,40.710499999999996,67.8255,55.907333333333334,2.8135000000000003,-2.811,0.10228000000000001,0.11377000000000001,0.0,113.45,110.99,112.76666666666667,112.76666666666667,0.0,0.0
139,0.0,0.0,0.0,1.0,1.0,0.0,0.0,1.0,0.0,100.0,1.0,1.1856,26.0,0.0,0.0,0.0,57.999998,0.0,26.0,26.0,26.0,26.0,-1.8471111111111111,0.7054,0.044500000000000005,306.122,-2.0343999999999998,-3.646375,-0.2772,-2.6471,-22.49000000000001,122.19,190.411125,0.0,0.0,0.0,0.0,0.20093333333333332,-5.498166666666667,-5.498166666666667,-0.1778,3.849666666666667,0.032444444444444276,-1.1480000000000001,36.035,-1.1184,-0.16920000000000002,34.324000000000005,100.0,0.0,0.0,118.43,0.0,0.0,0.0,0.0,0.0,0.0,0.0,8392.4,0.0,55.0,2.0,129.71333333333334,1.0,0.0,0.0,0.0,0.0,0.0,1.0,0.0,6.956999999999999,6.956999999999999,0.0,0.0,1.0,55.0,616.79921,10000.0,85.000001,85.000001,85.000001,85.000001,395.0,0.0,0.0,0.0,1.0,166.665,63.965,63.965,58.823,58.823,34.0,-88.5475,-1.8200000000000003,-45.71666666666667,0.9075000000000006,0.0,1775.983,30.71,100.0,24.154,11.61,41.944,17.356,0.0,0.0,20.0,0.0,0.0,0.0,0.0,4412.5,172.39999999999964,4342.5,1607.3,301.8795,314.161,314.69575,321.53875,23.0972,21.1185,23.0476,22.2906,314.999998,314.999998,324.999988,324.999988,99.59415714285714,99.52043333333333,99.5979,99.56504285714286,-2.573,-2.59,-3.2148333333333334,-3.043,-0.17666666666666941,-0.2083333333333286,4.15,12.447000000000001,45.358000000000004,32.9905,45.047,40.316,70.087,43.251,69.734,58.838499999999996,67.285,41.642,68.159,56.8075,65.80799999999999,40.736,67.942,55.934333333333335,2.4240000000000004,-2.4699999999999998,0.10634,0.11618,0.0,114.87,111.905,115.16333333333333,121.7,0.0,0.0
140,0.0,0.0,0.0,1.0,1.0,0.0,0.0,1.0,0.0,100.0,1.0,1.1856,26.0,0.0,0.0,0.0,57.999998,0.0,26.0,26.0,26.0,26.0,-1.7675555555555555,1.0350000000000001,0.10415,306.747,-1.9929999999999999,-3.727375,-0.5971,-2.2321,-23.860000000000014,120.9425,190.414625,0.0,0.0,0.0,0.0,0.20203333333333334,-5.498166666666667,-5.498166666666667,0.006500000000000001,1.911,0.026666666666666616,-2.999,36.477,-1.3004,-0.076975,28.740000000000002,100.0,0.0,0.0,117.87333333333333,0.0,0.0,0.0,0.0,0.0,0.0,0.0,8352.9,0.0,55.0,2.0,131.30333333333334,0.0,0.0,0.0,0.0,0.0,0.0,0.0,0.0,7.007999999999999,7.007999999999999,0.0,0.0,0.0,55.0,616.79921,10000.0,85.000001,85.000001,85.000001,85.000001,395.0,0.0,0.0,0.0,1.0,166.665,69.18299999999999,69.18299999999999,59.067,59.067,34.0,-60.185,0.0,-47.70666666666666,-9.469999999999999,0.0,1775.933,20.785000000000004,100.0,22.637,10.52,41.146,21.425,0.0,0.0,100.0,0.0,0.0,0.0,0.0,3130.625,0.0,4692.875,2765.1,305.8085,315.0,314.053,318.25825,23.1072,21.1217,23.0571,22.297,314.999998,314.999998,324.999988,324.999988,99.59432857142858,99.52043333333333,99.59828571428571,99.56535714285714,-2.324666666666667,0.0,-3.2783333333333338,-3.1138333333333335,-0.10499999999999687,0.0,4.2245,7.391,45.42,33.011,45.107,40.3565,70.142,43.2295,69.87049999999999,58.9755,67.338,41.6225,68.2945,56.9355,65.858,40.717,68.077,56.05533333333334,1.6815000000000002,-1.71,0.11299500000000001,0.12125000000000001,0.0,116.02,111.94,117.83666666666667,117.91,0.0,0.0
141,0.0,0.0,0.0,1.0,1.0,0.0,0.0,1.0,0.0,100.0,1.0,1.1856,26.0,0.0,0.0,0.0,57.999998,0.0,26.0,26.0,26.0,26.0,-1.6174444444444445,0.8204,-0.0371,308.09,-1.85785,-3.88625,-0.49139999999999995,-2.3598,-25.180000000000007,119.7825,190.419625,0.0,0.0,0.0,0.0,0.20306666666666667,-5.498166666666667,-5.498166666666667,-0.0134,-1.448,-0.0825555555555555,1.0270000000000001,36.879,-1.2496,-0.11672500000000001,23.1,100.0,0.0,0.0,119.3,0.0,0.0,0.0,0.0,0.0,0.0,0.0,8454.0,0.0,55.0,2.0,132.76333333333332,1.0,0.0,0.0,0.0,0.0,0.0,0.0,0.0,7.055999999999999,7.055999999999999,0.0,0.0,1.0,55.0,616.79921,10000.0,85.000001,85.000001,85.000001,85.000001,395.0,0.0,0.0,0.0,1.0,166.665,70.541,70.541,60.379,60.379,34.0,-69.0625,0.0,-43.39333333333333,-4.9925,0.0,1775.884,18.134999999999998,100.0,21.677,9.86,42.567,21.816,0.0,0.0,100.0,0.0,0.0,0.0,0.0,3482.375,0.0,4261.625,1565.1,304.7535,315.0,314.83775,321.1345,23.1165,21.1248,23.0663,22.3029,314.999998,314.999998,324.999988,324.999988,99.59448571428571,99.52043333333333,99.59865714285715,99.56555714285714,-2.297,0.0,-2.9661666666666666,-2.775,-0.1316666666666677,0.0,4.503,7.158,45.478,33.03,45.164,40.393,70.188,43.208,70.0065,59.0575,67.383,41.6035,68.429,57.0125,65.901,40.699,68.2105,56.12766666666667,1.428,-1.4500000000000002,0.11026500000000002,0.11822,0.0,116.925,111.94,118.7,119.9,0.0,0.0
142,0.0,0.0,0.0,1.0,1.0,0.0,0.0,1.0,0.0,100.0,1.0,1.1856,26.0,0.0,0.0,0.0,57.999998,0.0,26.0,26.0,26.0,26.0,-1.2277777777777779,0.9405000000000001,-0.29375,310.287,-2.2617,-3.54,-0.67975,-2.1361,-26.639999999999986,118.5675,190.42275,0.0,0.0,0.0,0.0,0.2041666666666667,-5.498166666666667,-5.498166666666667,-0.09730000000000001,-2.8306666666666667,0.14688888888888885,4.027,37.291,-1.298,-0.062025000000000004,20.034000000000002,100.0,0.0,0.0,121.46333333333334,0.0,0.0,0.0,0.0,0.0,0.0,0.0,8607.4,0.0,55.0,2.0,134.23333333333335,0.0,0.0,0.0,0.0,0.0,0.0,0.0,0.0,7.106999999999999,7.106999999999999,0.0,0.0,0.0,55.0,616.79921,10000.0,85.000001,85.000001,85.000001,85.000001,395.0,0.0,0.0,0.0,1.0,166.665,73.12,73.12,60.165,60.165,34.0,-34.79,0.0,-20.47,-6.530000000000001,0.0,1775.834,13.325000000000003,100.0,18.225,9.189,40.072,21.431,0.0,0.0,97.51166666666667,0.0,0.0,0.0,0.0,1967.375,0.0,3430.5,2181.4,309.19,315.0,316.9015,319.7555,23.1259,21.128,23.0756,22.309,314.999998,314.999998,324.999988,324.999988,99.59461428571429,99.52043333333333,99.599,99.56577142857142,-2.136,0.0,-2.9436666666666667,-2.7288333333333337,-0.15500000000000114,0.0,6.036,7.5365,45.537,33.05,45.222,40.4315,70.215,43.1855,70.1275,59.141,67.409,41.582499999999996,68.549,57.0905,65.925,40.6795,68.329,56.20166666666667,1.064,-1.057,0.11756000000000001,0.12036000000000001,0.0,118.045,111.94,121.46333333333334,121.46333333333334,0.0,0.0
143,0.0,0.0,0.0,1.0,1.0,0.0,0.0,1.0,0.0,100.0,1.0,1.1856,26.0,0.0,0.0,0.0,57.999998,0.0,26.0,26.0,26.0,26.0,-1.751,0.8586,0.29455000000000003,305.374,-2.469,-3.267875,-0.6791499999999999,-2.3004,-28.129999999999995,117.3675,190.42125,0.0,0.0,0.0,0.0,0.20526666666666665,-5.498166666666667,-5.498166666666667,-0.25730000000000003,-0.476,-0.10377777777777775,-11.894,37.695,-1.185,-0.167575,20.968000000000004,100.0,0.0,0.0,122.10333333333332,0.0,0.0,0.0,0.0,0.0,0.0,0.0,8652.6,0.0,55.0,2.0,135.69,1.0,0.0,0.0,0.0,0.0,0.0,0.0,0.0,7.1579999999999995,7.1579999999999995,0.0,0.0,1.0,55.0,616.79921,10000.0,85.000001,85.000001,85.000001,85.000001,395.0,0.0,0.0,0.0,1.0,333.33500000000004,63.065,63.065,54.749,54.749,34.0,-88.8425,-18.714,-51.083333333333336,-3.4924999999999997,0.0,1775.78,7.525000000000002,100.0,18.831,13.212,39.556,21.212,0.0,0.0,100.0,0.0,0.0,0.0,0.0,4308.0,2104.0,4505.5,1447.8999999999999,302.764,308.26033333333334,314.276,321.35825,23.1354,21.1318,23.085,22.3152,314.999998,314.999998,324.999988,324.999988,99.59474285714286,99.5205,99.59937142857143,99.56598571428572,-1.509,-1.4755,-2.6245,-2.412,-0.1283333333333303,-0.14333333333333087,4.355,7.6690000000000005,45.596000000000004,33.074,45.281,40.47,70.24,43.214,70.254,59.2275,67.432,41.6085,68.674,57.172,65.946,40.7035,68.452,56.278666666666666,0.6715,-0.7015000000000002,0.11144000000000001,0.11794500000000001,0.0,119.405,117.72,120.88333333333333,123.32,0.0,0.0
144,0.0,0.0,0.0,1.0,1.0,0.0,0.0,1.0,0.0,100.0,1.0,1.1856,26.0,0.0,0.0,0.0,57.999998,0.0,26.0,26.0,26.0,26.0,-1.353,0.7614000000000001,0.14575000000000002,304.779,-2.0172499999999998,-3.60925,-0.40815,-1.9838,-29.659999999999997,116.185,190.424375,0.0,0.0,0.0,0.0,0.2064,-5.498166666666667,-5.498166666666667,0.025400000000000002,8.779666666666667,-0.31033333333333335,3.543,38.043,-1.1891,-0.0806,19.201999999999998,100.0,0.0,0.0,123.92333333333333,0.0,0.0,0.0,0.0,0.0,0.0,0.0,8781.7,0.0,55.0,2.0,136.94,0.0,0.0,0.0,0.0,0.0,0.0,0.0,0.0,7.209,7.209,0.0,0.0,0.0,55.0,616.79921,10000.0,85.000001,85.000001,85.000001,85.000001,395.0,0.0,0.0,0.0,1.0,166.665,63.293,63.293,56.992,56.992,34.0,-57.2575,-0.3860000000000028,-68.53666666666666,-0.9299999999999997,0.0,1775.731,-1.884999999999998,100.0,24.708,14.642,40.575,19.639,0.0,0.0,100.0,0.0,0.0,0.0,0.0,3502.5,462.2999999999997,4287.75,2586.5,304.4425,313.31466666666665,314.88925,319.29475,23.146,21.1355,23.0948,22.3211,314.999998,314.999998,324.999988,324.999988,99.59484285714285,99.52053333333333,99.59968571428571,99.56615714285714,-0.8063333333333331,-0.851,-2.6888333333333336,-2.4975,-0.07333333333333059,-0.23499999999999943,2.308,10.329,45.662,33.0965,45.342,40.507,70.259,43.2225,70.362,59.2985,67.451,41.616,68.781,57.2385,65.963,40.71,68.5585,56.34166666666667,-0.14149999999999996,0.0794999999999999,0.10359000000000002,0.11780000000000002,0.0,120.905,119.07,121.32666666666667,126.52333333333333,0.0,0.0
145,0.0,0.0,0.0,1.0,1.0,0.0,0.0,1.0,0.0,100.0,1.0,1.1856,26.0,0.0,0.0,0.0,57.999998,0.0,26.0,26.0,26.0,26.0,-1.377888888888889,1.02,0.28125,302.383,-2.0786,-3.62925,-0.8723,-2.0674,-31.129999999999995,115.0875,190.430375,0.0,0.0,0.0,0.0,0.20750000000000002,-5.498166666666667,-5.498166666666667,0.2921,0.401,-0.2951111111111113,-2.738,38.556,-0.9246000000000001,0.016075000000000002,5.208,100.0,0.0,0.0,121.45666666666666,0.0,0.0,0.0,0.0,0.0,0.0,0.0,8606.7,0.0,55.0,2.0,138.74,1.0,0.0,0.0,0.0,0.0,0.0,0.0,0.0,7.257,7.257,0.0,0.0,1.0,55.0,616.79921,10000.0,85.000001,85.000001,85.000001,85.000001,395.0,0.0,0.0,0.0,1.0,333.33500000000004,67.001,67.001,52.856,52.856,34.0,-48.785,-0.0799999999999983,-80.64,-27.822499999999998,0.0,1775.681,-1.7399999999999984,100.0,21.886,12.112,42.655,28.865,0.0,0.0,100.0,0.0,0.0,0.0,0.0,2967.625,77.59999999999991,5273.75,3625.0,306.457,314.7896666666667,312.53325,316.1345,23.1549,21.1385,23.1041,22.328,314.999998,314.999998,324.999988,324.999988,99.59488571428571,99.52053333333333,99.6,99.56644285714286,-0.9233333333333333,-0.9635,-1.7106666666666668,-1.506,-0.07333333333333059,-0.9649999999999963,2.9975,3.3885,45.718,33.1155,45.400999999999996,40.5495,70.249,43.2055,70.466,59.416,67.44200000000001,41.6005,68.8835,57.3495,65.954,40.6955,68.66,56.44766666666666,-0.20300000000000007,0.16649999999999987,0.10975000000000001,0.12334,0.0,121.655,120.095,121.45666666666666,121.45666666666666,0.0,0.0
146,0.0,0.0,0.0,1.0,1.0,0.0,0.0,1.0,0.0,100.0,1.0,1.1856,26.0,0.0,0.0,0.0,57.999998,0.0,26.0,26.0,26.0,26.0,-0.8878888888888888,0.8021,0.011600000000000001,303.741,-2.2286,-3.46925,-0.965,-1.9696,-32.829999999999984,113.86500000000001,190.44325,0.0,0.0,0.0,0.0,0.2087,-5.498166666666667,-5.498166666666667,0.1585,-1.6520000000000001,-0.1674444444444445,6.6419999999999995,39.006,-0.48460000000000003,-0.15875,4.862,100.0,0.0,0.0,123.97333333333333,0.0,0.0,0.0,0.0,0.0,0.0,0.0,8785.1,0.0,55.0,2.0,140.35,0.0,0.0,0.0,0.0,0.0,0.0,0.0,0.0,7.311,7.311,0.0,0.0,0.0,55.0,616.79921,10000.0,85.000001,85.000001,85.000001,85.000001,395.0,0.0,0.0,0.0,1.0,166.665,64.346,64.346,57.587,57.587,34.0,-57.315,-3.1840000000000046,-28.786666666666665,-4.8325,0.0,1775.628,5.760000000000002,100.0,22.029,12.600999999999999,42.144999999999996,29.029,0.0,0.0,100.0,0.0,0.0,0.0,0.0,3280.5,1234.0,3105.25,2338.3,305.1825,311.234,317.5535,319.33875,23.165399999999998,21.142,23.1144,22.3351,314.999998,314.999998,324.999988,324.999988,99.59497142857143,99.52055,99.60022857142857,99.56658571428571,-0.9456666666666667,-0.9685,-1.0826666666666667,-0.8366666666666667,-0.11999999999999744,-0.14499999999999602,3.8689999999999998,4.186,45.784,33.1375,45.465,40.5945,70.254,43.2015,70.532,59.466,67.447,41.5965,68.9485,57.3965,65.959,40.691,68.723,56.492333333333335,0.37349999999999994,-0.41300000000000026,0.11195000000000001,0.11604500000000001,0.0,122.89,122.425,123.97333333333333,123.97333333333333,0.0,0.0
147,0.0,0.0,0.0,1.0,1.0,0.0,0.0,1.0,0.0,100.0,1.0,1.1856,26.0,0.0,0.0,0.0,57.999998,0.0,26.0,26.0,26.0,26.0,-0.6291111111111111,0.9419000000000002,-0.22655,306.168,-2.59735,-3.127625,-1.11155,-1.7628,-34.28,112.85,190.454375,0.0,0.0,0.0,0.0,0.20973333333333335,-5.498166666666667,-5.498166666666667,0.1585,0.29733333333333334,0.0173333333333332,0.15600000000000014,39.396,-0.3617,-0.1121,6.352,100.0,0.0,0.0,125.41,0.0,0.0,0.0,0.0,0.0,0.0,0.0,8887.1,0.0,55.0,2.0,141.73333333333332,1.0,0.0,0.0,0.0,0.0,0.0,0.0,0.0,7.356,7.356,0.0,0.0,1.0,55.0,616.79921,10000.0,85.000001,85.000001,85.000001,85.000001,395.0,0.0,0.0,0.0,1.0,333.33500000000004,67.795,67.795,57.892,57.892,34.0,-27.7575,-2.1300000000000026,-26.11,-3.5199999999999996,0.0,1775.583,7.84,100.0,19.12,13.705,37.769,28.66,0.0,0.0,100.0,0.0,0.0,0.0,0.0,1819.375,998.0999999999999,3210.625,2824.0,309.6055,311.57,317.52175,318.1475,23.1735,21.1451,23.1224,22.341,314.999998,314.999998,324.999988,324.999988,99.59501428571429,99.52056666666667,99.60038571428571,99.56672857142857,-0.8256666666666668,-0.8485,-0.9018333333333334,-0.6573333333333334,-0.12999999999999545,-0.1383333333333283,4.073,4.498,45.834,33.157,45.515,40.6315,70.239,43.2065,70.568,59.5155,67.43299999999999,41.601,68.984,57.444,65.944,40.6955,68.7565,56.53766666666667,0.565,-0.5899999999999999,0.11100000000000002,0.119955,0.0,124.205,123.63,125.41,125.41,0.0,0.0
148,0.0,0.0,0.0,1.0,1.0,0.0,0.0,1.0,0.0,100.0,1.0,1.1856,26.0,0.0,0.0,0.0,57.999998,0.0,26.0,26.0,26.0,26.0,-0.6317777777777778,0.8776000000000002,-0.24875,308.411,-2.63385,-3.172125,-1.15905,-1.7993000000000001,-35.94,111.69999999999999,190.46325,0.0,0.0,0.0,0.0,0.2109,-5.498166666666667,-5.498166666666667,0.054700000000000006,-4.525333333333333,-0.023777777777777676,-0.12199999999999989,39.855,-0.2871,-0.08662500000000001,7.4079999999999995,100.0,0.0,0.0,126.49666666666667,0.0,0.0,0.0,0.0,0.0,0.0,0.0,8963.9,0.0,55.0,2.0,143.39,0.0,0.0,0.0,0.0,0.0,0.0,0.0,0.0,7.407,7.407,0.0,0.0,0.0,55.0,616.79921,10000.0,85.000001,85.000001,85.000001,85.000001,395.0,0.0,0.0,0.0,1.0,333.33500000000004,70.984,70.984,59.662,59.662,34.0,-29.4725,-1.3939999999999984,-27.273333333333333,-1.5850000000000009,0.0,1775.532,11.485,100.0,16.092,11.504999999999999,36.579,28.292,0.0,0.0,100.0,0.0,0.0,0.0,0.0,1850.125,499.4000000000001,3257.25,2489.4,309.6695,313.51433333333335,317.2215,318.93675,23.1822,21.1483,23.1317,22.3478,314.999998,314.999998,324.999988,324.999988,99.59504285714286,99.52058333333333,99.60057142857143,99.56688571428572,-0.9723333333333333,-0.98125,-0.8066666666666666,-0.5665,-0.12999999999999545,-0.25,3.785,4.269,45.888999999999996,33.177,45.573,40.673500000000004,70.214,43.199,70.6155,59.5665,67.409,41.5945,69.03,57.493,65.92,40.689,68.8005,56.584666666666664,0.8810000000000002,-0.8785000000000003,0.11486500000000001,0.11565500000000001,0.0,125.52,124.765,126.49666666666667,126.49666666666667,0.0,0.0
149,0.0,0.0,0.0,1.0,1.0,0.0,0.0,1.0,0.0,100.0,1.0,1.1856,26.0,0.0,0.0,0.0,57.999998,0.0,26.0,26.0,26.0,26.0,-0.7671111111111111,0.8413000000000002,-0.0531,308.624,-2.50605,-3.20325,-1.07765,-1.7321,-37.72999999999999,110.485,190.467125,0.0,0.0,0.0,0.0,0.21216666666666667,-5.498166666666667,-5.498166666666667,-0.1753,-2.633,-0.08199999999999985,-1.455,40.305,-0.27940000000000004,-0.1642,12.736,100.0,0.0,0.0,128.80666666666667,0.0,0.0,0.0,0.0,0.0,0.0,0.0,9127.7,0.0,55.0,2.0,145.01666666666668,1.0,0.0,0.0,0.0,0.0,0.0,0.0,0.0,7.461,7.461,0.0,0.0,1.0,55.0,616.79921,10000.0,85.000001,85.000001,85.000001,85.000001,395.0,0.0,0.0,0.0,1.0,166.665,68.405,68.405,62.668,62.668,34.0,-47.295,-4.432000000000002,-23.759999999999998,-2.5425000000000004,0.0,1775.479,14.950000000000003,100.0,16.729,11.551,34.357,26.995,0.0,0.0,100.0,0.0,0.0,0.0,0.0,2759.625,1269.3,3005.375,2017.1,307.2295,311.0303333333333,317.83075,319.967,23.192,21.1519,23.1414,22.3547,314.999998,314.999998,324.999988,324.999988,99.59511428571429,99.5206,99.60075714285715,99.56704285714285,-1.0133333333333332,-0.988,-0.9513333333333334,-0.7058333333333334,-0.14666666666666828,-0.12333333333332774,4.266,5.0975,45.95,33.1995,45.634,40.717,70.204,43.203,70.6595,59.619,67.4,41.5975,69.073,57.543,65.91,40.692,68.841,56.633,1.1575000000000002,-1.1595,0.11672500000000001,0.11932000000000001,0.0,127.21000000000001,126.13,128.80666666666667,128.80666666666667,0.0,0.0
150,0.0,0.0,0.0,1.0,1.0,0.0,0.0,1.0,0.0,100.0,1.0,1.1856,26.0,0.0,0.0,0.0,57.999998,0.0,26.0,26.0,26.0,26.0,-0.8991111111111111,0.9632000000000001,-0.19640000000000002,308.685,-2.42715,-3.345375,-1.06785,-1.7113,-39.25,109.47749999999999,190.467625,0.0,0.0,0.0,0.0,0.21323333333333336,-5.498166666666667,-5.498166666666667,-0.1612,2.008,-0.06811111111111146,2.0860000000000003,40.686,-0.397,-0.10385000000000001,16.874000000000002,100.0,0.0,0.0,130.34,0.0,0.0,0.0,0.0,0.0,0.0,0.0,9236.3,0.0,55.0,2.0,146.37333333333333,0.0,0.0,0.0,0.0,0.0,0.0,1.0,0.0,7.506,7.506,0.0,0.0,0.0,55.0,616.79921,10000.0,85.000001,85.000001,85.000001,85.000001,395.0,0.0,0.0,0.0,1.0,333.33500000000004,68.695,68.695,64.224,64.224,34.0,-46.7975,-1.891999999999996,-30.503333333333334,-7.035,0.0,1775.433,14.884999999999998,100.0,18.223,11.499,33.311,25.529,0.0,0.0,100.0,0.0,0.0,0.0,0.0,2671.0,628.4000000000001,3375.75,2635.3,306.956,312.8763333333333,317.125,318.75775,23.200499999999998,21.1549,23.1495,22.3604,314.999998,314.999998,324.999988,324.999988,99.59517142857143,99.52063333333334,99.60094285714285,99.5672,-1.0136666666666665,-1.00775,-1.2801666666666667,-1.0495,-0.11500000000000199,-0.19833333333333059,4.4365000000000006,5.548,46.003,33.218,45.684,40.7525,70.204,43.2045,70.7095,59.668,67.4,41.599000000000004,69.1215,57.5905,65.909,40.693,68.888,56.678666666666665,1.1604999999999999,-1.1715,0.11545500000000002,0.11976500000000001,0.0,128.72,127.195,130.34,130.34,0.0,0.0
151,0.0,0.0,0.0,1.0,1.0,0.0,0.0,1.0,0.0,100.0,1.0,1.1856,26.0,0.0,0.0,0.0,57.999998,0.0,26.0,26.0,26.0,26.0,-1.2005555555555556,0.9037000000000002,0.18405000000000002,306.335,-2.4548,-3.446875,-0.99205,-1.8959000000000001,-41.109999999999985,108.275,190.4675,0.0,0.0,0.0,0.0,0.21450000000000002,-5.498166666666667,-5.498166666666667,-0.0751,1.0206666666666666,-0.0988888888888888,-1.58,41.184,-0.4626,-0.075225,16.544,100.0,0.0,0.0,130.31,0.0,0.0,0.0,0.0,0.0,0.0,0.0,9234.2,0.0,55.0,2.0,148.18,1.0,0.0,0.0,0.0,0.0,0.0,1.0,0.0,7.5600000000000005,7.5600000000000005,0.0,0.0,1.0,55.0,616.79921,10000.0,85.000001,85.000001,85.000001,85.000001,395.0,0.0,0.0,0.0,1.0,166.665,67.23,67.23,61.707,61.707,34.0,-63.4675,-2.8119999999999976,-56.1,-11.36,0.0,1775.38,17.665,100.0,19.631,11.283,35.179,26.951999999999998,0.0,0.0,100.0,0.0,0.0,0.0,0.0,3326.0,605.4000000000001,4321.25,2847.2,305.2765,313.049,314.81075,318.0485,23.2108,21.1583,23.1596,22.3679,314.999998,314.999998,324.999988,324.999988,99.59525714285714,99.52065,99.60118571428572,99.56741428571429,-1.2293333333333334,-1.2275,-1.314,-1.0961666666666667,-0.10000000000000142,-0.211666666666666,3.1085,4.17,46.067,33.2395,45.748,40.799,70.211,43.2045,70.7755,59.7505,67.407,41.5995,69.186,57.6695,65.914,40.693,68.95,56.755,1.3130000000000002,-1.33,0.111585,0.12281500000000001,0.0,130.245,128.72,130.31,130.31,0.0,0.0
152,0.0,0.0,0.0,1.0,1.0,0.0,0.0,1.0,0.0,100.0,1.0,1.1856,26.0,0.0,0.0,0.0,57.999998,0.0,26.0,26.0,26.0,26.0,-1.205,0.9164000000000001,-0.004350000000000001,306.305,-1.8424,-3.331625,-1.0843,-1.8347,-42.78999999999999,107.22,190.469,0.0,0.0,0.0,0.0,0.21566666666666667,-5.498166666666667,-5.498166666666667,-0.060700000000000004,-0.51,-0.018444444444444485,3.9800000000000004,41.59,-0.49470000000000003,-0.081675,17.414,100.0,0.0,0.0,131.78333333333333,0.0,0.0,0.0,0.0,0.0,0.0,0.0,9338.5,0.0,55.0,2.0,149.64,0.0,0.0,0.0,0.0,0.0,0.0,1.0,0.0,7.6080000000000005,7.6080000000000005,0.0,0.0,0.0,55.0,616.79921,10000.0,85.000001,85.000001,85.000001,85.000001,395.0,0.0,0.0,0.0,1.0,166.665,67.932,67.932,60.104,60.104,34.0,-48.42,-4.341999999999999,-52.54666666666667,-13.5775,0.0,1775.333,19.715000000000003,100.0,20.224,11.077,37.101,26.869,0.0,0.0,100.0,0.0,0.0,0.0,0.0,2554.875,654.2999999999997,4054.875,3019.1,307.0105,313.0713333333333,315.34575,317.82075,23.2201,21.1612,23.1688,22.374299999999998,314.999998,314.999998,324.999988,324.999988,99.59535714285714,99.52066666666667,99.6014,99.56758571428571,-1.4616666666666667,-1.482,-1.4283333333333332,-1.206,-0.12333333333332774,-0.2716666666666683,3.292,4.407,46.125,33.2575,45.805,40.839,70.228,43.1995,70.84,59.8075,67.424,41.5945,69.249,57.7235,65.929,40.688,69.011,56.806666666666665,1.5045000000000002,-1.5225,0.11178500000000001,0.12249000000000002,0.0,131.5,129.825,131.78333333333333,131.78333333333333,0.0,0.0
153,0.0,0.0,0.0,1.0,1.0,0.0,0.0,1.0,0.0,100.0,1.0,1.1856,26.0,0.0,0.0,0.0,57.999998,0.0,26.0,26.0,26.0,26.0,-1.3136666666666668,0.8001,0.033350000000000005,305.969,-2.39045,-3.477375,-0.89805,-1.9558,-44.50999999999999,106.17750000000001,190.470875,0.0,0.0,0.0,0.0,0.21683333333333335,-5.498166666666667,-5.498166666666667,-0.1421,-1.1193333333333335,-0.05655555555555569,-2.125,41.983,-0.5269,-0.14885,19.57,100.0,0.0,0.0,133.58666666666667,0.0,0.0,0.0,0.0,0.0,0.0,0.0,9466.3,0.0,55.0,2.0,151.07,1.0,0.0,0.0,0.0,0.0,0.0,1.0,0.0,7.656000000000001,7.656000000000001,0.0,0.0,1.0,55.0,616.79921,10000.0,85.000001,85.000001,85.000001,85.000001,395.0,0.0,0.0,0.0,1.0,333.33500000000004,65.811,65.811,59.921,59.921,34.0,-70.3625,-8.740000000000002,-45.45333333333333,-7.5075,0.0,1775.284,22.160000000000004,100.0,20.035,11.982,37.9,26.722,0.0,0.0,100.0,0.0,0.0,0.0,0.0,3486.25,1011.8,3797.125,1998.9,304.836,311.545,315.93125,320.0055,23.2291,21.1643,23.1779,22.3807,314.999998,314.999998,324.999988,324.999988,99.59547142857143,99.5207,99.60162857142858,99.56775714285715,-1.6166666666666667,-1.62275,-1.4685000000000001,-1.2466666666666668,-0.14999999999999858,-0.1666666666666714,3.5825,4.800000000000001,46.182,33.277,45.862,40.8795,70.247,43.2115,70.901,59.8665,67.44200000000001,41.605,69.3085,57.7795,65.945,40.698,69.068,56.86033333333334,1.7110000000000003,-1.7315,0.11321500000000001,0.11769500000000001,0.0,132.74,131.08,133.58666666666667,133.58666666666667,0.0,0.0
154,0.0,0.0,0.0,1.0,1.0,0.0,0.0,1.0,0.0,100.0,1.0,1.1856,26.0,0.0,0.0,0.0,57.999998,0.0,26.0,26.0,26.0,26.0,-1.2226666666666666,0.9276000000000002,-0.1951,307.785,-2.38765,-3.857125,-1.00275,-1.8726,-46.359999999999985,105.08500000000001,190.472,0.0,0.0,0.0,0.0,0.21810000000000002,-5.498166666666667,-5.498166666666667,-0.1287,0.42666666666666664,0.016222222222222138,2.774,42.396,-0.7261000000000001,-0.07992500000000001,22.194000000000003,100.0,0.0,0.0,135.58333333333334,0.0,0.0,0.0,0.0,0.0,0.0,0.0,9607.9,0.0,55.0,2.0,152.54666666666665,0.0,0.0,0.0,0.0,0.0,0.0,1.0,0.0,7.706999999999999,7.706999999999999,0.0,0.0,0.0,55.0,616.79921,10000.0,85.000001,85.000001,85.000001,85.000001,395.0,0.0,0.0,0.0,1.0,166.665,69.26,69.26,63.98,63.98,34.0,-58.870000000000005,0.0,-39.81,-13.682500000000001,0.0,1775.233,20.685000000000002,100.0,20.646,10.652,37.037,25.784,0.0,0.0,100.0,0.0,0.0,0.0,0.0,2987.25,0.0,3594.625,2862.6,306.1975,315.0,316.786,318.28325,23.2391,21.1674,23.1875,22.3873,314.999998,314.999998,324.999988,324.999988,99.5956,99.52071666666667,99.60187142857143,99.56794285714285,-1.6956666666666667,0.0,-1.8725,-1.6533333333333333,-0.1216666666666697,0.0,4.1565,5.5605,46.244,33.2965,45.922,40.921,70.279,43.2005,70.9745,59.933,67.472,41.5955,69.382,57.843,65.973,40.6885,69.14,56.921,1.6115,-1.629,0.11542000000000001,0.12231500000000001,0.0,134.2,131.655,135.58333333333334,135.58333333333334,0.0,0.0
155,0.0,0.0,0.0,1.0,1.0,0.0,0.0,1.0,0.0,100.0,1.0,1.1856,26.0,0.0,0.0,0.0,57.999998,0.0,26.0,26.0,26.0,26.0,-1.478,0.8045,0.0222,307.51,-2.05235,-3.971,-1.03125,-1.9723000000000002,-48.25,104.01249999999999,190.470625,0.0,0.0,0.0,0.0,0.21936666666666665,-5.498166666666667,-5.498166666666667,-0.219,-2.6306666666666665,0.050111111111110995,2.0570000000000004,42.841,-0.7856000000000001,-0.133125,19.686,100.0,0.0,0.0,136.29666666666665,0.0,0.0,0.0,0.0,0.0,0.0,0.0,9658.3,0.0,55.0,2.0,154.17333333333335,1.0,0.0,0.0,0.0,0.0,0.0,1.0,0.0,7.757999999999999,7.757999999999999,0.0,0.0,1.0,55.0,616.79921,10000.0,85.000001,85.000001,85.000001,85.000001,395.0,0.0,0.0,0.0,1.0,333.33500000000004,69.04599999999999,69.04599999999999,65.781,65.781,34.0,-87.345,0.0,-50.68333333333333,-11.3625,0.0,1775.181,23.72,100.0,20.953,9.363999999999999,37.882,26.845,0.0,0.0,100.0,0.0,0.0,0.0,0.0,4173.5,0.0,3920.75,2143.4,302.845,315.0,315.6615,319.684,23.249,21.1705,23.1973,22.3944,314.999998,314.999998,324.999988,324.999988,99.59575714285714,99.52071666666667,99.60214285714285,99.56817142857143,-2.0616666666666665,0.0,-1.8318333333333332,-1.6166666666666667,-0.14333333333333087,0.0,3.6295,4.8485,46.306,33.316,45.983000000000004,40.965,70.322,43.176,71.0585,60.023,67.513,41.5725,69.464,57.929,66.011,40.667,69.2195,57.003,1.7955,-1.81,0.10852,0.12009000000000002,0.0,135.35,131.655,136.29666666666665,136.29666666666665,0.0,0.0
156,0.0,0.0,0.0,1.0,1.0,0.0,0.0,1.0,0.0,100.0,1.0,1.1856,26.0,0.0,0.0,0.0,57.999998,0.0,26.0,26.0,26.0,26.0,-1.665,0.8416000000000001,0.1749,304.672,-2.0859,-3.5545,-1.20515,-2.2749,-50.18000000000001,102.9625,190.468,0.0,0.0,0.0,0.0,0.22063333333333335,-5.498166666666667,-5.498166666666667,-0.2134,4.775333333333334,0.39944444444444427,7.715,43.201,-0.9077000000000001,-0.10880000000000001,27.509999999999998,100.0,0.0,0.0,139.31333333333333,0.0,0.0,0.0,0.0,0.0,0.0,0.0,9872.2,0.0,55.0,2.0,155.47,0.0,0.0,0.0,0.0,0.0,0.0,1.0,0.0,7.808999999999999,7.808999999999999,0.0,0.0,0.0,55.0,616.79921,10000.0,85.000001,85.000001,85.000001,85.000001,395.0,0.0,0.0,0.0,1.0,166.665,61.996,61.996,65.063,65.063,34.0,-100.28,-14.350000000000001,-32.24333333333334,-10.1125,0.0,1775.131,21.884999999999998,100.0,24.3,11.221,36.81,25.24,0.0,0.0,100.0,0.0,0.0,0.0,0.0,4627.125,1360.0,3380.625,2483.3,301.267,310.73966666666666,317.14875,319.01925,23.259900000000002,21.1738,23.2067,22.401,314.999998,314.999998,324.999988,324.999988,99.596,99.52073333333334,99.60242857142858,99.56837142857142,-1.9033333333333333,-1.9024999999999999,-2.2661666666666664,-2.0698333333333334,-0.16499999999999915,-0.23833333333332973,4.772,6.4445,46.374,33.3365,46.042,41.006,70.402,43.177,71.144,60.093,67.589,41.5735,69.5465,57.9945,66.082,40.667,69.299,57.065333333333335,1.7120000000000002,-1.7535000000000003,0.11090000000000001,0.12090500000000001,0.0,136.99,134.63,139.31333333333333,139.31333333333333,0.0,0.0
157,0.0,0.0,0.0,1.0,1.0,0.0,0.0,1.0,0.0,100.0,1.0,1.1856,26.0,0.0,0.0,0.0,57.999998,0.0,26.0,26.0,26.0,26.0,-1.857222222222222,0.9563000000000001,0.3406,300.659,-2.50715,-3.592625,-1.0087,-2.0685000000000002,-52.03,102.0,190.469875,0.0,0.0,0.0,0.0,0.22186666666666666,-5.498166666666667,-5.498166666666667,0.171,8.544,0.435111111111111,-6.269,43.635,-1.0353,0.01265,25.018000000000004,100.0,0.0,0.0,138.2,0.0,0.0,0.0,0.0,0.0,0.0,0.0,9793.4,0.0,55.0,2.0,157.03,1.0,0.0,0.0,0.0,0.0,0.0,1.0,0.0,7.856999999999999,7.856999999999999,0.0,0.0,1.0,55.0,616.79921,10000.0,85.000001,85.000001,85.000001,85.000001,395.0,0.0,0.0,0.0,1.0,333.33500000000004,62.271,62.271,55.022999999999996,55.022999999999996,34.0,-76.1875,-4.469999999999999,-88.12,-32.2075,0.0,1775.082,15.980000000000004,100.0,26.202,14.341,41.055,27.87,0.0,0.0,100.0,0.0,0.0,0.0,0.0,3699.375,571.6999999999998,5529.125,3820.5,303.9915,312.75733333333335,312.48275,315.91525,23.2701,21.1772,23.2163,22.408,314.999998,314.999998,324.999988,324.999988,99.59617142857142,99.52078333333333,99.60277142857143,99.56867142857143,-1.5433333333333332,-1.6,-2.2625,-2.0851666666666664,-0.10499999999999687,-0.21999999999999886,2.94,4.4785,46.438,33.3575,46.102000000000004,41.05,70.458,43.2015,71.262,60.218,67.643,41.5955,69.6615,58.1125,66.132,40.687,69.41,57.178,1.2245,-1.291,0.105135,0.12462500000000001,0.0,138.5,136.19,138.2,138.2,0.0,0.0
158,0.0,0.0,0.0,1.0,1.0,0.0,0.0,1.0,0.0,100.0,1.0,1.1856,26.0,0.0,0.0,0.0,57.999998,0.0,26.0,26.0,26.0,26.0,-1.732,0.8486,0.2853,300.034,-2.28755,-3.841,-1.0372,-2.3967,-54.03999999999999,101.00999999999999,190.480625,0.0,0.0,0.0,0.0,0.22316666666666665,-5.498166666666667,-5.498166666666667,0.2795,-3.438666666666667,0.20766666666666667,1.255,44.082,-0.88,-0.061500000000000006,14.914000000000001,100.0,0.0,0.0,138.69666666666666,0.0,0.0,0.0,0.0,0.0,0.0,0.0,9828.6,0.0,55.0,2.0,158.64333333333335,0.0,0.0,0.0,0.0,0.0,0.0,1.0,0.0,7.9079999999999995,7.9079999999999995,0.0,0.0,0.0,55.0,616.79921,10000.0,85.000001,85.000001,85.000001,85.000001,395.0,0.0,0.0,0.0,1.0,333.33500000000004,65.033,65.033,46.616,46.616,34.0,-68.86,-1.480000000000004,-105.75999999999999,-16.6925,0.0,1775.031,21.78,100.0,24.36,12.626,49.189,29.511,0.0,0.0,100.0,0.0,0.0,0.0,0.0,3440.5,233.79999999999973,6195.875,2568.4,304.943,314.48966666666666,310.2805,318.62,23.2802,21.1803,23.2275,22.415399999999998,314.999998,314.999998,324.999988,324.999988,99.59634285714286,99.52078333333333,99.60317142857143,99.56891428571429,-2.1006666666666667,-2.1500000000000004,-1.7703333333333333,-1.5606666666666669,-0.09666666666667112,-0.9816666666666691,2.7175,3.6135,46.501,33.377,46.172,41.096000000000004,70.5,43.181,71.4005,60.311,67.682,41.5765,69.7975,58.2,66.169,40.669,69.543,57.260333333333335,1.564,-1.6099999999999999,0.10928,0.11692500000000002,0.0,139.05,136.63,138.69666666666666,138.69666666666666,0.0,0.0
159,0.0,0.0,0.0,1.0,1.0,0.0,0.0,1.0,0.0,100.0,1.0,1.1856,26.0,0.0,0.0,0.0,57.999998,0.0,26.0,26.0,26.0,26.0,-1.521111111111111,-0.21589999999999998,-0.23090000000000002,303.741,-2.3807,-3.73975,-1.09805,-2.2993,-55.96000000000001,100.10499999999999,190.49475,0.0,0.0,0.0,0.0,0.22440000000000002,-5.498166666666667,-5.498166666666667,0.0499,-3.974666666666667,0.3004444444444443,-2.666,44.249,-0.7384000000000001,-0.228225,18.486,100.0,0.0,0.0,134.91666666666666,0.0,0.0,0.0,0.0,0.0,0.0,1.0,9832.5,0.0,55.0,0.0,159.34666666666666,1.0,0.0,0.0,0.0,0.0,0.0,1.0,0.0,7.9559999999999995,7.9559999999999995,0.0,0.0,1.0,55.0,616.79921,10000.0,85.000001,85.000001,85.000001,85.000001,395.0,0.0,0.0,0.0,1.0,333.33500000000004,63.019,63.019,55.069,55.069,34.0,-61.415,-20.990000000000002,-53.05,-13.787500000000001,0.0,1774.983,24.814999999999998,100.0,23.163,14.079,44.49,27.236,0.0,0.0,0.0,0.0,0.0,0.0,0.0,3154.125,1730.0,2990.0,1589.7,305.818,309.77933333333334,317.92075,321.1075,23.2896,21.1835,23.237,22.4216,314.999998,314.999998,324.999988,324.999988,99.59651428571429,99.52085,99.6034,99.56902857142857,-2.1603333333333334,-2.1812500000000004,-1.6578333333333333,-1.4361666666666668,-0.046666666666666856,-0.0016666666666651508,-0.0625,0.07450000000000001,46.56,33.397,46.231,41.135,70.552,43.208,71.4615,60.338,67.731,41.6005,69.857,58.225,66.214,40.691,69.6,57.283,1.915,-1.964,0.092685,0.10559500000000001,0.0,139.735,138.255,135.54,134.29,0.0,0.0
160,0.0,0.0,0.0,1.0,1.0,0.0,0.0,1.0,0.0,100.0,1.0,1.1856,26.0,0.0,0.0,0.0,57.999998,0.0,26.0,26.0,26.0,26.0,-1.337888888888889,0.7413000000000001,-0.21035,306.274,-2.15855,-3.5015,-0.7414499999999999,-2.3840000000000003,-58.01999999999998,99.17750000000001,190.505375,0.0,0.0,0.0,0.0,0.22573333333333337,-5.498166666666667,-5.498166666666667,-0.042,-0.4730000000000001,0.08699999999999997,0.6710000000000003,44.333,-0.8873000000000001,-0.177375,23.654,100.0,0.0,0.0,141.84666666666666,0.0,0.0,0.0,0.0,0.0,0.0,0.0,8072.9,0.0,55.0,3.0,159.56,0.0,0.0,0.0,0.0,0.0,0.0,0.0,0.0,8.007,8.007,0.0,0.0,0.0,55.0,616.79921,10000.0,85.000001,85.000001,85.000001,85.000001,395.0,0.0,0.0,0.0,1.0,166.665,65.46,65.46,60.699,60.699,34.0,-71.695,-0.8699999999999974,-45.5,-5.77,0.0,1774.934,23.365000000000002,100.0,23.398,12.754,40.479,23.951999999999998,0.0,0.0,100.0,0.0,0.0,0.0,0.0,3543.375,147.0,3663.0,1738.3,304.679,314.6843333333333,316.36475,320.83475,23.2998,21.1868,23.2464,22.4278,314.999998,314.999998,324.999988,324.999988,99.5967,99.52088333333333,99.6036,99.56914285714285,-2.036,-2.0615,-2.0140000000000002,-1.7981666666666667,-0.14000000000000057,-0.18666666666666742,3.734,6.256,46.624,33.4175,46.29,41.174,70.607,43.2105,71.513,60.358,67.784,41.603,69.908,58.2435,66.262,40.693,69.6495,57.299,1.8094999999999999,-1.854,0.11054000000000001,0.11334500000000002,0.0,140.23,138.13,141.24333333333334,142.45333333333335,0.0,0.0
161,0.0,0.0,0.0,1.0,1.0,0.0,0.0,1.0,0.0,100.0,1.0,1.1856,26.0,0.0,0.0,0.0,57.999998,0.0,26.0,26.0,26.0,26.0,-1.519777777777778,0.5926,-0.14625000000000002,306.229,-2.12575,-3.57125,-0.70575,-2.1526,-60.099999999999994,98.2775,190.511375,0.0,0.0,0.0,0.0,0.22706666666666667,-5.498166666666667,-5.498166666666667,-0.0683,-1.4293333333333336,0.020444444444444265,-2.194,44.67,-1.0348,-0.15115,22.246,100.0,0.0,0.0,141.13333333333333,0.0,0.0,0.0,0.0,0.0,0.0,0.0,8032.3,0.0,55.0,3.0,160.8,1.0,0.0,0.0,0.0,0.0,0.0,0.0,0.0,8.058,8.058,0.0,0.0,1.0,55.0,616.79921,10000.0,85.000001,85.000001,85.000001,85.000001,395.0,0.0,0.0,0.0,1.0,333.33500000000004,66.177,66.177,59.952,59.952,34.0,-68.89,-0.6820000000000022,-64.15333333333334,-10.8875,0.0,1774.882,22.535000000000004,100.0,23.075,11.767,40.245000000000005,24.455,0.0,0.0,100.0,0.0,0.0,0.0,0.0,3448.125,125.79999999999973,4197.5,1569.3999999999999,304.915,314.7746666666667,315.10025,320.94525,23.3099,21.1899,23.2563,22.4347,314.999998,314.999998,324.999988,324.999988,99.59688571428572,99.5209,99.60388571428571,99.56934285714286,-2.158,-2.1845,-2.1288333333333336,-1.93,-0.086666666666666,-0.4200000000000017,2.832,4.1485,46.687,33.4365,46.352000000000004,41.217,70.661,43.2035,71.599,60.432,67.835,41.5965,69.9925,58.3125,66.311,40.6865,69.7325,57.364666666666665,1.722,-1.759,0.107175,0.11689000000000001,0.0,141.215,138.91,141.13333333333333,141.13333333333333,0.0,0.0
162,0.0,0.0,0.0,1.0,1.0,0.0,0.0,1.0,0.0,100.0,1.0,1.1856,26.0,0.0,0.0,0.0,57.999998,0.0,26.0,26.0,26.0,26.0,-1.6376666666666666,0.6842000000000001,-0.11195000000000001,306.091,-2.1417,-3.537125,-0.7437499999999999,-1.9836,-62.09,97.46000000000001,190.514,0.0,0.0,0.0,0.0,0.2283,-5.498166666666667,-5.498166666666667,-0.1391,-2.108,0.03600000000000003,-0.19500000000000006,44.96,-1.1158000000000001,-0.13692500000000002,21.381999999999998,100.0,0.0,0.0,141.81,0.0,0.0,0.0,0.0,0.0,0.0,0.0,8070.7,0.0,55.0,3.0,161.83666666666667,0.0,0.0,0.0,0.0,0.0,0.0,0.0,0.0,8.106,8.106,0.0,0.0,0.0,55.0,616.79921,10000.0,85.000001,85.000001,85.000001,85.000001,395.0,0.0,0.0,0.0,1.0,333.33500000000004,66.681,66.681,59.753,59.753,34.0,-65.2325,-1.3519999999999968,-61.97,-21.605,0.0,1774.833,22.950000000000003,100.0,22.593,11.221,40.599000000000004,23.836,0.0,0.0,100.0,0.0,0.0,0.0,0.0,3370.25,195.79999999999973,4112.5,2675.5,305.2045,314.587,315.386,318.78375,23.3194,21.1927,23.2657,22.441,314.999998,314.999998,324.999988,324.999988,99.59707142857143,99.5209,99.60418571428572,99.5695,-2.36,-2.3865,-2.2325,-2.010666666666667,-0.11666666666666714,-0.46999999999999886,2.8689999999999998,4.141500000000001,46.746,33.454499999999996,46.411,41.256,70.72,43.1935,71.6865,60.4865,67.892,41.587,70.0795,58.364,66.364,40.6775,69.8175,57.413,1.7690000000000001,-1.7985000000000002,0.10885500000000001,0.11719000000000002,0.0,142.035,139.735,141.81,141.81,0.0,0.0
163,0.0,0.0,0.0,1.0,1.0,0.0,0.0,1.0,0.0,100.0,1.0,1.1856,26.0,0.0,0.0,0.0,57.999998,0.0,26.0,26.0,26.0,26.0,-1.6794444444444445,0.6311,-0.2058,306.335,-2.1033999999999997,-3.57875,-0.6845,-2.1586,-64.24000000000001,96.625,190.514,0.0,0.0,0.0,0.0,0.22966666666666666,-5.498166666666667,-5.498166666666667,-0.2641,-1.717,-0.03622222222222238,-0.357,45.251,-1.1432,-0.175325,22.18,100.0,0.0,0.0,143.20333333333335,0.0,0.0,0.0,0.0,0.0,0.0,0.0,8150.1,0.0,55.0,3.0,162.89333333333335,1.0,0.0,0.0,0.0,0.0,0.0,0.0,0.0,8.157,8.157,0.0,0.0,1.0,55.0,616.79921,10000.0,85.000001,85.000001,85.000001,85.000001,395.0,0.0,0.0,0.0,1.0,333.33500000000004,65.994,65.994,60.837,60.837,34.0,-72.1675,-2.514000000000003,-55.03666666666667,-14.517500000000002,0.0,1774.781,24.085,100.0,22.793,11.092,40.472,23.613,0.0,0.0,100.0,0.0,0.0,0.0,0.0,3691.5,277.5999999999999,3886.125,2067.5,304.148,314.1686666666667,315.847,320.0585,23.3297,21.1958,23.2757,22.4477,314.999998,314.999998,324.999988,324.999988,99.59732857142858,99.52093333333333,99.60448571428572,99.5697,-2.456,-2.47975,-2.2541666666666664,-2.042333333333333,-0.12333333333332774,-0.36333333333332973,3.152,4.4399999999999995,46.811,33.4735,46.473,41.298,70.801,43.189,71.7795,60.5465,67.969,41.582499999999996,70.172,58.421,66.437,40.673,69.908,57.46633333333333,1.8615,-1.892,0.10723500000000001,0.11708500000000001,0.0,142.945,140.76,143.20333333333332,143.20333333333335,0.0,0.0
164,0.0,0.0,0.0,1.0,1.0,0.0,0.0,1.0,0.0,100.0,1.0,1.1856,26.0,0.0,0.0,0.0,57.999998,0.0,26.0,26.0,26.0,26.0,-1.8586666666666667,0.6522000000000001,-0.01535,305.206,-2.088,-3.556,-0.6408499999999999,-2.2067,-66.53999999999999,95.7775,190.510875,0.0,0.0,0.0,0.0,0.2311,-5.498166666666667,-5.498166666666667,-0.2711,1.1323333333333334,-0.0998888888888887,-1.897,45.56,-1.2308000000000001,-0.15175,25.036,100.0,0.0,0.0,144.15,0.0,0.0,0.0,0.0,0.0,0.0,0.0,8204.0,0.0,55.0,3.0,164.01333333333332,0.0,0.0,0.0,0.0,0.0,0.0,0.0,0.0,8.211,8.211,0.0,0.0,0.0,55.0,616.79921,10000.0,85.000001,85.000001,85.000001,85.000001,395.0,0.0,0.0,0.0,1.0,166.665,64.484,64.484,59.174,59.174,34.0,-81.525,-7.033999999999999,-64.72666666666666,-16.35,0.0,1774.729,21.795,100.0,23.565,11.639,40.735,22.98,0.0,0.0,100.0,0.0,0.0,0.0,0.0,4005.25,657.0,4373.375,2174.7,303.294,312.964,314.80425,319.79475,23.3409,21.199,23.2863,22.4547,314.999998,314.999998,324.999988,324.999988,99.59758571428571,99.52096666666667,99.60481428571428,99.56987142857143,-2.2946666666666666,-2.31525,-2.4193333333333333,-2.2213333333333334,-0.12333333333332774,-0.22833333333333172,3.02,4.46,46.881,33.494,46.54,41.342,70.885,43.2,71.8805,60.6055,68.049,41.5925,70.272,58.4765,66.512,40.682,70.0065,57.519,1.7035,-1.742,0.10638,0.115,0.0,144.145,141.93,144.15,144.15,0.0,0.0
165,0.0,0.0,0.0,1.0,1.0,0.0,0.0,1.0,0.0,100.0,1.0,1.1856,26.0,0.0,0.0,0.0,57.999998,0.0,26.0,26.0,26.0,26.0,-1.9463333333333335,0.6794,0.055900000000000005,303.818,-2.0122999999999998,-3.691,-0.5871999999999999,-2.2571000000000003,-68.47999999999999,95.1075,190.5085,0.0,0.0,0.0,0.0,0.2323,-5.498166666666667,-5.498166666666667,-0.1739,2.141,-0.241222222222222,-3.597,45.825,-1.2861,-0.11545000000000001,24.291999999999998,100.0,0.0,0.0,144.50666666666666,0.0,0.0,0.0,0.0,0.0,0.0,0.0,8224.4,0.0,55.0,3.0,164.97,1.0,0.0,0.0,0.0,0.0,0.0,0.0,0.0,8.256,8.256,0.0,0.0,1.0,55.0,616.79921,10000.0,85.000001,85.000001,85.000001,85.000001,395.0,0.0,0.0,0.0,1.0,333.33500000000004,63.889,63.889,57.22,57.22,34.0,-89.33500000000001,-3.328000000000003,-78.65666666666667,-21.4475,0.0,1774.682,19.165,100.0,24.578,12.108,42.373000000000005,23.287,0.0,0.0,100.0,0.0,0.0,0.0,0.0,4292.125,344.6999999999998,4896.75,2464.2,302.63,313.7246666666667,313.6485,319.01825,23.3504,21.2017,23.2955,22.4607,314.999998,314.999998,324.999988,324.999988,99.59781428571429,99.521,99.60515714285714,99.57007142857142,-2.171666666666667,-2.2037500000000003,-2.4655,-2.2726666666666664,-0.11999999999999744,-0.23333333333332718,2.661,4.059,46.94,33.5105,46.597,41.3795,70.963,43.2085,71.9935,60.6725,68.124,41.6,70.384,58.5395,66.583,40.688,70.117,57.578,1.4885000000000002,-1.532,0.1077,0.11946500000000002,0.0,145.03,142.775,144.50666666666666,144.50666666666666,0.0,0.0
166,0.0,0.0,0.0,1.0,1.0,0.0,0.0,1.0,0.0,100.0,1.0,1.1856,26.0,0.0,0.0,0.0,57.999998,0.0,26.0,26.0,26.0,26.0,-1.9573333333333334,0.6377000000000002,0.14450000000000002,302.505,-1.9689999999999999,-3.7407500000000002,-0.55385,-2.2917,-70.72,94.38499999999999,190.50875,0.0,0.0,0.0,0.0,0.23366666666666666,-5.498166666666667,-5.498166666666667,-0.09580000000000001,1.0723333333333334,-0.31288888888888877,-0.3579999999999999,46.126,-1.2235,-0.12725,21.038000000000004,100.0,0.0,0.0,145.03666666666666,0.0,0.0,0.0,0.0,0.0,0.0,0.0,8254.4,0.0,55.0,3.0,166.05,0.0,0.0,0.0,0.0,0.0,0.0,0.0,0.0,8.307,8.307,0.0,0.0,0.0,55.0,616.79921,10000.0,85.000001,85.000001,85.000001,85.000001,395.0,0.0,0.0,0.0,1.0,166.665,62.973,62.973,55.557,55.557,34.0,-90.25999999999999,-6.114000000000004,-79.01333333333334,-23.924999999999997,0.0,1774.634,18.595,100.0,25.652,12.14,44.662,24.352,0.0,0.0,100.0,0.0,0.0,0.0,0.0,4301.375,632.0999999999999,4754.625,2668.9,302.474,313.138,313.80425,318.607,23.3614,21.2047,23.3062,22.4677,314.999998,314.999998,324.999988,324.999988,99.59805714285714,99.52101666666667,99.60551428571429,99.57025714285714,-2.146,-2.18225,-2.2851666666666666,-2.0825,-0.0933333333333266,-0.26500000000000057,2.4835000000000003,3.6745,47.009,33.5295,46.664,41.423500000000004,71.042,43.21,72.1085,60.743,68.2,41.6015,70.4985,58.6055,66.655,40.689,70.23,57.64,1.4135,-1.4660000000000002,0.10992500000000001,0.11908500000000001,0.0,145.79,143.83,145.03666666666666,145.03666666666666,0.0,0.0
167,0.0,0.0,0.0,1.0,1.0,0.0,0.0,1.0,0.0,100.0,1.0,1.1856,26.0,0.0,0.0,0.0,57.999998,0.0,26.0,26.0,26.0,26.0,-1.8134444444444444,0.6302000000000001,0.08955,302.322,-1.9592,-3.683375,-0.59085,-2.2561999999999998,-73.10999999999999,93.66749999999999,190.513375,0.0,0.0,0.0,0.0,0.23513333333333336,-5.498166666666667,-5.498166666666667,-0.0134,1.6493333333333333,-0.30888888888888877,2.1639999999999997,46.439,-1.1305,-0.13055,20.092,100.0,0.0,0.0,146.06,0.0,0.0,0.0,0.0,0.0,0.0,0.0,8312.6,0.0,55.0,3.0,167.16666666666666,1.0,0.0,0.0,0.0,0.0,0.0,0.0,0.0,8.360999999999999,8.360999999999999,0.0,0.0,1.0,55.0,616.79921,10000.0,85.000001,85.000001,85.000001,85.000001,395.0,0.0,0.0,0.0,1.0,166.665,62.805,62.805,55.618,55.618,34.0,-85.0325,-5.329999999999998,-71.78333333333333,-22.29,0.0,1774.579,18.265,100.0,26.273,12.603,45.209,25.112000000000002,0.0,0.0,100.0,0.0,0.0,0.0,0.0,4043.375,575.2999999999997,4426.75,2643.5,303.004,313.2823333333333,314.5755,318.6755,23.373,21.2079,23.3174,22.4751,314.999998,314.999998,324.999988,324.999988,99.59831428571428,99.52105,99.60587142857143,99.57047142857142,-2.044,-2.09,-2.1441666666666666,-1.9378333333333333,-0.0933333333333266,-0.22833333333333172,2.5235,3.6705,47.081,33.5495,46.734,41.4695,71.129,43.216,72.2205,60.814,68.284,41.606,70.61,58.672,66.735,40.693,70.3405,57.702333333333335,1.3860000000000001,-1.4435000000000002,0.10739000000000001,0.11609000000000001,0.0,146.745,144.87,146.06,146.06,0.0,0.0
168,0.0,0.0,0.0,1.0,1.0,0.0,0.0,1.0,0.0,100.0,1.0,1.1856,26.0,0.0,0.0,0.0,57.999998,0.0,26.0,26.0,26.0,26.0,-1.694777777777778,0.6242000000000001,0.09340000000000001,302.49,-2.10095,-3.689,-0.64835,-2.2377000000000002,-75.26999999999998,93.07,190.51975,0.0,0.0,0.0,0.0,0.23643333333333336,-5.498166666666667,-5.498166666666667,0.0364,0.16266666666666663,-0.31511111111111134,0.4910000000000001,46.723,-1.0486,-0.12250000000000001,18.208000000000002,100.0,0.0,0.0,146.77,0.0,0.0,0.0,0.0,0.0,0.0,0.0,8353.1,0.0,55.0,3.0,168.18666666666667,0.0,0.0,0.0,0.0,0.0,0.0,0.0,0.0,8.408999999999999,8.408999999999999,0.0,0.0,0.0,55.0,616.79921,10000.0,85.000001,85.000001,85.000001,85.000001,395.0,0.0,0.0,0.0,1.0,166.665,63.477,63.477,55.359,55.359,34.0,-83.11500000000001,-3.588000000000001,-75.05333333333334,-19.3175,0.0,1774.531,18.47,100.0,25.72,12.446,45.124,26.217,0.0,0.0,100.0,0.0,0.0,0.0,0.0,3995.875,423.0999999999999,4598.125,2480.3,303.411,313.753,314.2385,319.05775,23.3831,21.2107,23.3272,22.4819,314.999998,314.999998,324.999988,324.999988,99.59851428571429,99.52106666666667,99.60615714285714,99.57065714285714,-2.009,-2.056,-1.9613333333333334,-1.7516666666666667,-0.09833333333332916,-0.2533333333333303,2.4795,3.4985,47.144,33.567,46.795,41.5115,71.193,43.217,72.3075,60.8805,68.346,41.6065,70.696,58.734,66.793,40.693,70.425,57.760333333333335,1.3930000000000002,-1.452,0.10346000000000001,0.11821000000000001,0.0,147.525,145.765,146.77,146.77,0.0,0.0
169,0.0,0.0,0.0,1.0,1.0,0.0,0.0,1.0,0.0,100.0,1.0,1.1856,26.0,0.0,0.0,0.0,57.999998,0.0,26.0,26.0,26.0,26.0,-1.6446666666666667,0.6251,0.0985,302.46,-2.07905,-3.60425,-0.7617,-2.2002,-77.44,92.505,190.5275,0.0,0.0,0.0,0.0,0.23773333333333335,-5.498166666666667,-5.498166666666667,0.050300000000000004,0.45799999999999996,-0.2783333333333333,0.23099999999999987,47.003,-0.9782000000000001,-0.1316,18.701999999999998,100.0,0.0,0.0,147.72333333333333,0.0,0.0,0.0,0.0,0.0,0.0,0.0,8407.3,0.0,55.0,3.0,169.18333333333334,1.0,0.0,0.0,0.0,0.0,0.0,0.0,0.0,8.456999999999999,8.456999999999999,0.0,0.0,1.0,55.0,616.79921,10000.0,85.000001,85.000001,85.000001,85.000001,395.0,0.0,0.0,0.0,1.0,333.33500000000004,63.019,63.019,55.603,55.603,34.0,-79.86,-7.417999999999999,-67.70666666666666,-18.705000000000002,0.0,1774.481,18.305,100.0,25.517,12.974,44.587,26.603,0.0,0.0,100.0,0.0,0.0,0.0,0.0,3861.75,782.6999999999998,4282.375,2543.7,303.8095,312.6193333333333,315.024,318.8705,23.3932,21.2136,23.337,22.4885,314.999998,314.999998,324.999988,324.999988,99.59871428571428,99.5211,99.60642857142857,99.57082857142858,-1.9083333333333332,-1.95475,-1.8793333333333333,-1.6665,-0.11333333333332973,-0.19999999999999574,2.5324999999999998,3.58,47.208,33.585,46.856,41.553,71.256,43.2235,72.3855,60.937,68.406,41.6125,70.7735,58.7875,66.85,40.698,70.501,57.81033333333333,1.3900000000000001,-1.4535,0.10519500000000001,0.11571000000000001,0.0,148.41,146.735,147.72333333333333,147.72333333333333,0.0,0.0
170,0.0,0.0,0.0,1.0,1.0,0.0,0.0,1.0,0.0,100.0,1.0,1.1856,26.0,0.0,0.0,0.0,57.999998,0.0,26.0,26.0,26.0,26.0,-1.5953333333333335,0.6393,0.1003,302.444,-2.0393,-3.59725,-0.84575,-2.1923000000000004,-79.91999999999999,91.9075,190.53725,0.0,0.0,0.0,0.0,0.23923333333333335,-5.498166666666667,-5.498166666666667,0.0935,0.366,-0.28400000000000025,0.7450000000000001,47.322,-0.9495,-0.11922500000000001,18.291999999999998,100.0,0.0,0.0,148.55,0.0,0.0,0.0,0.0,0.0,0.0,0.0,8454.5,0.0,55.0,3.0,170.33,0.0,0.0,0.0,0.0,0.0,0.0,1.0,0.0,8.511,8.511,0.0,0.0,0.0,55.0,616.79921,10000.0,85.000001,85.000001,85.000001,85.000001,395.0,0.0,0.0,0.0,1.0,166.665,63.4,63.4,55.389,55.389,34.0,-77.985,-5.036000000000001,-70.45666666666666,-19.745,0.0,1774.429,16.575000000000003,100.0,25.323,13.047,44.575,26.881,0.0,0.0,100.0,0.0,0.0,0.0,0.0,3785.0,615.5,4359.625,2692.5,303.958,313.14733333333334,314.75875,318.59525,23.4045,21.2167,23.348,22.496,314.999998,314.999998,324.999988,324.999988,99.59892857142857,99.52113333333334,99.60672857142858,99.57102857142857,-1.75,-1.80325,-1.8208333333333333,-1.6103333333333334,-0.0899999999999963,-0.2083333333333286,2.4335,3.4485,47.278,33.6045,46.925,41.6,71.315,43.231,72.473,61.0,68.464,41.619,70.8605,58.8465,66.904,40.7035,70.5855,57.86566666666667,1.2635,-1.3225000000000002,0.10627500000000001,0.11592500000000001,0.0,149.41,147.73000000000002,148.55,148.55,0.0,0.0
171,0.0,0.0,0.0,1.0,1.0,0.0,0.0,1.0,0.0,100.0,1.0,1.1856,26.0,0.0,0.0,0.0,57.999998,0.0,26.0,26.0,26.0,26.0,-1.5255555555555556,0.6188,-0.10490000000000001,302.75,-2.05355,-3.587375,-0.7632,-2.2058999999999997,-82.00999999999999,91.4425,190.54625,0.0,0.0,0.0,0.0,0.24046666666666666,-5.498166666666667,-5.498166666666667,0.0936,-0.45100000000000007,-0.2862222222222224,-0.274,47.588,-0.9195000000000001,-0.131775,17.234,100.0,0.0,0.0,149.34,0.0,0.0,0.0,0.0,0.0,0.0,0.0,8499.4,0.0,55.0,3.0,171.28666666666666,1.0,0.0,0.0,0.0,0.0,0.0,1.0,0.0,8.556,8.556,0.0,0.0,1.0,55.0,616.79921,10000.0,85.000001,85.000001,85.000001,85.000001,395.0,0.0,0.0,0.0,1.0,333.33500000000004,63.751,63.751,55.878,55.878,34.0,-75.9925,-4.140000000000001,-67.84666666666666,-17.4525,0.0,1774.383,15.96,100.0,24.974,13.01,44.265,27.416,0.0,0.0,100.0,0.0,0.0,0.0,0.0,3717.0,522.4000000000001,4287.25,2529.1,304.2015,313.282,315.008,318.83925,23.4138,21.2194,23.3572,22.502299999999998,314.999998,314.999998,324.999988,324.999988,99.59908571428572,99.52116666666667,99.60697142857143,99.57118571428572,-1.7003333333333333,-1.7417500000000001,-1.7546666666666668,-1.5295,-0.09833333333332916,-0.18333333333333002,2.4335,3.3925,47.336,33.621,46.982,41.6395,71.359,43.2335,72.5405,61.0535,68.505,41.621,70.927,58.897,66.943,40.705,70.65,57.913,1.2095000000000002,-1.263,0.11156500000000001,0.11975000000000001,0.0,150.175,148.575,149.34,149.34,0.0,0.0
172,0.0,0.0,0.0,1.0,1.0,0.0,0.0,1.0,0.0,100.0,1.0,1.1856,26.0,0.0,0.0,0.0,57.999998,0.0,26.0,26.0,26.0,26.0,-1.4692222222222222,0.6288,-0.12035000000000001,302.948,-2.08995,-3.546625,-0.79975,-2.146,-84.53,90.92,190.557125,0.0,0.0,0.0,0.0,0.24196666666666666,-5.498166666666667,-5.498166666666667,0.08120000000000001,0.07333333333333336,-0.2528888888888887,0.2490000000000001,47.903,-0.9058,-0.133575,17.306,100.0,0.0,0.0,150.45,0.0,0.0,0.0,0.0,0.0,0.0,0.0,8562.5,0.0,55.0,3.0,172.41666666666666,0.0,0.0,0.0,0.0,0.0,0.0,1.0,0.0,8.61,8.61,0.0,0.0,0.0,55.0,616.79921,10000.0,85.000001,85.000001,85.000001,85.000001,395.0,0.0,0.0,0.0,1.0,166.665,63.614,63.614,56.259,56.259,34.0,-74.125,-5.283999999999999,-63.53,-17.235,0.0,1774.33,14.280000000000001,100.0,24.745,13.333,43.641,27.371,0.0,0.0,100.0,0.0,0.0,0.0,0.0,3664.0,677.7999999999997,4125.625,2558.5,304.38,312.7726666666667,315.38125,318.831,23.425,21.2226,23.3681,22.5098,314.999998,314.999998,324.999988,324.999988,99.59927142857143,99.52118333333334,99.60725714285714,99.57138571428571,-1.5913333333333333,-1.6404999999999998,-1.7278333333333333,-1.5101666666666669,-0.0933333333333266,-0.1700000000000017,2.5365,3.489,47.406,33.641,47.051,41.686,71.406,43.241,72.616,61.111,68.551,41.6275,71.0025,58.951,66.986,40.711,70.7235,57.96366666666667,1.1065,-1.1635,0.10638500000000001,0.11400500000000001,0.0,151.175,149.615,150.45,150.45,0.0,0.0
173,0.0,0.0,0.0,1.0,1.0,0.0,0.0,1.0,0.0,100.0,1.0,1.1856,26.0,0.0,0.0,0.0,57.999998,0.0,26.0,26.0,26.0,26.0,-1.457111111111111,0.6346,0.07965,302.75,-2.10555,-3.56,-0.78845,-2.1308,-86.94,90.4625,190.567,0.0,0.0,0.0,0.0,0.2434,-5.498166666666667,-5.498166666666667,0.09230000000000001,-0.028999999999999915,-0.24766666666666648,0.28400000000000025,48.207,-0.8917,-0.12300000000000001,16.212,100.0,0.0,0.0,151.17,0.0,0.0,0.0,0.0,0.0,0.0,0.0,8603.6,0.0,55.0,3.0,173.51,1.0,0.0,0.0,0.0,0.0,0.0,1.0,0.0,8.661,8.661,0.0,0.0,1.0,55.0,616.79921,10000.0,85.000001,85.000001,85.000001,85.000001,395.0,0.0,0.0,0.0,1.0,166.665,63.599000000000004,63.599000000000004,56.107,56.107,34.0,-73.0975,-5.268000000000001,-67.10333333333334,-18.45,0.0,1774.279,13.055,100.0,24.639,13.317,43.303,27.668,0.0,0.0,100.0,0.0,0.0,0.0,0.0,3654.75,776.0999999999999,4281.0,2740.9,304.376,312.662,315.00125,318.419,23.4355,21.2256,23.3785,22.517,314.999998,314.999998,324.999988,324.999988,99.59942857142858,99.52123333333333,99.60751428571429,99.57155714285715,-1.471,-1.514,-1.6615,-1.4438333333333333,-0.10000000000000142,-0.17166666666666686,2.4125,3.3040000000000003,47.472,33.66,47.115,41.731,71.444,43.2475,72.687,61.169,68.588,41.6335,71.0725,59.006,67.02,40.716,70.7915,58.01533333333333,0.988,-1.0445000000000002,0.10733500000000001,0.114405,0.0,152.1,150.625,151.17000000000002,151.17,0.0,0.0
174,0.0,0.0,0.0,1.0,1.0,0.0,0.0,1.0,0.0,100.0,1.0,1.1856,26.0,0.0,0.0,0.0,57.999998,0.0,26.0,26.0,26.0,26.0,-1.401,0.6316000000000002,0.048850000000000005,302.765,-2.09965,-3.5340000000000003,-0.81455,-2.1161000000000003,-89.22999999999999,90.0625,190.57675,0.0,0.0,0.0,0.0,0.24476666666666666,-5.498166666666667,-5.498166666666667,0.09240000000000001,-0.2390000000000001,-0.2370000000000001,1.3439999999999999,48.492,-0.8537,-0.1292,15.14,100.0,0.0,0.0,152.02,0.0,0.0,0.0,0.0,0.0,0.0,0.0,8651.8,0.0,55.0,3.0,174.53333333333333,0.0,0.0,0.0,0.0,0.0,0.0,1.0,0.0,8.709,8.709,0.0,0.0,0.0,55.0,616.79921,10000.0,85.000001,85.000001,85.000001,85.000001,395.0,0.0,0.0,0.0,1.0,166.665,63.599000000000004,63.599000000000004,55.969,55.969,34.0,-71.4175,-5.024000000000001,-65.78333333333333,-16.7775,0.0,1774.231,12.04,100.0,24.472,13.453,43.304,27.859,0.0,0.0,100.0,0.0,0.0,0.0,0.0,3622.875,805.0999999999999,4266.75,2681.2,304.436,312.59633333333335,315.0145,318.56975,23.4453,21.2285,23.3883,22.523699999999998,314.999998,314.999998,324.999988,324.999988,99.59955714285714,99.52125,99.60777142857143,99.57172857142857,-1.3853333333333333,-1.43,-1.5815000000000001,-1.3616666666666668,-0.08833333333333115,-0.17499999999999716,2.425,3.25,47.533,33.6785,47.177,41.772999999999996,71.476,43.2535,72.7525,61.2195,68.619,41.6385,71.1375,59.054,67.049,40.72,70.855,58.06033333333333,0.9039999999999999,-0.9630000000000001,0.11006500000000001,0.11341500000000002,0.0,152.935,151.565,152.02,152.02,0.0,0.0
175,0.0,0.0,0.0,1.0,1.0,0.0,0.0,1.0,0.0,100.0,1.0,1.1856,26.0,0.0,0.0,0.0,57.999998,0.0,26.0,26.0,26.0,26.0,-1.325,0.6225,0.07685,302.872,-2.1671,-3.492375,-0.8613,-2.0582000000000003,-91.53,89.6925,190.586625,0.0,0.0,0.0,0.0,0.24613333333333337,-5.498166666666667,-5.498166666666667,0.092,-0.08200000000000007,-0.20299999999999985,0.41400000000000015,48.778,-0.8137000000000001,-0.12815000000000001,14.204,100.0,0.0,0.0,152.85,0.0,0.0,0.0,0.0,0.0,0.0,0.0,8699.1,0.0,55.0,3.0,175.56,1.0,0.0,0.0,0.0,0.0,0.0,1.0,0.0,8.757,8.757,0.0,0.0,1.0,55.0,616.79921,10000.0,85.000001,85.000001,85.000001,85.000001,395.0,0.0,0.0,0.0,1.0,333.33500000000004,63.66,63.66,56.137,56.137,34.0,-66.7625,-5.289999999999999,-61.67,-16.6175,0.0,1774.182,11.295000000000002,100.0,24.19,13.75,42.862,28.187,0.0,0.0,100.0,0.0,0.0,0.0,0.0,3460.75,902.5999999999999,4103.125,2800.4,304.905,312.226,315.43975,318.262,23.4552,21.2316,23.398,22.5305,314.999998,314.999998,324.999988,324.999988,99.5997,99.52128333333333,99.608,99.5719,-1.2966666666666666,-1.34325,-1.4951666666666668,-1.2728333333333333,-0.0833333333333286,-0.1566666666666663,2.408,3.1719999999999997,47.595,33.697,47.237,41.816,71.502,43.261,72.8105,61.271,68.644,41.6455,71.195,59.1025,67.072,40.726,70.9105,58.10633333333333,0.8399999999999999,-0.8975,0.10862000000000001,0.117095,0.0,153.8,152.525,152.85,152.85,0.0,0.0
176,0.0,0.0,0.0,1.0,1.0,0.0,0.0,1.0,0.0,100.0,1.0,1.1856,26.0,0.0,0.0,0.0,57.999998,0.0,26.0,26.0,26.0,26.0,-1.270888888888889,0.6286,-0.0826,302.856,-2.17565,-3.4925,-0.8969,-2.0491,-94.0,89.3275,190.59675,0.0,0.0,0.0,0.0,0.24756666666666666,-5.498166666666667,-5.498166666666667,0.084,-0.2633333333333332,-0.19555555555555548,0.14100000000000001,49.083,-0.767,-0.12815000000000001,13.3,100.0,0.0,0.0,153.72333333333333,0.0,0.0,0.0,0.0,0.0,0.0,0.0,8748.8,0.0,55.0,3.0,176.65666666666667,0.0,0.0,0.0,0.0,0.0,0.0,1.0,0.0,8.808,8.808,0.0,0.0,0.0,55.0,616.79921,10000.0,85.000001,85.000001,85.000001,85.000001,395.0,0.0,0.0,0.0,1.0,333.33500000000004,63.66,63.66,56.03,56.03,34.0,-66.2175,-4.466000000000001,-62.06666666666666,-14.807500000000001,0.0,1774.13,10.395,100.0,23.975,13.996,42.617000000000004,28.489,0.0,0.0,100.0,0.0,0.0,0.0,0.0,3490.375,849.1999999999998,4188.25,2741.9,304.8875,312.2366666666667,315.2375,318.382,23.4655,21.2348,23.4084,22.5378,314.999998,314.999998,324.999988,324.999988,99.59982857142857,99.52131666666666,99.60824285714286,99.57207142857143,-1.224,-1.2635,-1.407,-1.1886666666666668,-0.08833333333333115,-0.134999999999998,2.4,3.1020000000000003,47.659,33.717,47.302,41.861000000000004,71.524,43.2685,72.8735,61.324,68.666,41.652,71.257,59.153,67.092,40.732,70.9705,58.153999999999996,0.7789999999999999,-0.8290000000000002,0.10358,0.11858500000000001,0.0,154.70499999999998,153.51,153.72333333333333,153.72333333333333,0.0,0.0
177,0.0,0.0,0.0,1.0,1.0,0.0,0.0,1.0,0.0,100.0,1.0,1.1856,26.0,0.0,0.0,0.0,57.999998,0.0,26.0,26.0,26.0,26.0,-1.2075555555555555,0.625,-0.07915,302.719,-2.1891499999999997,-3.45525,-0.91785,-2.0384,-96.34,89.01249999999999,190.606125,0.0,0.0,0.0,0.0,0.24896666666666667,-5.498166666666667,-5.498166666666667,0.07830000000000001,0.03966666666666663,-0.18211111111111133,-0.379,49.37,-0.7242000000000001,-0.1291,12.75,100.0,0.0,0.0,154.59,0.0,0.0,0.0,0.0,0.0,0.0,0.0,8798.1,0.0,55.0,3.0,177.68666666666667,1.0,0.0,0.0,0.0,0.0,0.0,1.0,0.0,8.856,8.856,0.0,0.0,1.0,55.0,616.79921,10000.0,85.000001,85.000001,85.000001,85.000001,395.0,0.0,0.0,0.0,1.0,333.33500000000004,63.37,63.37,55.969,55.969,34.0,-64.1675,-4.636000000000003,-60.21666666666667,-13.629999999999999,0.0,1774.083,9.77,100.0,23.833,14.497,42.236000000000004,28.795,0.0,0.0,100.0,0.0,0.0,0.0,0.0,3458.5,971.5999999999999,4146.5,2785.0,304.992,311.83566666666667,315.37275,318.27325,23.4752,21.2379,23.4181,22.5446,314.999998,314.999998,324.999988,324.999988,99.59992857142858,99.52135,99.60845714285715,99.57221428571428,-1.1393333333333333,-1.18625,-1.3408333333333333,-1.1121666666666667,-0.0899999999999963,-0.11833333333333229,2.387,3.0695,47.72,33.737,47.363,41.903999999999996,71.539,43.277,72.9205,61.368,68.681,41.6595,71.304,59.1945,67.105,40.7385,71.0155,58.193,0.7305000000000001,-0.7850000000000001,0.10926500000000001,0.11708500000000001,0.0,155.595,154.46,154.59,154.59,0.0,0.0
178,0.0,0.0,0.0,1.0,1.0,0.0,0.0,1.0,0.0,100.0,1.0,1.1856,26.0,0.0,0.0,0.0,57.999998,0.0,26.0,26.0,26.0,26.0,-1.1675555555555555,0.6284000000000001,0.057600000000000005,302.567,-2.24035,-3.439375,-0.9224,-2.0166,-98.85,88.705,190.616,0.0,0.0,0.0,0.0,0.25043333333333334,-5.498166666666667,-5.498166666666667,0.0815,0.054333333333333345,-0.16822222222222205,1.1920000000000002,49.677,-0.68,-0.127575,12.022000000000002,100.0,0.0,0.0,155.41333333333333,0.0,0.0,0.0,0.0,0.0,0.0,0.0,8845.0,0.0,55.0,3.0,178.79,0.0,0.0,0.0,0.0,0.0,0.0,1.0,0.0,8.907,8.907,0.0,0.0,0.0,55.0,616.79921,10000.0,85.000001,85.000001,85.000001,85.000001,395.0,0.0,0.0,0.0,1.0,333.33500000000004,63.263,63.263,56.03,56.03,34.0,-63.1075,-4.213999999999999,-58.50666666666667,-13.0275,0.0,1774.031,9.280000000000001,100.0,23.784,14.552999999999999,42.155,29.114,0.0,0.0,100.0,0.0,0.0,0.0,0.0,3458.25,1075.3999999999999,4109.625,2956.9,304.9105,311.6933333333333,315.402,317.93575,23.4854,21.2413,23.4284,22.5519,314.999998,314.999998,324.999988,324.999988,99.60004285714285,99.52138333333333,99.60868571428571,99.57238571428572,-1.0539999999999998,-1.098,-1.2528333333333332,-1.0275,-0.0833333333333286,-0.1316666666666677,2.3289999999999997,2.9665,47.784,33.758,47.428,41.9495,71.553,43.2865,72.9755,61.4165,68.694,41.668,71.3585,59.2435,67.116,40.7465,71.065,58.239333333333335,0.6804999999999999,-0.7410000000000001,0.10983000000000001,0.11482,0.0,156.53,155.46,155.41333333333333,155.41333333333333,0.0,0.0
179,0.0,0.0,0.0,1.0,1.0,0.0,0.0,1.0,0.0,100.0,1.0,1.1856,26.0,0.0,0.0,0.0,57.999998,0.0,26.0,26.0,26.0,26.0,-1.1012222222222223,0.6221000000000001,0.0357,302.643,-2.21475,-3.36825,-1.003,-1.9729,-101.53,88.41,190.62675,0.0,0.0,0.0,0.0,0.252,-5.498166666666667,-5.498166666666667,0.0887,0.119,-0.12844444444444436,1.46,50.001,-0.6352,-0.125225,11.330000000000002,100.0,0.0,0.0,156.35666666666668,0.0,0.0,0.0,0.0,0.0,0.0,0.0,8898.7,0.0,55.0,3.0,179.95333333333332,1.0,0.0,0.0,0.0,0.0,0.0,1.0,0.0,8.961,8.961,0.0,0.0,1.0,55.0,616.79921,10000.0,85.000001,85.000001,85.000001,85.000001,395.0,0.0,0.0,0.0,1.0,166.665,63.522,63.522,56.091,56.091,34.0,-58.9675,-3.8640000000000043,-56.723333333333336,-11.9575,0.0,1773.98,8.775000000000002,100.0,23.437,14.611,41.78,29.655,0.0,0.0,100.0,0.0,0.0,0.0,0.0,3325.5,1128.8999999999999,4067.25,3040.4,305.2445,311.534,315.51925,317.73325,23.4963,21.2449,23.4394,22.5598,314.999998,314.999998,324.999988,324.999988,99.60015714285714,99.52141666666667,99.6089,99.57257142857142,-0.9889999999999999,-1.029,-1.1723333333333332,-0.9500000000000001,-0.06833333333332803,-0.1216666666666697,2.298,2.907,47.852000000000004,33.7805,47.496,41.999,71.563,43.2945,73.0215,61.4685,68.704,41.6755,71.404,59.2905,67.125,40.7525,71.111,58.28366666666667,0.6455000000000002,-0.7025000000000001,0.10543500000000001,0.116275,0.0,157.5,156.505,156.35666666666665,156.35666666666668,0.0,0.0
180,0.0,0.0,0.0,1.0,1.0,0.0,0.0,1.0,0.0,100.0,1.0,1.1856,26.0,0.0,0.0,0.0,57.999998,0.0,26.0,26.0,26.0,26.0,-1.0275555555555556,0.6251,-0.07145,302.917,-2.3171999999999997,-3.355125,-0.96375,-1.9105,-103.77000000000001,88.185,190.635875,0.0,0.0,0.0,0.0,0.2533,-5.498166666666667,-5.498166666666667,0.0853,-0.2586666666666668,-0.10400000000000009,-0.10199999999999987,50.27,-0.602,-0.12295,10.834,100.0,0.0,0.0,157.19666666666666,0.0,0.0,0.0,0.0,0.0,0.0,0.0,8946.5,0.0,55.0,3.0,180.92000000000002,0.0,0.0,0.0,0.0,0.0,0.0,0.0,0.0,9.006,9.006,0.0,0.0,0.0,55.0,616.79921,10000.0,85.000001,85.000001,85.000001,85.000001,395.0,0.0,0.0,0.0,1.0,166.665,63.919,63.919,55.679,55.679,34.0,-56.5325,-3.4580000000000055,-55.596666666666664,-10.379999999999999,0.0,1773.934,8.475000000000001,100.0,22.754,14.882,41.504,29.937,0.0,0.0,100.0,0.0,0.0,0.0,0.0,3239.625,1079.1999999999998,4106.625,2880.6,305.684,311.4866666666667,315.4595,318.05125,23.5053,21.248,23.4485,22.5664,314.999998,314.999998,324.999988,324.999988,99.60022857142857,99.52145,99.6091,99.57271428571428,-0.9596666666666667,-0.99875,-1.1233333333333333,-0.8965,-0.09499999999999886,-0.09666666666667112,2.328,2.887,47.908,33.8,47.553,42.04,71.566,43.3025,73.0605,61.5095,68.708,41.6825,71.4425,59.3295,67.128,40.759,71.1475,58.32066666666667,0.629,-0.6785000000000001,0.10797000000000001,0.11856000000000001,0.0,158.32,157.365,157.19666666666666,157.19666666666666,0.0,0.0
181,0.0,0.0,0.0,1.0,1.0,0.0,0.0,1.0,0.0,100.0,1.0,1.1856,26.0,0.0,0.0,0.0,57.999998,0.0,26.0,26.0,26.0,26.0,-0.9976666666666667,0.6115000000000002,-0.00015000000000000001,302.872,-2.32945,-3.3445,-0.97425,-1.8991,-106.34,87.955,190.6455,0.0,0.0,0.0,0.0,0.2548,-5.498166666666667,-5.498166666666667,0.0709,-0.17466666666666675,-0.08366666666666678,0.8319999999999999,50.575,-0.5763,-0.1231,10.512,100.0,0.0,0.0,158.12666666666667,0.0,0.0,0.0,0.0,0.0,0.0,0.0,8999.4,0.0,55.0,3.0,182.01666666666665,1.0,0.0,0.0,0.0,0.0,0.0,0.0,0.0,9.057,9.057,0.0,0.0,1.0,55.0,616.79921,10000.0,85.000001,85.000001,85.000001,85.000001,395.0,0.0,0.0,0.0,1.0,333.33500000000004,63.721000000000004,63.721000000000004,56.335,56.335,34.0,-55.29,-3.0219999999999985,-51.013333333333335,-9.622499999999999,0.0,1773.883,7.984999999999999,100.0,22.705,14.855,41.194,30.15,0.0,0.0,100.0,0.0,0.0,0.0,0.0,3227.375,1233.5,3896.5,3049.9,305.558,311.19266666666664,315.89825,317.71225,23.5154,21.2515,23.4587,22.5738,314.999998,314.999998,324.999988,324.999988,99.60032857142858,99.52148333333334,99.6093,99.57287142857143,-0.887,-0.92625,-1.0686666666666669,-0.8376666666666667,-0.07166666666666544,-0.10666666666666913,2.3245,2.87,47.971000000000004,33.822,47.617,42.0865,71.56700000000001,43.312,73.101,61.555,68.71,41.691,71.4825,59.373,67.128,40.7665,71.1855,58.362,0.5880000000000001,-0.6415000000000002,0.10813,0.118635,0.0,159.25,158.335,158.12666666666667,158.12666666666667,0.0,0.0
182,0.0,0.0,0.0,1.0,1.0,0.0,0.0,1.0,0.0,100.0,1.0,1.1856,26.0,0.0,0.0,0.0,57.999998,0.0,26.0,26.0,26.0,26.0,-0.9484444444444444,0.6243000000000001,-0.00995,302.826,-2.3354,-3.314625,-1.03985,-1.9181,-108.91,87.75,190.654875,0.0,0.0,0.0,0.0,0.25630000000000003,-5.498166666666667,-5.498166666666667,0.06810000000000001,-0.119,-0.08311111111111114,-0.29200000000000004,50.881,-0.5555,-0.12077500000000001,10.018,100.0,0.0,0.0,158.99666666666667,0.0,0.0,0.0,0.0,0.0,0.0,0.0,9049.0,0.0,55.0,3.0,183.12,0.0,0.0,0.0,0.0,0.0,0.0,0.0,0.0,9.108,9.108,0.0,0.0,0.0,55.0,616.79921,10000.0,85.000001,85.000001,85.000001,85.000001,395.0,0.0,0.0,0.0,1.0,333.33500000000004,63.828,63.828,55.801,55.801,34.0,-54.4425,-2.058,-54.91,-8.657499999999999,0.0,1773.83,6.984999999999999,100.0,22.375,15.209,40.946,30.446,0.0,0.0,100.0,0.0,0.0,0.0,0.0,3286.0,1132.1,4139.375,2956.5,305.57,311.3093333333333,315.4055,317.848,23.5255,21.2551,23.469,22.5813,314.999998,314.999998,324.999988,324.999988,99.60041428571428,99.52151666666667,99.60951428571428,99.57305714285714,-0.8196666666666668,-0.861,-1.0393333333333332,-0.8135,-0.09166666666666856,-0.09833333333332916,2.2824999999999998,2.8045,48.034,33.8445,47.681,42.133,71.565,43.321,73.143,61.602,68.708,41.6995,71.524,59.4185,67.125,40.7745,71.2245,58.40533333333333,0.5175000000000001,-0.5699999999999998,0.10859,0.11401000000000001,0.0,160.20499999999998,159.315,158.99666666666667,158.99666666666667,0.0,0.0
183,0.0,0.0,0.0,1.0,1.0,0.0,0.0,1.0,0.0,100.0,1.0,1.1856,26.0,0.0,0.0,0.0,57.999998,0.0,26.0,26.0,26.0,26.0,-0.8835555555555555,0.6280000000000001,-0.03705,302.765,-2.35945,-3.2565,-1.06735,-1.8707,-111.35999999999999,87.5775,190.66325,0.0,0.0,0.0,0.0,0.25773333333333337,-5.498166666666667,-5.498166666666667,0.0591,-0.31766666666666676,-0.06099999999999994,-0.986,51.169,-0.5309,-0.12187500000000001,9.152000000000001,100.0,0.0,0.0,159.84666666666666,0.0,0.0,0.0,0.0,0.0,0.0,0.0,9097.4,0.0,55.0,3.0,184.15333333333334,1.0,0.0,0.0,0.0,0.0,0.0,0.0,0.0,9.156,9.156,0.0,0.0,1.0,55.0,616.79921,10000.0,85.000001,85.000001,85.000001,85.000001,395.0,0.0,0.0,0.0,1.0,333.33500000000004,63.843,63.843,55.511,55.511,34.0,-49.9125,-1.8160000000000025,-51.593333333333334,-7.8325,0.0,1773.783,6.370000000000001,100.0,22.018,15.538,40.805,30.813,0.0,0.0,100.0,0.0,0.0,0.0,0.0,3113.0,1313.8999999999999,4010.625,3069.2,306.0555,310.75533333333334,315.709,317.54,23.5348,21.2586,23.4787,22.5884,314.999998,314.999998,324.999988,324.999988,99.60048571428571,99.52155,99.60968571428572,99.5732,-0.7636666666666667,-0.80725,-0.9821666666666666,-0.7531666666666667,-0.0833333333333286,-0.08500000000000085,2.2705,2.746,48.093,33.866,47.742,42.1775,71.559,43.3295,73.176,61.642,68.703,41.707,71.5565,59.4565,67.119,40.7815,71.255,58.44133333333333,0.4660000000000002,-0.5180000000000002,0.109865,0.11416000000000001,0.0,161.055,160.255,159.84666666666666,159.84666666666666,0.0,0.0
184,0.0,0.0,0.0,1.0,1.0,0.0,0.0,1.0,0.0,100.0,1.0,1.1856,26.0,0.0,0.0,0.0,57.999998,0.0,26.0,26.0,26.0,26.0,-0.8642222222222222,0.6188,0.0235,302.521,-2.4116999999999997,-3.2836250000000002,-1.04365,-1.8583,-113.97,87.4125,190.671875,0.0,0.0,0.0,0.0,0.25926666666666665,-5.498166666666667,-5.498166666666667,0.0502,0.03700000000000003,-0.07766666666666655,0.8700000000000001,51.474000000000004,-0.5002,-0.122925,8.616,100.0,0.0,0.0,160.76666666666665,0.0,0.0,0.0,0.0,0.0,0.0,0.0,9149.7,0.0,55.0,3.0,185.25,0.0,0.0,0.0,0.0,0.0,0.0,0.0,0.0,9.206999999999999,9.206999999999999,0.0,0.0,0.0,55.0,616.79921,10000.0,85.000001,85.000001,85.000001,85.000001,395.0,0.0,0.0,0.0,1.0,333.33500000000004,63.324,63.324,55.649,55.649,34.0,-50.845,-0.7080000000000055,-49.38,-6.0625,0.0,1773.732,5.870000000000001,100.0,22.338,15.667,40.769999999999996,30.838,0.0,0.0,100.0,0.0,0.0,0.0,0.0,3215.125,1417.6999999999998,3995.0,3128.8,305.623,310.59866666666665,315.644,317.53575,23.5448,21.2624,23.489,22.596,314.999998,314.999998,324.999988,324.999988,99.60054285714286,99.52156666666667,99.60988571428571,99.57334285714286,-0.6963333333333332,-0.74,-0.9148333333333334,-0.6846666666666666,-0.07666666666666799,-0.09666666666667112,2.2875,2.716,48.155,33.89,47.806,42.225,71.549,43.3395,73.212,61.6835,68.694,41.716,71.592,59.497,67.109,40.789500000000004,71.288,58.47966666666667,0.4245000000000001,-0.48150000000000004,0.11188000000000001,0.11638000000000001,0.0,161.985,161.23000000000002,160.76666666666665,160.76666666666665,0.0,0.0
185,0.0,0.0,0.0,1.0,1.0,0.0,0.0,1.0,0.0,100.0,1.0,1.1856,26.0,0.0,0.0,0.0,57.999998,0.0,26.0,26.0,26.0,26.0,-0.8111111111111111,0.619,0.0298,302.185,-2.38305,-3.24775,-1.1358,-1.8589,-116.75999999999999,87.265,190.681,0.0,0.0,0.0,0.0,0.2608666666666667,-5.498166666666667,-5.498166666666667,0.062200000000000005,0.11166666666666658,-0.06611111111111123,1.0340000000000003,51.798,-0.46840000000000004,-0.11380000000000001,7.735999999999999,100.0,0.0,0.0,161.63666666666666,0.0,0.0,0.0,0.0,0.0,0.0,0.0,9199.1,0.0,55.0,3.0,186.41666666666666,1.0,0.0,0.0,0.0,0.0,0.0,0.0,0.0,9.261,9.261,0.0,0.0,1.0,55.0,616.79921,10000.0,85.000001,85.000001,85.000001,85.000001,395.0,0.0,0.0,0.0,1.0,166.665,63.232,63.232,55.405,55.405,34.0,-47.4,0.2680000000000007,-50.0,-4.475,0.0,1773.679,5.254999999999999,100.0,22.462,15.901,40.581,31.541,0.0,0.0,100.0,0.0,0.0,0.0,0.0,3119.375,1462.8999999999999,4103.5,3263.0,305.8945,310.4703333333333,315.45675,317.19775,23.5554,21.2664,23.4999,22.6041,314.999998,314.999998,324.999988,324.999988,99.60061428571429,99.5216,99.61008571428572,99.57352857142857,-0.6376666666666666,-0.67875,-0.8451666666666666,-0.6211666666666666,-0.07000000000000028,-0.0933333333333266,2.2295,2.6155,48.221000000000004,33.915,47.874,42.2755,71.536,43.3485,73.2465,61.7305,68.682,41.7245,71.626,59.542,67.096,40.797,71.3195,58.522666666666666,0.37349999999999994,-0.43000000000000016,0.10496000000000001,0.11585000000000001,0.0,162.97,162.29,161.63666666666666,161.63666666666666,0.0,0.0
186,0.0,0.0,0.0,1.0,1.0,0.0,0.0,1.0,0.0,100.0,1.0,1.1856,26.0,0.0,0.0,0.0,57.999998,0.0,26.0,26.0,26.0,26.0,-0.7314444444444445,0.6148,-0.0646,302.307,-2.4525,-3.188125,-1.13235,-1.8089,-119.09,87.155,190.68875,0.0,0.0,0.0,0.0,0.2622333333333334,-5.498166666666667,-5.498166666666667,0.058600000000000006,-0.30800000000000005,-0.039111111111111097,-0.2689999999999999,52.066,-0.4319,-0.12000000000000001,7.2440000000000015,100.0,0.0,0.0,162.48666666666668,0.0,0.0,0.0,0.0,0.0,0.0,0.0,9247.6,0.0,55.0,3.0,187.38,0.0,0.0,0.0,0.0,0.0,0.0,0.0,0.0,9.306,9.306,0.0,0.0,0.0,55.0,616.79921,10000.0,85.000001,85.000001,85.000001,85.000001,395.0,0.0,0.0,0.0,1.0,333.33500000000004,63.4,63.4,55.144999999999996,55.144999999999996,34.0,-45.0575,0.045999999999999375,-46.36,-3.3225,0.0,1773.633,5.385000000000002,100.0,22.076999999999998,16.424,40.557,32.043,0.0,0.0,100.0,0.0,0.0,0.0,0.0,3001.75,1419.3999999999999,3973.75,3203.6,306.4115,310.422,315.8075,317.25675,23.5641,21.2698,23.509,22.6109,314.999998,314.999998,324.999988,324.999988,99.60067142857143,99.52163333333333,99.61025714285714,99.57365714285714,-0.6316666666666668,-0.6765,-0.7986666666666666,-0.5740000000000001,-0.0799999999999983,-0.0799999999999983,2.245,2.6155,48.275999999999996,33.936,47.931,42.318,71.523,43.357,73.274,61.7675,68.669,41.732,71.6535,59.578,67.083,40.804,71.345,58.556666666666665,0.3820000000000001,-0.4375,0.107465,0.117,0.0,163.77,163.135,162.48666666666668,162.48666666666668,0.0,0.0
187,0.0,0.0,0.0,1.0,1.0,0.0,0.0,1.0,0.0,100.0,1.0,1.1856,26.0,0.0,0.0,0.0,57.999998,0.0,26.0,26.0,26.0,26.0,-0.7246666666666667,0.5959000000000001,-0.00905,302.246,-2.4853,-3.1755,-1.1294,-1.7977,-121.75,87.05250000000001,190.69725,0.0,0.0,0.0,0.0,0.26380000000000003,-5.498166666666667,-5.498166666666667,0.035,-0.3713333333333333,-0.04122222222222227,0.19600000000000017,52.368,-0.4011,-0.13025,7.235999999999999,100.0,0.0,0.0,163.47333333333333,0.0,0.0,0.0,0.0,0.0,0.0,0.0,9303.8,0.0,55.0,3.0,188.46666666666667,1.0,0.0,0.0,0.0,0.0,0.0,0.0,0.0,9.357,9.357,0.0,0.0,1.0,55.0,616.79921,10000.0,85.000001,85.000001,85.000001,85.000001,395.0,0.0,0.0,0.0,1.0,333.33500000000004,63.034,63.034,55.374,55.374,34.0,-45.5575,0.6359999999999957,-42.406666666666666,-1.6125000000000007,0.0,1773.583,5.710000000000001,100.0,21.989,16.503999999999998,40.412,32.253,0.0,0.0,100.0,0.0,0.0,0.0,0.0,3033.625,1662.1,3818.625,3137.3,306.1785,309.854,316.0925,317.48075,23.5739,21.2737,23.5192,22.6186,314.999998,314.999998,324.999988,324.999988,99.60072857142858,99.52166666666666,99.61042857142857,99.57381428571429,-0.6063333333333332,-0.6499999999999999,-0.7451666666666666,-0.5195,-0.07499999999999574,-0.10166666666666657,2.2795,2.6445,48.337,33.961,47.995,42.366,71.505,43.3675,73.302,61.8085,68.653,41.7415,71.6805,59.6175,67.066,40.813,71.37,58.59433333333333,0.4075000000000002,-0.46350000000000025,0.10554500000000001,0.11411500000000001,0.0,164.7,164.095,163.47333333333333,163.47333333333333,0.0,0.0
188,0.0,0.0,0.0,1.0,1.0,0.0,0.0,1.0,0.0,100.0,1.0,1.1856,26.0,0.0,0.0,0.0,57.999998,0.0,26.0,26.0,26.0,26.0,-0.7074444444444444,0.6209,-0.059000000000000004,302.2,-2.4347,-3.14575,-1.1859,-1.7892000000000001,-124.43,86.965,190.705125,0.0,0.0,0.0,0.0,0.26536666666666664,-5.498166666666667,-5.498166666666667,0.0432,0.18099999999999994,-0.04800000000000004,-0.9510000000000001,52.67,-0.3956,-0.10990000000000001,7.6899999999999995,100.0,0.0,0.0,164.35,0.0,0.0,0.0,0.0,0.0,0.0,0.0,9353.5,0.0,55.0,3.0,189.55333333333334,0.0,0.0,0.0,0.0,0.0,0.0,0.0,0.0,9.408,9.408,0.0,0.0,0.0,55.0,616.79921,10000.0,85.000001,85.000001,85.000001,85.000001,395.0,0.0,0.0,0.0,1.0,333.33500000000004,63.354,63.354,55.115,55.115,34.0,-43.39,0.006000000000000227,-46.55,-2.2325,0.0,1773.531,6.125,100.0,22.004,16.705,40.119,32.5,0.0,0.0,100.0,0.0,0.0,0.0,0.0,2913.625,1462.8999999999999,4032.0,3289.1,306.618,310.27633333333335,315.72225,317.09625,23.5837,21.2776,23.5295,22.6262,314.999998,314.999998,324.999988,324.999988,99.60078571428572,99.5217,99.61061428571429,99.57397142857143,-0.6259999999999999,-0.6695,-0.7623333333333334,-0.5326666666666666,-0.08833333333333115,-0.0799999999999983,2.226,2.618,48.397999999999996,33.9855,48.059,42.414,71.488,43.3775,73.3295,61.849,68.637,41.751,71.7075,59.657,67.049,40.8215,71.3945,58.632,0.43900000000000006,-0.4940000000000002,0.10803000000000001,0.11832500000000001,0.0,165.68,165.025,164.35,164.35,0.0,0.0
189,0.0,0.0,0.0,1.0,1.0,0.0,0.0,1.0,0.0,100.0,1.0,1.1856,26.0,0.0,0.0,0.0,57.999998,0.0,26.0,26.0,26.0,26.0,-0.7305555555555555,0.601,-0.046400000000000004,302.399,-2.4812,-3.1365,-1.13025,-1.7757,-126.96000000000001,86.9,190.712125,0.0,0.0,0.0,0.0,0.26683333333333337,-5.498166666666667,-5.498166666666667,0.0125,-1.3336666666666668,-0.05744444444444419,-0.4829999999999999,52.955,-0.38720000000000004,-0.12385,7.854000000000001,100.0,0.0,0.0,165.18666666666667,0.0,0.0,0.0,0.0,0.0,0.0,0.0,9401.3,0.0,55.0,3.0,190.58,1.0,0.0,0.0,0.0,0.0,0.0,0.0,0.0,9.456,9.456,0.0,0.0,1.0,55.0,616.79921,10000.0,85.000001,85.000001,85.000001,85.000001,395.0,0.0,0.0,0.0,1.0,166.665,63.782,63.782,54.977000000000004,54.977000000000004,34.0,-45.295,-1.0399999999999991,-45.27333333333333,-1.9425000000000008,0.0,1773.485,7.039999999999999,100.0,21.548000000000002,16.357,40.502,32.712,0.0,0.0,100.0,0.0,0.0,0.0,0.0,2950.875,1451.6999999999998,3974.25,3147.2,306.6,310.36566666666664,315.73725,317.415,23.5928,21.2812,23.5392,22.6335,314.999998,314.999998,324.999988,324.999988,99.60084285714285,99.52171666666666,99.61078571428571,99.57411428571429,-0.6759999999999999,-0.725,-0.7556666666666666,-0.5235,-0.10000000000000142,-0.0799999999999983,2.231,2.6115,48.455,34.0075,48.12,42.4595,71.47,43.3855,73.358,61.8875,68.621,41.7585,71.7355,59.694,67.033,40.8285,71.4195,58.66766666666667,0.5005000000000002,-0.5615000000000001,0.11199,0.11545500000000002,0.0,166.525,165.85,165.18666666666667,165.18666666666667,0.0,0.0
190,0.0,0.0,0.0,1.0,1.0,0.0,0.0,1.0,0.0,100.0,1.0,1.1856,26.0,0.0,0.0,0.0,57.999998,0.0,26.0,26.0,26.0,26.0,-0.8105555555555555,0.591,-0.1041,302.49,-2.38485,-3.13875,-1.15565,-1.768,-129.67,86.8475,190.718125,0.0,0.0,0.0,0.0,0.2684,-5.498166666666667,-5.498166666666667,-0.0286,0.0003333333333332966,-0.06977777777777794,0.8810000000000002,53.247,-0.4093,-0.128975,9.33,100.0,0.0,0.0,166.40666666666667,0.0,0.0,0.0,0.0,0.0,0.0,0.0,9470.6,0.0,55.0,3.0,191.63333333333333,0.0,0.0,0.0,0.0,0.0,0.0,1.0,0.0,9.507,9.507,0.0,0.0,0.0,55.0,616.79921,10000.0,85.000001,85.000001,85.000001,85.000001,395.0,0.0,0.0,0.0,1.0,333.33500000000004,63.034,63.034,56.442,56.442,34.0,-50.02,-1.6499999999999986,-42.85333333333333,-3.115,0.0,1773.433,7.815000000000001,100.0,22.318,16.191,40.099000000000004,32.289,0.0,0.0,100.0,0.0,0.0,0.0,0.0,3161.125,1561.3999999999999,3763.375,2991.0,305.8345,310.226,316.24525,317.92375,23.6027,21.2851,23.5494,22.6411,314.999998,314.999998,324.999988,324.999988,99.6009,99.52176666666666,99.61097142857143,99.57427142857142,-0.7116666666666667,-0.75375,-0.802,-0.5710000000000001,-0.086666666666666,-0.08833333333333115,2.374,2.8175,48.516999999999996,34.032,48.184,42.507,71.458,43.398,73.3835,61.9255,68.61,41.7695,71.761,59.731,67.021,40.839,71.443,58.703,0.5699999999999998,-0.6275,0.10719000000000001,0.11475500000000001,0.0,167.53,166.74,166.40666666666667,166.40666666666667,0.0,0.0
191,0.0,0.0,0.0,1.0,1.0,0.0,0.0,1.0,0.0,100.0,1.0,1.1856,26.0,0.0,0.0,0.0,57.999998,75.725,26.0,26.0,26.0,26.0,-1.0258888888888889,0.5960000000000001,-0.06295,302.139,-2.48305,-3.149625,-1.03255,-1.8114,-132.4,86.8175,190.722625,0.0,0.0,0.0,0.0,0.2699666666666667,-5.498166666666667,-5.498166666666667,-0.026500000000000003,-1.0579999999999998,-0.13755555555555565,-2.787,53.516,-0.437,-0.1063,9.404000000000002,100.0,0.0,0.0,162.16333333333333,0.0,0.0,0.0,0.0,0.0,0.0,0.0,9229.1,0.0,55.0,3.0,192.72333333333333,1.0,0.0,0.0,0.0,0.0,0.0,1.0,0.0,9.558,9.558,0.0,0.0,1.0,55.0,616.79921,10000.0,85.000001,85.000001,85.000001,85.000001,395.0,0.0,0.0,0.0,1.0,166.665,63.644,63.644,53.802,53.802,34.0,-41.87,-2.2439999999999998,-65.38666666666667,-5.467500000000001,0.0,1773.381,9.004999999999999,100.0,21.874,16.519,40.847,32.266,0.0,0.0,0.0,0.0,0.0,0.0,0.0,2959.5,1333.8999999999999,4413.5,2945.1,306.561,310.636,314.7395,317.9205,23.6123,21.289,23.5598,22.6488,314.999998,314.999998,324.999988,324.999988,99.60097142857143,99.5218,99.61115714285714,99.57442857142857,-0.7976666666666667,-0.844,-0.8355,-0.6126666666666667,-1.9949999999999974,-1.9916666666666671,0.2795000000000001,0.8985000000000001,48.577,34.0565,48.249,42.555,71.446,43.4125,73.416,61.966,68.599,41.783500000000004,71.7925,59.77,67.008,40.8515,71.472,58.74033333333333,0.6459999999999999,-0.7044999999999999,0.10296000000000001,0.11345000000000001,0.0,163.895,162.345,162.44666666666666,161.88,0.0,0.0
192,0.0,0.0,0.0,1.0,1.0,0.0,0.0,1.0,0.0,100.0,1.0,1.1856,26.0,0.0,0.0,0.0,57.999998,99.25166666666667,26.0,26.0,26.0,26.0,-0.8546666666666667,-2.3988,-0.1631,301.956,-2.39955,-3.160125,-1.04305,-1.8668,-134.94,86.81,190.7255,0.0,0.0,0.0,0.0,0.2714666666666667,-5.498166666666667,-5.498166666666667,-0.3154,-7.7010000000000005,-0.2248888888888887,-1.0390000000000001,52.55,-0.3942,-0.32527500000000004,9.902000000000001,100.0,0.0,0.0,154.07333333333332,0.0,0.0,0.0,0.0,0.0,0.0,0.0,8768.8,0.0,55.0,3.0,189.45,0.0,0.0,0.0,0.0,0.0,0.0,1.0,0.0,9.606,9.606,0.0,0.0,0.0,55.0,616.79921,10000.0,85.000001,85.000001,85.000001,85.000001,395.0,0.0,0.0,0.0,1.0,333.33500000000004,56.076,56.076,60.501,60.501,34.0,-46.1425,-0.42199999999999704,-23.823333333333334,-1.040000000000001,0.0,1773.332,10.2,100.0,25.535,19.121,39.035,29.563,0.0,0.0,0.0,0.0,0.0,0.0,0.0,4229.25,2521.2,2662.875,1638.3999999999999,302.834,307.216,318.76125,320.99725,23.6218,21.2929,23.5691,22.6553,314.999998,314.999998,324.999988,324.999988,99.6012,99.52201666666667,99.6113,99.57452857142857,-0.8476666666666668,-0.90625,-0.7898333333333334,-0.583,-3.8249999999999957,-8.588333333333331,-3.0940000000000003,-3.8335,48.636,34.0805,48.307,42.596000000000004,71.514,43.5375,73.4235,61.971000000000004,68.663,41.897,71.8005,59.7755,67.067,40.9585,71.478,58.745,0.7295000000000003,-0.8315000000000001,0.08054,0.09097000000000001,0.0,158.88,150.04,155.13666666666666,153.01333333333332,0.0,0.0
193,0.0,0.0,0.0,1.0,1.0,0.0,0.0,1.0,0.0,100.0,1.0,1.1856,26.0,0.0,0.0,0.0,57.999998,100.0,26.0,26.0,26.0,26.0,-0.8873333333333333,-2.6686,-0.01685,300.919,-2.3074,-3.04325,-1.02385,-1.7689,-137.59,86.82249999999999,190.726,0.0,0.0,0.0,0.0,0.273,-5.498166666666667,-5.498166666666667,-0.5708,-2.427,-0.23666666666666636,-0.05400000000000005,51.255,-0.5286000000000001,-0.512275,14.355999999999998,100.0,0.0,0.0,147.26,0.0,0.0,0.0,0.0,0.0,0.0,0.0,8381.0,0.0,55.0,3.0,184.82333333333332,1.0,0.0,0.0,0.0,0.0,0.0,1.0,0.0,9.657,9.657,0.0,0.0,1.0,55.0,616.79921,10000.0,85.000001,85.000001,85.000001,85.000001,395.0,0.0,0.0,0.0,1.0,333.33500000000004,48.400999999999996,48.400999999999996,65.338,65.338,34.0,-51.0025,-1.9619999999999962,-19.636666666666663,-1.0274999999999999,0.0,1773.282,8.580000000000002,100.0,32.2,25.764,33.872,24.698,0.0,0.0,0.0,0.0,0.0,0.0,0.0,4631.625,3063.1,2547.75,1636.5,301.5975,305.4746666666667,319.13725,321.081,23.6327,21.298,23.5781,22.6616,314.999998,314.999998,324.999988,324.999988,99.60152857142857,99.52238333333334,99.61148571428572,99.57468571428572,-0.7226666666666668,-0.8322499999999999,-1.082,-0.881,-3.556666666666672,-6.26166666666667,-4.22,-7.2065,48.705,34.1125,48.363,42.635,71.623,43.7365,73.4435,62.007,68.766,42.0795,71.821,59.8105,67.163,41.1295,71.4965,58.778333333333336,0.5855000000000001,-0.7610000000000001,0.084445,0.087415,0.0,155.865,150.405,150.12666666666667,144.39333333333335,0.0,0.0
194,0.0,0.0,0.0,1.0,1.0,0.0,0.0,1.0,0.0,100.0,1.0,1.1856,26.0,0.0,0.0,0.0,57.999998,100.0,26.0,26.0,26.0,26.0,-1.0313333333333334,-2.6846,0.1532,300.415,-2.2062,-3.088625,-0.9896,-1.7955,-140.17,86.8575,190.727,0.0,0.0,0.0,0.0,0.2745,-5.498166666666667,-5.498166666666667,-0.5974,0.30499999999999994,-0.32066666666666643,-2.365,49.88,-0.7334,-0.5664250000000001,15.251999999999999,100.0,0.0,0.0,144.19,0.0,0.0,0.0,0.0,0.0,0.0,0.0,8206.3,0.0,55.0,3.0,179.88666666666666,0.0,0.0,0.0,0.0,0.0,0.0,1.0,0.0,9.708,9.708,0.0,0.0,0.0,55.0,616.79921,10000.0,85.000001,85.000001,85.000001,85.000001,395.0,0.0,0.0,0.0,1.0,333.33500000000004,46.173,46.173,66.299,66.299,34.0,-50.4775,-0.7520000000000024,-31.023333333333333,-2.5250000000000004,0.0,1773.23,4.940000000000001,100.0,34.887,28.376,31.928,22.663,0.0,0.0,0.0,0.0,0.0,0.0,0.0,4778.5,2749.1,3125.625,1738.2,301.29,306.21066666666667,317.85925,320.72775,23.6438,21.3033,23.5872,22.6681,314.999998,314.999998,324.999988,324.999988,99.60181428571428,99.52271666666667,99.61171428571429,99.57491428571429,-0.627,-0.761,-1.3553333333333333,-1.168,-3.4166666666666714,-6.821666666666665,-3.854,-6.6594999999999995,48.774,34.1455,48.42,42.6755,71.722,43.918,73.4855,62.08,68.861,42.246,71.8625,59.881,67.252,41.286,71.5355,58.846000000000004,0.29800000000000004,-0.5034999999999998,0.076085,0.08718000000000001,0.0,152.145,145.375,146.96666666666667,141.41333333333333,0.0,0.0
195,0.0,0.0,0.0,1.0,1.0,0.0,0.0,1.0,0.0,100.0,1.0,1.1856,26.0,0.0,0.0,0.0,57.999998,100.0,26.0,26.0,26.0,26.0,-1.1133333333333333,-2.5077,0.14880000000000002,300.964,-2.1521,-3.133375,-0.8822,-1.8283,-142.53,86.9125,190.729875,0.0,0.0,0.0,0.0,0.27590000000000003,-5.498166666666667,-5.498166666666667,-0.5747,-0.18933333333333335,-0.40211111111111153,-0.9889999999999999,48.644,-0.8048000000000001,-0.565225,12.847999999999999,100.0,0.0,0.0,140.59333333333333,0.0,0.0,0.0,0.0,0.0,0.0,0.0,8001.5,0.0,55.0,3.0,175.43,1.0,0.0,0.0,0.0,0.0,0.0,1.0,0.0,9.756,9.756,0.0,0.0,1.0,55.0,616.79921,10000.0,85.000001,85.000001,85.000001,85.000001,395.0,0.0,0.0,0.0,1.0,333.33500000000004,46.432,46.432,67.154,67.154,34.0,-49.415,-2.426000000000002,-33.730000000000004,-2.2375000000000007,0.0,1773.184,5.175000000000001,100.0,35.917,28.479,31.749,21.185,0.0,0.0,0.0,0.0,0.0,0.0,0.0,4566.5,2424.6,3096.375,1802.4,301.9215,307.42566666666664,317.801,320.72925,23.654,21.3077,23.596,22.6741,314.999998,314.999998,324.999988,324.999988,99.60208571428572,99.52301666666666,99.61192857142858,99.57511428571429,-0.7816666666666667,-0.92675,-1.4115,-1.2296666666666667,-3.6599999999999966,-5.846666666666671,-3.5415,-7.0115,48.837,34.173,48.475,42.713,71.812,44.092,73.528,62.142,68.946,42.405,71.9045,59.9405,67.332,41.4355,71.576,58.903,0.26949999999999985,-0.48450000000000015,0.07284500000000001,0.089385,0.0,147.985,142.915,143.57666666666665,137.60666666666665,0.0,0.0
196,0.0,0.0,0.0,1.0,1.0,0.0,0.0,1.0,0.0,100.0,1.0,1.1856,26.0,0.0,0.0,0.0,57.999998,100.0,26.0,26.0,26.0,26.0,-1.1172222222222223,-2.5451,-0.13655,301.651,-2.1272,-3.160375,-0.89295,-1.8103,-144.97,86.995,190.73425,0.0,0.0,0.0,0.0,0.2773,-5.498166666666667,-5.498166666666667,-0.5846,-0.040999999999999925,-0.4418888888888888,-0.19399999999999995,47.363,-0.7784000000000001,-0.58735,12.498000000000001,100.0,0.0,0.0,136.23666666666668,0.0,0.0,0.0,0.0,0.0,0.0,0.0,7753.5,0.0,55.0,3.0,170.81,0.0,0.0,0.0,0.0,0.0,0.0,1.0,0.0,9.807,9.807,0.0,0.0,0.0,55.0,616.79921,10000.0,85.000001,85.000001,85.000001,85.000001,395.0,0.0,0.0,0.0,1.0,333.33500000000004,46.219,46.219,68.787,68.787,34.0,-51.815,-1.8200000000000003,-28.49,-1.2825000000000006,0.0,1773.132,6.895,100.0,36.513999999999996,28.462,30.938,19.968,0.0,0.0,0.0,0.0,0.0,0.0,0.0,4459.125,2335.3,2872.25,1606.6,301.999,307.602,318.372,321.12125,23.6647,21.3122,23.6052,22.6804,314.999998,314.999998,324.999988,324.999988,99.60238571428572,99.52331666666667,99.61214285714286,99.57531428571428,-0.9213333333333333,-1.066,-1.4171666666666667,-1.2265,-3.663333333333327,-7.221666666666671,-3.8200000000000003,-7.588000000000001,48.903999999999996,34.2015,48.532,42.7525,71.91,44.257,73.5675,62.206,69.04,42.5555,71.9445,60.002,67.42,41.5765,71.614,58.962,0.40700000000000003,-0.6179999999999999,0.07519500000000001,0.088575,0.0,143.94,137.175,139.44,133.03,0.0,0.0
197,1.0,0.0,0.0,1.0,1.0,0.0,0.0,1.0,0.0,100.0,1.0,1.1856,26.0,0.0,0.0,0.0,57.999998,100.0,26.0,26.0,26.0,26.0,-1.103,-2.5061999999999998,-0.0014500000000000001,302.536,-2.1337,-3.15575,-0.84535,-1.8103,-147.35,87.10249999999999,190.73925,0.0,0.0,0.0,0.0,0.2787,-5.498166666666667,-5.498166666666667,-0.5914,-0.6313333333333333,-0.4538888888888888,-0.2649999999999999,46.105,-0.7685000000000001,-0.57865,13.3,100.0,0.0,0.0,131.52666666666667,0.0,0.0,0.0,0.0,0.0,0.0,0.0,7485.6,0.0,55.0,3.0,166.28,1.0,0.0,0.0,0.0,0.0,0.0,1.0,0.0,9.858,9.858,0.0,0.0,1.0,55.0,616.79921,10000.0,85.000001,85.000001,85.000001,85.000001,395.0,0.0,0.0,0.0,1.0,333.33500000000004,46.738,46.738,69.824,69.824,34.0,-49.965,-0.008000000000002672,-29.033333333333335,-0.019999999999999574,0.0,1773.08,8.89,100.0,36.106,28.201999999999998,29.736,18.785,0.0,0.0,0.0,0.0,0.0,0.0,0.0,4434.875,2222.9,2924.375,1509.8,302.3265,308.019,318.2775,321.3415,23.6751,21.3167,23.6142,22.6866,314.999998,314.999998,324.999988,324.999988,99.60267142857143,99.52361666666667,99.61234285714286,99.57552857142858,-1.0356666666666667,-1.1764999999999999,-1.4623333333333333,-1.272,-3.9483333333333306,-9.674999999999997,-3.856,-9.151,48.97,34.2295,48.589,42.7915,72.008,44.4205,73.605,62.2785,69.134,42.705,71.982,60.0715,67.509,41.717,71.6495,59.028666666666666,0.5510000000000002,-0.7635000000000001,0.075245,0.09491000000000001,0.0,139.925,129.89,135.84,127.21333333333334,0.0,0.0
198,0.0,0.0,0.0,1.0,1.0,0.0,0.0,1.0,0.0,100.0,1.0,1.1856,26.0,0.0,0.0,0.0,57.999998,100.0,26.0,26.0,26.0,26.0,-1.1545555555555556,-2.3385,0.034,303.299,-2.1517,-3.105625,-0.8116,-1.7847,-149.53,87.225,190.744125,0.0,0.0,0.0,0.0,0.27996666666666664,-5.498166666666667,-5.498166666666667,-0.6034,0.013333333333333308,-0.47944444444444434,-0.6679999999999999,44.939,-0.7671,-0.584275,14.802,100.0,0.0,0.0,128.03666666666666,0.0,0.0,0.0,0.0,0.0,0.0,0.0,7286.9,0.0,55.0,3.0,162.06666666666666,0.0,0.0,0.0,0.0,0.0,0.0,1.0,0.0,9.906,9.906,0.0,0.0,0.0,55.0,616.79921,10000.0,85.000001,85.000001,85.000001,85.000001,395.0,0.0,0.0,0.0,1.0,333.33500000000004,46.57,46.57,71.259,71.259,34.0,-51.8,-4.864000000000004,-25.27,0.01750000000000007,0.0,1773.032,10.035,100.0,36.071,28.240000000000002,28.788,17.535,0.0,0.0,0.0,0.0,0.0,0.0,0.0,4482.625,2257.0,2587.625,1292.1,302.181,307.71933333333334,318.9385,321.94175,23.685,21.321,23.6226,22.6924,314.999998,314.999998,324.999988,324.999988,99.60295714285714,99.52386666666666,99.61254285714286,99.57568571428571,-1.0976666666666666,-1.24175,-1.5406666666666669,-1.346,-3.953333333333326,-5.87166666666667,-3.8834999999999997,-9.188,49.031,34.256,48.641,42.8275,72.103,44.5665,73.641,62.328,69.225,42.838499999999996,72.0185,60.119,67.594,41.8425,71.6845,59.074,0.6590000000000003,-0.8694999999999999,0.07651000000000001,0.09025000000000001,0.0,136.47,131.705,132.33333333333334,123.74,0.0,0.0
199,0.0,0.0,0.0,1.0,1.0,0.0,0.0,1.0,0.0,100.0,1.0,1.1856,26.0,0.0,0.0,0.0,57.999998,97.49666666666667,26.0,26.0,26.0,26.0,-1.180111111111111,-2.3117,-0.07585,304.169,-2.0968999999999998,-3.1662500000000002,-0.84425,-1.7858,-151.79,87.38,190.74925,0.0,0.0,0.0,0.0,0.2813,-5.498166666666667,-5.498166666666667,-0.6047,-0.8983333333333332,-0.5221111111111112,-0.31899999999999995,43.735,-0.784,-0.5653,15.046,100.0,0.0,0.0,126.15,0.0,0.0,0.0,0.0,0.0,0.0,0.0,7179.5,0.0,55.0,3.0,157.73333333333332,1.0,0.0,0.0,0.0,0.0,0.0,1.0,0.0,9.956999999999999,9.956999999999999,0.0,0.0,1.0,55.0,616.79921,10000.0,85.000001,85.000001,85.000001,85.000001,395.0,0.0,0.0,0.0,1.0,333.33500000000004,47.958,47.958,71.64,71.64,34.0,-48.76,-1.0940000000000012,-28.166666666666664,-0.7149999999999999,0.0,1772.982,11.225000000000001,100.0,35.756,27.438,28.252,16.537,0.0,0.0,0.0,0.0,0.0,0.0,0.0,4207.5,1911.9,2858.625,1343.8999999999999,302.8795,309.03,318.279,321.85775,23.6951,21.3252,23.6315,22.6985,314.999998,314.999998,324.999988,324.999988,99.60324285714286,99.52411666666667,99.61274285714286,99.57587142857143,-1.221,-1.3507500000000001,-1.6158333333333332,-1.4226666666666667,-4.038333333333327,-8.24666666666667,-4.0165,-8.0965,49.095,34.283,48.697,42.8655,72.199,44.7085,73.6825,62.3825,69.317,42.968,72.06,60.1715,67.681,41.964,71.7245,59.124,0.7600000000000002,-0.9584999999999999,0.08168,0.09111000000000001,0.0,132.69,128.925,128.22333333333333,124.07333333333334,0.0,0.0
200,1.0,0.0,0.0,1.0,1.0,0.0,0.0,1.0,0.0,100.0,1.0,1.1856,26.0,0.0,0.0,0.0,57.999998,99.45166666666667,26.0,26.0,26.0,26.0,-1.2341111111111112,-2.3106999999999998,-0.08025,304.779,-2.0997500000000002,-3.216625,-0.78515,-1.8279,-153.98,87.5575,190.75375,0.0,0.0,0.0,0.0,0.2826,-5.498166666666667,-5.498166666666667,-0.6421,-0.2583333333333333,-0.5596666666666668,-0.08199999999999985,42.573,-0.7885000000000001,-0.571775,17.138,100.0,0.0,0.0,121.74,0.0,0.0,0.0,0.0,0.0,0.0,0.0,6928.5,0.0,55.0,3.0,153.55,0.0,0.0,0.0,0.0,0.0,0.0,0.0,0.0,10.008,10.008,0.0,0.0,0.0,55.0,616.79921,10000.0,85.000001,85.000001,85.000001,85.000001,395.0,0.0,0.0,0.0,1.0,333.33500000000004,47.638,47.638,73.654,73.654,34.0,-56.3225,0.4299999999999997,-23.426666666666666,-0.5899999999999999,0.0,1772.931,13.730000000000004,100.0,35.756,26.916,27.284,15.388,0.0,0.0,0.0,0.0,0.0,0.0,0.0,4487.125,2001.1999999999998,2616.625,1187.1,302.074,308.7436666666667,318.992,322.107,23.7053,21.3295,23.6402,22.7044,314.999998,314.999998,324.999988,324.999988,99.60352857142857,99.52436666666667,99.61294285714285,99.57601428571428,-1.3346666666666667,-1.45875,-1.7263333333333333,-1.536,-3.894999999999996,-10.439999999999998,-4.258,-8.173,49.158,34.3095,48.751,42.903,72.297,44.846000000000004,73.7185,62.422,69.411,43.0935,72.096,60.2095,67.769,42.0815,71.759,59.160666666666664,0.9430000000000001,-1.1404999999999998,0.076465,0.09503500000000001,0.0,129.415,122.69,125.17333333333333,118.30333333333333,0.0,0.0
201,0.0,0.0,0.0,1.0,1.0,0.0,0.0,1.0,0.0,100.0,1.0,1.1856,26.0,0.0,0.0,0.0,57.999998,99.24333333333334,26.0,26.0,26.0,26.0,-1.293111111111111,-2.294,-0.050050000000000004,305.222,-2.1151,-3.219125,-0.7297,-1.8304,-155.99,87.75,190.758,0.0,0.0,0.0,0.0,0.28376666666666667,-5.498166666666667,-5.498166666666667,-0.6199,0.667,-0.5859999999999999,-0.15999999999999992,41.474,-0.8350000000000001,-0.545525,18.77,100.0,0.0,0.0,118.74,0.0,0.0,0.0,0.0,0.0,0.0,0.0,6757.8,0.0,55.0,3.0,149.59333333333333,1.0,0.0,0.0,0.0,0.0,0.0,0.0,0.0,10.056,10.056,0.0,0.0,1.0,55.0,616.79921,10000.0,85.000001,85.000001,85.000001,85.000001,395.0,0.0,0.0,0.0,1.0,333.33500000000004,48.004,48.004,73.776,73.776,34.0,-54.13,0.18599999999999994,-24.29,-0.7825000000000006,0.0,1772.884,14.310000000000002,100.0,35.638999999999996,26.719,26.756999999999998,14.422,0.0,0.0,0.0,0.0,0.0,0.0,0.0,4420.375,1853.6,2750.75,1106.6999999999998,302.202,309.096,318.6135,322.32925,23.7149,21.3335,23.6484,22.71,314.999998,314.999998,324.999988,324.999988,99.60381428571428,99.52458333333334,99.61314285714286,99.57615714285714,-1.4006666666666665,-1.52275,-1.8876666666666668,-1.7078333333333333,-4.048333333333332,-9.896666666666661,-4.3935,-7.913,49.218,34.3345,48.803,42.9375,72.393,44.971000000000004,73.759,62.459,69.503,43.2075,72.1365,60.2455,67.856,42.1885,71.7985,59.195,1.0020000000000002,-1.2005,0.07637500000000001,0.0966,0.0,126.05,115.955,122.03999999999999,115.43666666666667,0.0,0.0
202,0.0,0.0,0.0,1.0,1.0,0.0,0.0,1.0,0.0,100.0,1.0,1.1856,26.0,0.0,0.0,0.0,57.999998,93.52666666666667,26.0,26.0,26.0,26.0,-1.3584444444444443,-2.1489000000000003,-0.0455,305.695,-2.0576,-3.258,-0.71315,-1.8538000000000001,-158.06,87.97749999999999,190.762375,0.0,0.0,0.0,0.0,0.28500000000000003,-5.498166666666667,-5.498166666666667,-0.6045,-0.484,-0.6354444444444445,-1.174,40.347,-0.8523000000000001,-0.521425,19.038000000000004,100.0,0.0,0.0,116.42333333333333,0.0,0.0,0.0,0.0,0.0,0.0,0.0,6626.1,0.0,55.0,3.0,145.53,0.0,0.0,0.0,0.0,0.0,0.0,0.0,0.0,10.107,10.107,0.0,0.0,0.0,55.0,616.79921,10000.0,85.000001,85.000001,85.000001,85.000001,395.0,0.0,0.0,0.0,1.0,333.33500000000004,49.118,49.118,74.112,74.112,34.0,-56.105000000000004,-0.5700000000000003,-27.02,-0.8025000000000002,0.0,1772.832,15.915,100.0,35.198,25.66,26.902,14.052,0.0,0.0,0.0,0.0,0.0,0.0,0.0,4392.375,1622.3,2838.25,1219.1,302.4195,309.89666666666665,318.46025,322.091,23.7248,21.3375,23.6572,22.7159,314.999998,314.999998,324.999988,324.999988,99.6041,99.5248,99.61334285714285,99.57631428571429,-1.546,-1.667,-1.971,-1.7858333333333334,-3.9350000000000023,-8.82333333333333,-4.174,-8.014,49.28,34.3595,48.857,42.9745,72.489,45.0935,73.802,62.5035,69.595,43.3195,72.18,60.2885,67.94200000000001,42.293,71.8405,59.23566666666667,1.1285000000000003,-1.319,0.07655500000000001,0.09603500000000001,0.0,122.86,117.965,118.43,114.42,0.0,0.0
203,0.0,0.0,0.0,1.0,1.0,0.0,0.0,1.0,0.0,100.0,1.0,1.1856,26.0,0.0,0.0,0.0,57.999998,94.47,26.0,26.0,26.0,26.0,-1.3902222222222222,-2.1314,-0.0867,306.229,-1.9807,-3.318625,-0.67835,-1.8722,-160.07,88.2325,190.767,0.0,0.0,0.0,0.0,0.2861666666666667,-5.498166666666667,-5.498166666666667,-0.6166,-0.06066666666666687,-0.6767777777777777,0.6059999999999999,39.257,-0.8384,-0.5253,20.43,100.0,0.0,0.0,112.89666666666666,0.0,0.0,0.0,0.0,0.0,0.0,0.0,6425.2,0.0,55.0,3.0,141.59666666666666,1.0,0.0,0.0,0.0,0.0,0.0,0.0,0.0,10.158,10.158,0.0,0.0,1.0,55.0,616.79921,10000.0,85.000001,85.000001,85.000001,85.000001,395.0,0.0,0.0,0.0,1.0,333.33500000000004,49.423,49.423,75.165,75.165,34.0,-58.8125,0.1039999999999992,-21.17,-1.83,0.0,1772.781,19.035000000000004,100.0,35.293,24.856,26.935,13.306,0.0,0.0,0.0,0.0,0.0,0.0,0.0,4514.5,1496.1999999999998,2685.75,994.3999999999999,301.95,310.2536666666667,318.80925,322.611,23.7349,21.3414,23.6659,22.7217,314.999998,314.999998,324.999988,324.999988,99.6044,99.525,99.61354285714286,99.57642857142856,-1.6956666666666667,-1.81075,-2.0598333333333336,-1.8825,-3.9566666666666706,-9.649999999999999,-4.6955,-6.797499999999999,49.343,34.384,48.912,43.011,72.59,45.2045,73.845,62.532,69.69200000000001,43.4205,72.223,60.316,68.034,42.387,71.8825,59.262,1.346,-1.5325000000000002,0.07409500000000001,0.09966000000000001,0.0,119.58,109.665,115.41333333333333,110.37666666666667,0.0,0.0
204,0.0,0.0,0.0,1.0,1.0,0.0,0.0,1.0,0.0,100.0,1.0,1.1856,26.0,0.0,0.0,0.0,57.999998,71.69833333333334,26.0,26.0,26.0,26.0,-1.5407777777777778,-1.9496,-0.06345,306.793,-2.0305,-3.36375,-0.6789000000000001,-1.8543,-161.91,88.5,190.771,0.0,0.0,0.0,0.0,0.28726666666666667,-5.498166666666667,-5.498166666666667,-0.5975,0.08266666666666656,-0.6565555555555558,0.17100000000000026,38.277,-0.8529,-0.48625,22.408,100.0,0.0,0.0,111.02333333333334,0.0,0.0,0.0,0.0,0.0,0.0,0.0,6318.7,0.0,55.0,3.0,138.05,0.0,0.0,0.0,0.0,0.0,0.0,0.0,0.0,10.206,10.206,0.0,0.0,0.0,55.0,616.79921,10000.0,85.000001,85.000001,85.000001,85.000001,395.0,0.0,0.0,0.0,1.0,333.33500000000004,50.674,50.674,75.531,75.531,34.0,-69.8,-2.334000000000003,-29.013333333333335,-2.74,0.0,1772.732,20.884999999999998,100.0,34.735,23.894,26.514,12.824,0.0,0.0,0.0,0.0,0.0,0.0,0.0,4362.625,1331.0,2790.5,1249.5,302.4415,310.8636666666667,318.59925,322.05525,23.7442,21.345,23.674,22.7272,314.999998,314.999998,324.999988,324.999988,99.60467142857142,99.52515,99.61372857142857,99.57654285714285,-1.821,-1.9267500000000002,-2.2108333333333334,-2.0338333333333334,-3.0050000000000026,-7.208333333333329,-3.8100000000000005,-6.685499999999999,49.400999999999996,34.406,48.963,43.045,72.68,45.2975,73.8835,62.56,69.779,43.505,72.262,60.343,68.117,42.466,71.9205,59.287333333333336,1.5150000000000001,-1.6885,0.07836000000000001,0.09345,0.0,117.99,110.415,113.71666666666667,108.33333333333334,0.0,0.0
205,0.0,0.0,0.0,1.0,1.0,0.0,0.0,1.0,0.0,100.0,1.0,1.1856,26.0,0.0,0.0,0.0,57.999998,26.961666666666666,26.0,26.0,26.0,26.0,-1.8444444444444446,-1.2045,-0.0347,307.236,-1.8800999999999999,-3.472875,-0.5147999999999999,-1.9805000000000001,-163.93,88.8325,190.775125,0.0,0.0,0.0,0.0,0.28846666666666665,-5.498166666666667,-5.498166666666667,-0.5639000000000001,1.007,-0.7736666666666667,-2.534,37.456,-0.8158000000000001,-0.454025,26.548000000000002,100.0,0.0,0.0,111.71666666666667,0.0,0.0,0.0,0.0,0.0,0.0,0.0,6358.1,0.0,55.0,3.0,135.01333333333332,1.0,0.0,0.0,0.0,0.0,0.0,0.0,0.0,10.26,10.26,0.0,0.0,1.0,55.0,616.79921,10000.0,85.000001,85.000001,85.000001,85.000001,395.0,0.0,0.0,0.0,1.0,166.665,52.368,52.368,75.18,75.18,34.0,-94.285,-1.7560000000000002,-53.57666666666667,-7.539999999999999,0.0,1772.681,22.185000000000002,100.0,34.174,21.945,27.465,12.384,0.0,0.0,0.0,0.0,0.0,0.0,0.0,4639.125,813.0999999999999,3289.375,1061.1,301.685,312.3313333333333,317.527,322.4825,23.7547,21.3487,23.6833,22.7333,314.999998,314.999998,324.999988,324.999988,99.60488571428571,99.52528333333333,99.61391428571429,99.57664285714286,-1.7003333333333333,-1.794,-2.3343333333333334,-2.1631666666666667,-1.2316666666666691,-6.469999999999999,-1.5949999999999998,-3.784,49.467,34.4295,49.021,43.0835,72.748,45.3735,73.9185,62.5715,69.844,43.5745,72.298,60.3545,68.178,42.5305,71.9555,59.298,1.6505,-1.8080000000000003,0.08141000000000001,0.101925,0.0,118.03,109.92,113.87,109.56333333333333,0.0,0.0
206,0.0,0.0,0.0,1.0,1.0,0.0,0.0,1.0,0.0,100.0,1.0,1.1856,26.0,0.0,0.0,0.0,57.999998,9.036666666666669,26.0,26.0,26.0,26.0,-1.9427777777777777,-0.5193,-0.0494,308.121,-1.8288,-3.56825,-0.50045,-2.0845000000000002,-165.79,89.1875,190.778875,0.0,0.0,0.0,0.0,0.28956666666666664,-5.498166666666667,-5.498166666666667,-0.4748,1.3203333333333334,-0.8194444444444442,0.3610000000000002,37.062,-0.7391000000000001,-0.3874,25.988000000000003,100.0,0.0,0.0,112.44666666666666,0.0,0.0,0.0,0.0,0.0,0.0,0.0,6399.7,0.0,55.0,3.0,133.51,0.0,0.0,0.0,0.0,0.0,0.0,0.0,0.0,10.311,10.311,0.0,0.0,0.0,55.0,616.79921,10000.0,85.000001,85.000001,85.000001,85.000001,395.0,0.0,0.0,0.0,1.0,166.665,56.396,56.396,73.349,73.349,34.0,-89.1725,-1.2139999999999986,-64.39666666666666,-15.96,0.0,1772.629,24.800000000000004,100.0,32.451,18.737000000000002,29.703,12.317,0.0,0.0,0.0,0.0,0.0,0.0,0.0,4257.125,216.0,3557.25,1345.1999999999998,302.7575,314.21,316.81225,321.78725,23.7646,21.3521,23.6923,22.7391,314.999998,314.999998,324.999988,324.999988,99.60505714285715,99.52531666666667,99.6141,99.5767,-1.7833333333333332,-1.859,-2.2648333333333337,-2.091,-0.3583333333333272,-2.8233333333333306,-0.6405000000000003,-0.9635000000000002,49.528999999999996,34.451,49.077,43.1195,72.794,45.381,73.958,62.5625,69.889,43.581,72.338,60.346,68.221,42.536,71.9945,59.28933333333333,1.83,-1.9565000000000001,0.08713000000000001,0.10261500000000001,0.0,117.53,112.49,113.58,111.31333333333333,0.0,0.0
207,0.0,0.0,0.0,1.0,1.0,0.0,0.0,1.0,0.0,100.0,1.0,1.1856,26.0,0.0,0.0,0.0,57.999998,1.4799999999999969,26.0,26.0,26.0,26.0,-1.9455555555555555,-0.31589999999999996,-0.06435,308.67,-1.8747,-3.595,-0.51905,-2.0696000000000003,-167.42000000000002,89.53999999999999,190.7815,0.0,0.0,0.0,0.0,0.29053333333333337,-5.498166666666667,-5.498166666666667,-0.4262,0.2453333333333334,-0.8068888888888885,0.504,36.878,-0.6193000000000001,-0.3351,25.026,100.0,0.0,0.0,112.29333333333334,0.0,0.0,0.0,0.0,0.0,0.0,0.0,6390.9,0.0,55.0,3.0,132.82,1.0,0.0,0.0,0.0,0.0,0.0,0.0,0.0,10.356,10.356,0.0,0.0,1.0,55.0,616.79921,10000.0,85.000001,85.000001,85.000001,85.000001,395.0,0.0,0.0,0.0,1.0,333.33500000000004,58.945,58.945,71.96000000000001,71.96000000000001,34.0,-88.23750000000001,-0.9780000000000015,-66.69,-15.1525,0.0,1772.583,29.870000000000005,100.0,30.235,16.161,31.23,13.043,0.0,0.0,0.0,0.0,0.0,0.0,0.0,4205.125,137.69999999999982,3608.5,1327.5,302.964,314.50866666666667,316.65125,321.7855,23.7731,21.3551,23.7003,22.7444,314.999998,314.999998,324.999988,324.999988,99.60521428571428,99.52533333333334,99.61425714285714,99.57675714285715,-2.0353333333333334,-2.097,-2.0575,-1.8761666666666668,-0.061666666666667425,-1.3516666666666666,-0.38949999999999996,-0.3839999999999999,49.582,34.4695,49.127,43.1525,72.835,45.3695,73.986,62.5555,69.929,43.57,72.367,60.3395,68.259,42.525999999999996,72.023,59.282666666666664,2.2184999999999997,-2.3255,0.08962500000000001,0.10654000000000001,0.0,117.145,113.675,113.25,111.33666666666667,0.0,0.0
208,0.0,0.0,0.0,1.0,1.0,0.0,0.0,1.0,0.0,100.0,1.0,1.1856,26.0,0.0,0.0,0.0,57.999998,0.0,26.0,26.0,26.0,26.0,-1.5470000000000002,0.6865000000000001,-0.0695,309.25,-2.0521,-3.456875,-0.67465,-2.0011,-169.36,90.005,190.78375,0.0,0.0,0.0,0.0,0.29173333333333334,-5.498166666666667,-5.498166666666667,-0.34750000000000003,1.837,-0.6194444444444445,4.1530000000000005,37.074,-0.6907,-0.259375,27.21,100.0,0.0,0.0,117.87,0.0,0.0,0.0,0.0,0.0,0.0,0.0,6708.3,0.0,55.0,3.0,133.42333333333335,0.0,0.0,0.0,0.0,0.0,0.0,0.0,0.0,10.41,10.41,0.0,0.0,0.0,55.0,616.79921,10000.0,85.000001,85.000001,85.000001,85.000001,395.0,0.0,0.0,0.0,1.0,166.665,62.714,62.714,69.778,69.778,34.0,-62.1775,-1.598000000000006,-47.38666666666666,-14.192499999999999,0.0,1772.53,38.33,100.0,27.078,14.23,32.03,15.006,0.0,0.0,100.0,0.0,0.0,0.0,0.0,3369.125,180.0,3427.875,2255.1,305.305,314.421,317.095,319.75075,23.7831,21.3587,23.7098,22.7509,314.999998,314.999998,324.999988,324.999988,99.60541428571429,99.52533333333334,99.61445714285715,99.57687142857142,-2.6246666666666667,-2.65275,-2.2731666666666666,-2.0673333333333335,-0.1316666666666677,-0.509999999999998,3.054,5.0285,49.644,34.492,49.186,43.1935,72.894,45.355,74.03,62.5805,69.986,43.557,72.412,60.364,68.313,42.513,72.067,59.305,2.8354999999999997,-2.902,0.11064,0.12029000000000001,0.0,117.8,115.045,117.87,117.87,0.0,0.0
209,0.0,0.0,0.0,1.0,1.0,0.0,0.0,1.0,0.0,100.0,1.0,1.1856,26.0,0.0,0.0,0.0,57.999998,0.0,26.0,26.0,26.0,26.0,-1.6395555555555554,0.6509,-0.0536,309.433,-2.1953,-3.45975,-0.69445,-1.9888,-171.19,90.49000000000001,190.784375,0.0,0.0,0.0,0.0,0.2928333333333334,-5.498166666666667,-5.498166666666667,-0.3013,-0.6463333333333332,-0.5737777777777779,-0.6990000000000001,37.402,-0.7684000000000001,-0.20620000000000002,25.602,100.0,0.0,0.0,118.31666666666666,0.0,0.0,0.0,0.0,0.0,0.0,0.0,6733.8,0.0,55.0,3.0,134.61666666666667,1.0,0.0,0.0,0.0,0.0,0.0,0.0,0.0,10.461,10.461,0.0,0.0,1.0,55.0,616.79921,10000.0,85.000001,85.000001,85.000001,85.000001,395.0,0.0,0.0,0.0,1.0,166.665,65.704,65.704,68.161,68.161,34.0,-46.5625,0.0,-57.78333333333333,-14.8475,0.0,1772.48,46.885000000000005,100.0,23.987000000000002,11.956,33.3,17.982,0.0,0.0,92.68833333333333,0.0,0.0,0.0,0.0,3518.625,0.0,3814.625,2059.3,305.031,315.0,316.21675,320.01625,23.7922,21.362,23.7189,22.7574,314.999998,314.999998,324.999988,324.999988,99.60564285714285,99.52533333333334,99.61468571428571,99.57704285714286,-3.5376666666666665,0.0,-2.2675,-2.0751666666666666,-0.14833333333332632,0.0,2.677,4.5145,49.701,34.5125,49.243,43.234,72.964,45.3315,74.0875,62.6345,70.053,43.5355,72.4695,60.415,68.375,42.4925,72.1235,59.35366666666667,3.5675,-3.601,0.10644500000000001,0.117595,0.0,118.555,115.175,118.31666666666666,118.31666666666666,0.0,0.0
210,0.0,0.0,0.0,1.0,1.0,0.0,0.0,1.0,0.0,100.0,1.0,1.1856,26.0,0.0,0.0,0.0,57.999998,58.53333333333333,26.0,26.0,26.0,26.0,-1.9132222222222222,-1.1173,-0.20315,309.814,-2.07725,-3.550375,-0.5274,-2.0656,-172.81,90.955,190.78375,0.0,0.0,0.0,0.0,0.29383333333333334,-5.498166666666667,-5.498166666666667,-0.371,-3.8246666666666673,-0.653,-2.22,37.325,-0.6911,-0.21910000000000002,23.266,100.0,0.0,0.0,111.22,0.0,0.0,0.0,0.0,0.0,0.0,0.0,6329.8,0.0,55.0,3.0,134.52,0.0,0.0,0.0,0.0,0.0,0.0,1.0,0.0,10.506,10.506,0.0,0.0,0.0,55.0,616.79921,10000.0,85.000001,85.000001,85.000001,85.000001,395.0,0.0,0.0,0.0,1.0,333.33500000000004,65.56700000000001,65.56700000000001,69.0,69.0,34.0,-14.5075,0.0,-64.01333333333334,-9.4525,0.0,1772.432,55.32000000000001,100.0,23.936,10.94,34.426,17.817999999999998,0.0,0.0,0.0,0.0,0.0,0.0,0.0,4113.125,0.0,3762.875,1118.5,303.4845,315.0,316.339,322.1795,23.8004,21.365,23.727,22.7628,314.999998,314.999998,324.999988,324.999988,99.60594285714286,99.52533333333334,99.61487142857143,99.57712857142857,-4.233666666666666,0.0,-2.0491666666666664,-1.881,-4.031666666666666,0.0,-1.6909999999999998,-2.7620000000000005,49.753,34.531,49.294,43.2675,73.072,45.309,74.1285,62.648,70.157,43.515,72.511,60.428,68.472,42.473,72.1635,59.36533333333333,4.275,-4.295,0.08307,0.10314500000000001,0.0,113.43,95.83500000000001,112.88666666666666,109.55,0.0,0.0
211,0.0,0.0,0.0,1.0,1.0,0.0,0.0,1.0,0.0,100.0,1.0,1.1856,26.0,0.0,0.0,0.0,57.999998,77.58833333333334,26.0,26.0,26.0,26.0,-1.8243333333333334,-1.4474,-0.1413,309.326,-2.1561,-3.42375,-0.5791,-2.0044,-174.62,91.5175,190.780625,0.0,0.0,0.0,0.0,0.2949333333333334,-5.498166666666667,-5.498166666666667,-0.5803,-3.4723333333333333,-0.4838888888888886,7.409000000000001,36.649,-0.6021000000000001,-0.29250000000000004,28.85,0.0,0.0,0.0,106.94666666666666,0.0,0.0,0.0,0.0,0.0,0.0,0.0,7086.9,0.0,55.0,0.0,132.10333333333332,1.0,0.0,0.0,0.0,0.0,0.0,1.0,0.0,10.557,10.557,0.0,0.0,1.0,55.0,616.79921,10000.0,85.000001,85.000001,85.000001,85.000001,395.0,0.0,0.0,0.0,1.0,333.33500000000004,60.15,60.15,73.532,73.532,34.0,-30.27,0.22999999999999687,-28.746666666666666,-1.2550000000000008,0.0,1772.382,63.205,100.0,26.45,11.589,32.499,15.323,0.0,0.0,55.0,0.0,0.0,0.0,0.0,4973.125,774.1999999999998,2444.75,1038.3999999999999,300.787,312.7153333333333,319.32525,322.6005,23.8105,21.3683,23.7357,22.7686,314.999998,314.999998,324.999988,324.999988,99.60647142857142,99.52545,99.61502857142857,99.5772,-4.635666666666666,-4.63175,-2.201,-2.0283333333333333,-1.076666666666668,-45.56666666666666,-3.2015000000000002,-7.384,49.815,34.552,49.348,43.3035,73.273,45.381,74.1535,62.647,70.349,43.58,72.537,60.4275,68.654,42.533500000000004,72.189,59.364,4.9255,-4.965,0.07899500000000001,0.09799500000000001,0.0,112.455,63.67,109.28,104.61333333333334,0.0,0.0
212,0.0,0.0,0.0,1.0,1.0,0.0,0.0,1.0,0.0,100.0,1.0,1.1856,26.0,0.0,0.0,0.0,57.999998,88.11666666666667,26.0,26.0,26.0,26.0,-1.8287777777777778,-1.9013,-0.11995,309.097,-2.1907,-3.368875,-0.64035,-1.8778000000000001,-176.45999999999998,92.145,190.776,0.0,0.0,0.0,0.0,0.29610000000000003,-5.498166666666667,-5.498166666666667,-0.6933,-1.6676666666666664,-0.3413333333333335,-1.681,35.671,-0.8190000000000001,-0.35395000000000004,38.742,0.0,0.0,0.0,102.34666666666666,0.0,0.0,0.0,0.0,0.0,0.0,0.0,8334.9,0.0,55.0,2.0,128.63,0.0,0.0,0.0,0.0,0.0,0.0,1.0,0.0,10.611,10.611,0.0,0.0,0.0,55.0,616.79921,10000.0,85.000001,85.000001,85.000001,85.000001,395.0,0.0,0.0,0.0,1.0,166.665,57.938,57.938,74.96600000000001,74.96600000000001,34.0,-27.535,0.7939999999999969,-22.42,-0.8049999999999997,0.0,1772.33,60.485,100.0,28.695,15.073,29.276,14.612,0.0,0.0,0.0,0.0,0.0,0.0,0.0,4692.875,846.8999999999999,2854.5,1000.0,301.5385,312.22066666666666,318.51225,322.48575,23.821,21.3719,23.7445,22.7747,314.999998,314.999998,324.999988,324.999988,99.60702857142857,99.52585,99.61522857142857,99.57732857142857,-4.257666666666667,-4.26075,-2.9078333333333335,-2.7808333333333337,-2.883333333333333,-13.408333333333331,-4.2195,-7.608499999999999,49.881,34.5745,49.403,43.342,73.484,45.649,74.1965,62.6775,70.549,43.8235,72.58,60.457,68.842,42.7605,72.231,59.392,4.7735,-4.847,0.07717500000000001,0.09756000000000001,0.0,112.415,97.42,106.00333333333333,98.69333333333333,0.0,0.0
213,0.0,0.0,0.0,1.0,1.0,0.0,0.0,1.0,0.0,100.0,1.0,1.1856,26.0,0.0,0.0,0.0,57.999998,68.03166666666667,26.0,26.0,26.0,26.0,-1.8043333333333333,-1.5243,0.0103,310.059,-1.94445,-3.54825,-0.52665,-2.0666,-177.95999999999998,92.695,190.77175,0.0,0.0,0.0,0.0,0.29703333333333337,-5.498166666666667,-5.498166666666667,-0.7477,-1.5053333333333336,-0.39522222222222236,2.3020000000000005,35.041,-1.0217,-0.350075,37.204,83.0,0.0,0.0,100.21000000000001,0.0,0.0,0.0,0.0,0.0,0.0,0.0,7388.8,0.0,55.0,2.0,126.33666666666667,1.0,0.0,0.0,0.0,0.0,0.0,1.0,0.0,10.656,10.656,0.0,0.0,1.0,55.0,616.79921,10000.0,85.000001,85.000001,85.000001,85.000001,395.0,0.0,0.0,0.0,1.0,333.33500000000004,59.067,59.067,76.553,76.553,34.0,-9.055,0.0,-35.86666666666667,-6.255000000000001,0.0,1772.283,58.435,100.0,29.776,14.43,29.493,12.83,0.0,0.0,0.0,0.0,0.0,0.0,0.0,4909.875,0.0,3181.875,771.0999999999999,301.0445,315.0,317.6755,323.23575,23.8298,21.375,23.7522,22.7798,314.999998,314.999998,324.999988,324.999988,99.60748571428572,99.52588333333334,99.61544285714285,99.57738571428571,-4.432666666666666,0.0,-3.3061666666666665,-3.1790000000000003,-4.656666666666666,0.0,-2.4125000000000005,-2.8819999999999997,49.936,34.5935,49.451,43.3735,73.654,45.6575,74.2575,62.675,70.711,43.831,72.6415,60.4545,68.997,42.7675,72.2915,59.38933333333333,4.5655,-4.639,0.076535,0.10427000000000002,0.0,106.665,69.28999999999999,101.43333333333334,98.98666666666666,0.0,0.0
214,0.0,0.0,0.0,1.0,1.0,0.0,0.0,1.0,0.0,100.0,1.0,1.1856,26.0,0.0,0.0,0.0,57.999998,65.81833333333333,26.0,26.0,26.0,26.0,-2.181111111111111,-0.9967,-0.17930000000000001,310.455,-2.00335,-3.52425,-0.54575,-1.9488,-179.6,93.35249999999999,190.7645,0.0,0.0,0.0,0.0,0.29810000000000003,-5.498166666666667,-5.498166666666667,-0.8524,-2.688,-0.17399999999999993,4.269,34.376,-1.1441000000000001,-0.34225,36.064,88.1,0.0,0.0,102.29666666666667,0.0,0.0,0.0,0.0,0.0,0.0,0.0,6823.6,0.0,55.0,2.0,123.96000000000001,0.0,0.0,0.0,0.0,0.0,0.0,1.0,0.0,10.706999999999999,10.706999999999999,0.0,0.0,0.0,55.0,616.79921,10000.0,85.000001,85.000001,85.000001,85.000001,395.0,0.0,0.0,0.0,1.0,166.665,58.99,58.99,77.469,77.469,34.0,-19.5875,0.014000000000002899,-2.1999999999999957,-2.955,0.0,1772.233,60.85000000000001,100.0,29.378,13.493,28.665,12.311,0.0,0.0,0.0,0.0,0.0,0.0,0.0,4586.25,125.89999999999964,2639.625,1200.0,301.9395,314.7203333333333,319.032,322.0695,23.8397,21.3785,23.7607,22.7855,314.999998,314.999998,324.999988,324.999988,99.60798571428572,99.5259,99.61571428571429,99.57747142857143,-4.902666666666667,-4.9345,-3.4966666666666666,-3.378,-1.0300000000000011,-76.54666666666667,-6.5215,-6.1525,49.998,34.6155,49.504,43.4095,73.838,45.6535,74.334,62.6875,70.888,43.8275,72.7185,60.4665,69.164,42.7635,72.3675,59.400333333333336,4.742,-4.813,0.079835,0.099235,0.0,106.22,22.685000000000002,103.31666666666666,101.27333333333334,0.0,0.0
215,0.0,0.0,0.0,1.0,1.0,0.0,0.0,1.0,0.0,100.0,1.0,1.1856,26.0,0.0,0.0,0.0,57.999998,72.83666666666667,26.0,26.0,26.0,26.0,-2.251777777777778,-1.0784,-0.1655,310.669,-2.0399,-3.529375,-0.62695,-1.9382000000000001,-181.28,94.0825,190.75375,0.0,0.0,0.0,0.0,0.2991666666666667,-5.498166666666667,-5.498166666666667,-0.9782000000000001,-2.12,-0.05311111111111133,3.2110000000000003,33.668,-1.262,-0.355125,38.676,93.5,0.0,0.0,99.77666666666667,0.0,0.0,0.0,0.0,0.0,0.0,0.0,6625.8,0.0,55.0,2.0,121.46000000000001,1.0,0.0,0.0,0.0,0.0,0.0,1.0,0.0,10.761,10.761,0.0,0.0,1.0,55.0,616.79921,10000.0,85.000001,85.000001,85.000001,85.000001,395.0,0.0,0.0,0.0,1.0,166.665,58.472,58.472,78.354,78.354,34.0,-1.4774999999999991,0.014000000000002899,1.336666666666673,-0.1775000000000002,0.0,1772.179,60.165000000000006,100.0,29.586,13.013,27.698999999999998,11.835999999999999,0.0,0.0,0.0,0.0,0.0,0.0,0.0,4802.25,122.69999999999982,2715.25,994.5999999999999,301.2785,314.5233333333333,318.67075,322.6165,23.8503,21.3821,23.7696,22.7916,314.999998,314.999998,324.999988,324.999988,99.60852857142856,99.52606666666667,99.616,99.57757142857143,-4.9013333333333335,-4.9285,-3.8516666666666666,-3.7563333333333335,-4.208333333333329,-99.95333333333333,-6.849500000000001,-7.3255,50.064,34.6385,49.56,43.4475,74.042,45.8325,74.417,62.703,71.083,43.9895,72.8015,60.482,69.349,42.914,72.449,59.41466666666667,4.716,-4.7785,0.07812000000000001,0.10111500000000001,0.0,102.325,0.0,101.35,98.20666666666666,0.0,0.0
216,0.0,0.0,0.0,1.0,1.0,0.0,0.0,1.0,0.0,100.0,1.0,1.1856,26.0,0.0,0.0,0.0,57.999998,65.26833333333333,26.0,26.0,26.0,26.0,-2.2876666666666665,-0.815,-0.12430000000000001,311.752,-1.93335,-3.557,-0.4598,-1.949,-182.74,94.765,190.74175,0.0,0.0,0.0,0.0,0.30013333333333336,-5.498166666666667,-5.498166666666667,-1.0751,-2.4903333333333335,0.0011111111111110628,1.8320000000000003,33.123,-1.3345,-0.34852500000000003,37.788000000000004,98.30000000000001,0.0,0.0,99.07,0.0,0.0,0.0,0.0,0.0,0.0,0.0,6530.3,0.0,55.0,2.0,119.49666666666667,0.0,0.0,0.0,0.0,0.0,0.0,1.0,0.0,10.809,10.809,0.0,0.0,0.0,55.0,616.79921,10000.0,85.000001,85.000001,85.000001,85.000001,395.0,0.0,0.0,0.0,1.0,166.665,60.806,60.806,78.033,78.033,34.0,-1.0024999999999977,0.0,1.3100000000000023,-0.27500000000000036,0.0,1772.132,59.84,100.0,29.027,12.336,27.993,11.393,0.0,0.0,0.0,0.0,0.0,0.0,0.0,4496.875,0.0,3094.0,847.0,302.2595,315.0,317.847,322.93975,23.8595,21.3854,23.7777,22.797,314.999998,314.999998,324.999988,324.999988,99.60897142857142,99.52606666666667,99.61628571428571,99.57765714285715,-5.012333333333334,0.0,-4.0088333333333335,-3.9126666666666665,-3.9383333333333326,0.0,-6.640499999999999,-6.9855,50.122,34.659,49.61,43.481,74.212,45.8095,74.4995,62.7145,71.245,43.9685,72.884,60.4935,69.503,42.894,72.53,59.425,4.6725,-4.7325,0.0806,0.10784500000000001,0.0,101.01,0.0,100.67333333333333,97.46333333333334,0.0,0.0
217,0.0,0.0,0.0,1.0,1.0,0.0,0.0,1.0,0.0,100.0,1.0,1.1856,26.0,0.0,0.0,0.0,57.999998,64.51666666666667,26.0,26.0,26.0,26.0,-2.006333333333333,-1.1381000000000001,-0.1789,313.293,-1.8727,-3.632875,-0.47895,-2.0402,-184.14,95.475,190.727,0.0,0.0,0.0,0.0,0.30106666666666665,-5.498166666666667,-5.498166666666667,-1.2056,-2.8543333333333334,0.06499999999999995,3.0060000000000002,32.596000000000004,-1.3939000000000001,-0.34015,37.472,100.0,0.0,0.0,94.16,0.0,0.0,0.0,0.0,0.0,0.0,0.0,6672.6,0.0,55.0,2.0,117.57,1.0,0.0,0.0,0.0,0.0,0.0,1.0,0.0,10.857,10.857,0.0,0.0,1.0,55.0,616.79921,10000.0,85.000001,85.000001,85.000001,85.000001,395.0,0.0,0.0,0.0,1.0,333.33500000000004,63.248,63.248,79.544,79.544,34.0,-5.872500000000002,0.0,-8.18,0.025000000000000355,0.0,1772.082,61.08500000000001,100.0,28.141,12.095,28.384,10.524000000000001,0.0,0.0,0.0,0.0,0.0,0.0,0.0,4457.625,0.0,2971.125,674.0,302.294,315.0,318.2355,323.218,23.8687,21.3887,23.7857,22.8023,314.999998,314.999998,324.999988,324.999988,99.60941428571428,99.52606666666667,99.61655714285715,99.57771428571428,-5.279333333333334,0.0,-4.178,-4.105333333333333,-1.9149999999999991,0.0,-4.394,-7.088000000000001,50.179,34.6795,49.661,43.5145,74.376,45.7865,74.582,62.7195,71.403,43.9475,72.967,60.4985,69.653,42.8745,72.612,59.42933333333333,4.7755,-4.825,0.07940000000000001,0.09836,0.0,103.005,0.0,96.4,91.92333333333333,0.0,0.0
218,1.0,0.0,0.0,1.0,1.0,0.0,0.0,1.0,0.0,100.0,1.0,1.1856,26.0,0.0,0.0,0.0,57.999998,62.505,26.0,26.0,26.0,26.0,-1.9946666666666668,-1.1152,-0.20575000000000002,313.965,-1.8535,-3.695,-0.44935,-1.9684,-185.59,96.265,190.706875,0.0,0.0,0.0,0.0,0.3020333333333334,-5.498166666666667,-5.498166666666667,-1.3292000000000002,-2.1306666666666665,0.2012222222222222,2.958,32.063,-1.4943,-0.300875,39.486000000000004,100.0,0.0,0.0,92.84333333333333,0.0,0.0,0.0,0.0,0.0,0.0,0.0,6579.1,0.0,55.0,2.0,115.67,0.0,0.0,0.0,0.0,0.0,0.0,1.0,0.0,10.908,10.908,0.0,0.0,0.0,55.0,616.79921,10000.0,85.000001,85.000001,85.000001,85.000001,395.0,0.0,0.0,0.0,1.0,333.33500000000004,64.209,64.209,80.048,80.048,34.0,-1.7849999999999966,0.0,-1.75,-0.26250000000000107,0.0,1772.031,62.075,100.0,27.687,12.084,27.983,10.043,0.0,0.0,0.0,0.0,0.0,0.0,0.0,4342.375,0.0,2930.25,837.5,302.6895,315.0,318.39,323.054,23.8785,21.3921,23.7942,22.808,314.999998,314.999998,324.999988,324.999988,99.6099,99.52606666666667,99.61682857142857,99.5778,-5.438000000000001,0.0,-4.512333333333333,-4.445833333333333,-1.961666666666666,0.0,-4.921,-6.2355,50.24,34.701,49.714,43.55,74.55,45.7625,74.6645,62.7265,71.57,43.9255,73.05,60.505,69.812,42.8535,72.694,59.43533333333333,4.8605,-4.906000000000001,0.081765,0.10126500000000001,0.0,101.39,0.0,94.49666666666667,91.18666666666667,0.0,0.0
219,1.0,0.0,0.0,1.0,1.0,0.0,0.0,1.0,0.0,100.0,1.0,1.1856,26.0,0.0,0.0,0.0,57.999998,48.43833333333333,26.0,26.0,26.0,26.0,-2.284888888888889,-0.8841,-0.08940000000000001,314.087,-1.82375,-3.7563750000000002,-0.4052,-2.0151000000000003,-186.91,97.035,190.68375,0.0,0.0,0.0,0.0,0.3029333333333334,-5.498166666666667,-5.498166666666667,-1.4199000000000002,-1.8923333333333336,0.2793333333333332,1.2800000000000002,31.605,-1.5612000000000001,-0.26475,40.384,100.0,0.0,0.0,92.22666666666666,0.0,0.0,0.0,0.0,0.0,0.0,0.0,6535.6,0.0,55.0,2.0,114.01666666666667,1.0,0.0,0.0,0.0,0.0,0.0,1.0,0.0,10.956,10.956,0.0,0.0,1.0,55.0,616.79921,10000.0,85.000001,85.000001,85.000001,85.000001,395.0,0.0,0.0,0.0,1.0,333.33500000000004,65.30799999999999,65.30799999999999,79.132,79.132,34.0,-3.4849999999999994,0.0,-4.846666666666671,-1.0899999999999999,0.0,1771.984,62.45,100.0,27.337,11.972,28.467,9.665,0.0,0.0,0.0,0.0,0.0,0.0,0.0,4381.5,0.0,3420.75,895.3,302.643,315.0,317.22,322.778,23.8876,21.3954,23.8022,22.813299999999998,314.999998,314.999998,324.999988,324.999988,99.61032857142857,99.52606666666667,99.61711428571428,99.57787142857143,-5.537,0.0,-4.727666666666667,-4.683333333333334,-0.75,0.0,-3.9465000000000003,-5.1225000000000005,50.298,34.721000000000004,49.764,43.583,74.711,45.74,74.7525,62.7345,71.725,43.905,73.138,60.5125,69.96,42.834,72.7815,59.442,4.8905,-4.936,0.07503,0.10616500000000001,0.0,100.555,0.0,94.70333333333333,89.75,0.0,0.0
220,1.0,0.0,0.0,1.0,1.0,0.0,0.0,1.0,0.0,100.0,1.0,1.1856,26.0,0.0,0.0,0.0,57.999998,33.48833333333333,26.0,26.0,26.0,26.0,-2.2621111111111114,-0.5677,-0.04025,314.819,-1.61165,-3.958625,-0.21365,-2.2608,-188.35,97.94,190.65525,0.0,0.0,0.0,0.0,0.3039333333333334,-5.498166666666667,-5.498166666666667,-1.562,-1.895,0.22288888888888891,1.8610000000000002,31.152,-1.4991,-0.293425,40.238,100.0,0.0,0.0,90.92666666666668,0.0,0.0,0.0,0.0,0.0,0.0,0.0,6443.3,0.0,55.0,2.0,112.35,0.0,0.0,0.0,0.0,0.0,0.0,0.0,0.0,11.01,11.01,0.0,0.0,0.0,55.0,616.79921,10000.0,85.000001,85.000001,85.000001,85.000001,395.0,0.0,0.0,0.0,1.0,166.665,66.788,66.788,79.01,79.01,34.0,-4.977499999999999,0.0,-15.856666666666662,0.037499999999999645,0.0,1771.93,64.455,100.0,27.358,11.876999999999999,30.577,9.056000000000001,0.0,0.0,0.0,0.0,0.0,0.0,0.0,4780.0,0.0,3628.625,103.5,301.503,315.0,316.7275,324.64975,23.8981,21.399,23.8115,22.8193,314.999998,314.999998,324.999988,324.999988,99.61084285714286,99.52606666666667,99.61745714285715,99.57792857142857,-5.581666666666667,0.0,-4.6695,-4.613166666666667,-0.5549999999999997,0.0,-2.3855000000000004,-6.881500000000001,50.363,34.7435,49.822,43.6205,74.898,45.715,74.8625,62.733,71.905,43.882,73.249,60.5115,70.133,42.8125,72.8915,59.44,5.023000000000001,-5.0655,0.07734,0.11013500000000001,0.0,97.82,0.0,94.51333333333334,87.34,0.0,0.0
221,0.0,0.0,0.0,1.0,1.0,0.0,0.0,1.0,0.0,100.0,1.0,1.1856,26.0,0.0,0.0,0.0,57.999998,20.351666666666663,26.0,26.0,26.0,26.0,-2.257111111111111,-0.6491,-0.17535,316.193,-1.7049999999999998,-3.965875,-0.25559999999999994,-2.2356,-189.64999999999998,98.83500000000001,190.62525,0.0,0.0,0.0,0.0,0.3048666666666667,-5.498166666666667,-5.498166666666667,-1.6255000000000002,-1.2956666666666665,0.37855555555555553,2.6370000000000005,30.791,-1.4998,-0.24070000000000003,40.262,100.0,0.0,0.0,90.94333333333333,0.0,0.0,0.0,0.0,0.0,0.0,0.0,6444.5,0.0,55.0,2.0,111.05333333333333,1.0,0.0,0.0,0.0,0.0,0.0,0.0,0.0,11.061,11.061,0.0,0.0,1.0,55.0,616.79921,10000.0,85.000001,85.000001,85.000001,85.000001,395.0,0.0,0.0,0.0,1.0,166.665,70.389,70.389,78.629,78.629,34.0,-1.3249999999999957,0.0,-14.566666666666663,-0.807500000000001,0.0,1771.879,64.58,100.0,26.264,11.667,31.564,8.555,0.0,0.0,0.0,0.0,0.0,0.0,0.0,3882.75,0.0,3335.875,696.7999999999997,303.8745,315.0,317.23525,323.24275,23.9078,21.4024,23.8202,22.8249,314.999998,314.999998,324.999988,324.999988,99.61128571428571,99.52606666666667,99.61778571428572,99.57798571428572,-5.625666666666667,0.0,-4.7455,-4.7106666666666674,-0.7083333333333286,0.0,-1.9055,-5.136,50.424,34.765,49.876,43.6555,75.058,45.6915,74.959,62.725,72.061,43.861,73.3465,60.5045,70.282,42.792,72.989,59.43233333333333,5.07,-5.1095,0.08339500000000001,0.10081000000000001,0.0,98.01,0.0,93.95333333333332,87.93,0.0,0.0
222,0.0,0.0,0.0,1.0,1.0,0.0,0.0,1.0,0.0,100.0,1.0,1.1856,26.0,0.0,0.0,0.0,57.999998,12.316666666666663,26.0,26.0,26.0,26.0,-2.291777777777778,-0.4182,-0.1976,317.276,-1.5953499999999998,-4.0638749999999995,-0.16869999999999996,-2.3670999999999998,-190.82999999999998,99.71000000000001,190.593125,0.0,0.0,0.0,0.0,0.3057,-5.498166666666667,-5.498166666666667,-1.6995,-1.2666666666666666,0.37744444444444425,1.2770000000000001,30.524,-1.4764000000000002,-0.18860000000000002,40.0,100.0,0.0,0.0,90.25333333333333,0.0,0.0,0.0,0.0,0.0,0.0,0.0,6395.7,0.0,55.0,2.0,110.07666666666667,0.0,0.0,0.0,0.0,0.0,0.0,0.0,0.0,11.109,11.109,0.0,0.0,0.0,55.0,616.79921,10000.0,85.000001,85.000001,85.000001,85.000001,395.0,0.0,0.0,0.0,1.0,166.665,73.303,73.303,78.41499999999999,78.41499999999999,34.0,-1.1075000000000017,0.0,-20.686666666666667,-0.3825000000000003,0.0,1771.831,66.015,100.0,25.041,11.258,32.522,8.111,0.0,0.0,0.0,0.0,0.0,0.0,0.0,3898.125,0.0,3744.375,607.0999999999999,303.878,315.0,316.40725,323.713,23.9168,21.4056,23.8285,22.8301,314.999998,314.999998,324.999988,324.999988,99.61165714285714,99.52606666666667,99.61807142857143,99.57802857142858,-5.708666666666667,0.0,-4.724,-4.6705000000000005,-0.08166666666667055,0.0,-1.2800000000000002,-5.6370000000000005,50.48,34.785,49.928,43.6885,75.198,45.6695,75.049,62.714,72.196,43.8405,73.4375,60.494,70.412,42.773,73.08,59.42166666666667,5.194500000000001,-5.212,0.08508500000000001,0.10530500000000001,0.0,97.465,0.0,93.65666666666667,86.85,0.0,0.0
223,0.0,0.0,0.0,1.0,1.0,0.0,0.0,1.0,0.0,100.0,1.0,1.1856,26.0,0.0,0.0,0.0,57.999998,5.926666666666669,26.0,26.0,26.0,26.0,-2.512777777777778,-0.4306,-0.12395,316.437,-1.45755,-4.201875,-0.009449999999999958,-2.4201,-191.98000000000002,100.6175,190.558,0.0,0.0,0.0,0.0,0.30656666666666665,-5.498166666666667,-5.498166666666667,-1.794,-1.5566666666666666,0.35199999999999987,1.83,30.285,-1.3394000000000001,-0.19387500000000002,39.088,100.0,0.0,0.0,90.49000000000001,0.0,0.0,0.0,0.0,0.0,0.0,0.0,6412.5,0.0,55.0,2.0,109.19,1.0,0.0,0.0,0.0,0.0,0.0,0.0,0.0,11.157,11.157,0.0,0.0,1.0,55.0,616.79921,10000.0,85.000001,85.000001,85.000001,85.000001,395.0,0.0,0.0,0.0,1.0,333.33500000000004,72.708,72.708,77.011,77.011,34.0,-3.3674999999999997,0.0,-32.81333333333333,-1.375,0.0,1771.781,67.97,100.0,25.063,10.811,34.491,7.9239999999999995,0.0,0.0,0.0,0.0,0.0,0.0,0.0,4586.25,0.0,4115.5,387.9000000000001,301.9935,315.0,315.6715,323.82525,23.9259,21.4088,23.8369,22.8354,314.999998,314.999998,324.999988,324.999988,99.61207142857143,99.52606666666667,99.6184,99.57805714285715,-5.688000000000001,0.0,-4.4665,-4.428666666666667,-0.23333333333332718,0.0,-0.9340000000000002,-3.8285,50.537,34.805,49.981,43.721000000000004,75.346,45.648,75.149,62.702,72.341,43.821,73.539,60.4825,70.552,42.7545,73.1815,59.41,5.343500000000001,-5.3605,0.07931,0.11234000000000001,0.0,96.31,0.0,93.28,87.69999999999999,0.0,0.0
224,0.0,0.0,0.0,1.0,1.0,0.0,0.0,1.0,0.0,100.0,1.0,1.1856,26.0,0.0,0.0,0.0,57.999998,0.0,26.0,26.0,26.0,26.0,-2.076777777777778,-0.04359999999999997,-0.029050000000000003,314.697,-1.5890499999999999,-4.02825,-0.12344999999999995,-2.4286000000000003,-193.20999999999998,101.68,190.516625,0.0,0.0,0.0,0.0,0.3075333333333334,-5.498166666666667,-5.498166666666667,-1.8348,1.4396666666666667,0.5835555555555556,10.257,30.097,-1.2805,-0.168125,41.138000000000005,100.0,0.0,0.0,94.05666666666667,0.0,0.0,0.0,0.0,0.0,0.0,0.0,6665.2,0.0,55.0,2.0,108.46000000000001,0.0,0.0,0.0,0.0,0.0,0.0,0.0,0.0,11.211,11.211,0.0,0.0,0.0,55.0,616.79921,10000.0,85.000001,85.000001,85.000001,85.000001,395.0,0.0,0.0,0.0,1.0,166.665,68.924,68.924,75.928,75.928,34.0,-4.905000000000001,0.0,-23.973333333333333,-3.8900000000000006,0.0,1771.73,69.33500000000001,100.0,25.784,10.782,35.104,8.017,0.0,0.0,22.143333333333334,0.0,0.0,0.0,0.0,5001.125,0.0,3326.875,726.6999999999998,300.744,315.0,317.31775,323.50525,23.9364,21.4123,23.8464,22.8413,314.999998,314.999998,324.999988,324.999988,99.61257142857143,99.52606666666667,99.61871428571429,99.5781,-5.641333333333334,0.0,-4.560666666666667,-4.4943333333333335,-0.2049999999999983,0.0,0.7395,2.88,50.603,34.827,50.04,43.758,75.524,45.6235,75.247,62.681,72.515,43.7985,73.639,60.4625,70.719,42.733,73.2825,59.38966666666666,5.439,-5.461,0.09672000000000001,0.108895,0.0,96.155,0.0,94.56333333333333,93.55333333333333,0.0,0.0
225,0.0,0.0,0.0,1.0,1.0,0.0,0.0,1.0,0.0,100.0,1.0,1.1856,26.0,0.0,0.0,0.0,57.999998,0.0,26.0,26.0,26.0,26.0,-2.9641111111111114,-0.1773,0.03295,310.76,-1.9014,-3.738,-0.37095,-2.2066,-194.20999999999998,102.6,190.480875,0.0,0.0,0.0,0.0,0.30833333333333335,-5.498166666666667,-5.498166666666667,-1.705,3.3606666666666665,0.9085555555555556,-0.29000000000000004,30.069,-1.1600000000000001,-0.0886,37.666000000000004,100.0,0.0,0.0,91.90333333333334,0.0,0.0,0.0,0.0,0.0,0.0,0.0,6512.6,0.0,55.0,2.0,108.36333333333333,1.0,0.0,0.0,0.0,0.0,0.0,0.0,0.0,11.256,11.256,0.0,0.0,1.0,55.0,616.79921,10000.0,85.000001,85.000001,85.000001,85.000001,395.0,0.0,0.0,0.0,1.0,166.665,65.536,65.536,71.44200000000001,71.44200000000001,34.0,-2.5050000000000026,0.0,-37.96666666666667,-25.942500000000003,0.0,1771.684,71.04,100.0,26.258,10.54,34.518,11.475000000000001,0.0,0.0,0.0,0.0,0.0,0.0,0.0,4722.125,0.0,3866.0,2217.3,301.687,315.0,316.21575,319.61475,23.9451,21.4153,23.8541,22.8464,314.999998,314.999998,324.999988,324.999988,99.61297142857143,99.52606666666667,99.61897142857143,99.57821428571428,-5.6513333333333335,0.0,-4.145666666666667,-4.0953333333333335,-0.11166666666667169,0.0,-0.27349999999999985,0.0814999999999999,50.657,34.8455,50.088,43.79,75.671,45.603,75.3195,62.7145,72.656,43.78,73.7125,60.494,70.855,42.7155,73.3555,59.41866666666667,5.557,-5.5795,0.09022000000000001,0.11519000000000001,0.0,96.07,0.0,93.22999999999999,90.58,0.0,0.0
226,0.0,0.0,0.0,1.0,1.0,0.0,0.0,1.0,0.0,100.0,1.0,1.1856,26.0,0.0,0.0,0.0,57.999998,0.0,26.0,26.0,26.0,26.0,-2.348222222222222,0.4113,0.34255,308.716,-1.7713999999999999,-3.790875,-0.18864999999999998,-2.4304,-195.29,103.685,190.443875,0.0,0.0,0.0,0.0,0.30923333333333336,-5.498166666666667,-5.498166666666667,-1.5449000000000002,4.369,0.7471111111111111,0.794,30.122999999999998,-0.8903000000000001,-0.11965,35.082,100.0,0.0,0.0,95.40333333333334,0.0,0.0,0.0,0.0,0.0,0.0,0.0,6760.6,0.0,55.0,2.0,108.45333333333332,0.0,0.0,0.0,0.0,0.0,0.0,0.0,0.0,11.307,11.307,0.0,0.0,0.0,55.0,616.79921,10000.0,85.000001,85.000001,85.000001,85.000001,395.0,0.0,0.0,0.0,1.0,166.665,65.338,65.338,67.23,67.23,34.0,0.2950000000000017,0.0,-73.35333333333332,-10.085,0.0,1771.633,77.915,100.0,28.201999999999998,10.791,38.163,13.906,0.0,0.0,56.09166666666667,0.0,0.0,0.0,0.0,4981.75,0.0,5041.375,1568.7,300.9205,315.0,313.416,321.307,23.9555,21.4186,23.8633,22.8522,314.999998,314.999998,324.999988,324.999988,99.6135,99.52606666666667,99.61927142857142,99.57832857142857,-5.799666666666667,0.0,-3.456,-3.3811666666666667,-0.240000000000002,0.0,1.9155,4.9704999999999995,50.722,34.8665,50.146,43.826,75.86,45.58,75.4095,62.746,72.838,43.759,73.8035,60.524,71.028,42.6955,73.4465,59.446333333333335,6.0905000000000005,-6.1165,0.09358000000000001,0.11489,0.0,96.045,0.0,95.40333333333334,95.40333333333334,0.0,0.0
227,0.0,0.0,0.0,1.0,1.0,0.0,0.0,1.0,0.0,100.0,1.0,1.1856,26.0,0.0,0.0,0.0,57.999998,0.0,26.0,26.0,26.0,26.0,-2.6402222222222225,-0.3107,0.15610000000000002,308.365,-1.8700999999999999,-3.856875,-0.16379999999999995,-2.5852000000000004,-196.32999999999998,104.8175,190.412,0.0,0.0,0.0,0.0,0.31013333333333337,-5.498166666666667,-5.498166666666667,-1.3771,2.1733333333333333,0.7174444444444443,0.2509999999999999,30.015,-0.42810000000000004,-0.13190000000000002,32.464,100.0,0.0,0.0,91.61666666666667,0.0,0.0,0.0,0.0,0.0,0.0,0.0,6492.3,0.0,55.0,2.0,108.1,1.0,0.0,0.0,0.0,0.0,0.0,0.0,0.0,11.358,11.358,0.0,0.0,1.0,55.0,616.79921,10000.0,85.000001,85.000001,85.000001,85.000001,395.0,0.0,0.0,0.0,1.0,166.665,67.352,67.352,63.248,63.248,34.0,-0.5649999999999977,0.0,-99.69333333333333,-21.8825,0.0,1771.583,86.4,100.0,28.027,11.16,42.411,14.153,0.0,0.0,0.0,0.0,0.0,0.0,0.0,4232.625,0.0,5080.0,1654.6,302.7575,315.0,313.3975,321.03625,23.9657,21.4219,23.8726,22.8579,314.999998,314.999998,324.999988,324.999988,99.61398571428572,99.52606666666667,99.61952857142857,99.5784,-5.699,0.0,-2.5220000000000002,-2.4093333333333335,-0.0799999999999983,0.0,-0.33550000000000013,-0.3065000000000002,50.785,34.887,50.204,43.862,76.041,45.557,75.481,62.7495,73.012,43.738,73.8765,60.5265,71.194,42.676,73.5195,59.448,6.7195,-6.736000000000001,0.08558500000000001,0.10279,0.0,95.685,0.0,92.87,90.36666666666667,0.0,0.0
228,0.0,0.0,0.0,1.0,1.0,0.0,0.0,1.0,0.0,100.0,1.0,1.1856,26.0,0.0,0.0,0.0,57.999998,0.0,26.0,26.0,26.0,26.0,-2.072888888888889,-0.33509999999999995,-0.21910000000000002,311.279,-1.9634,-3.515625,-0.19599999999999995,-2.4632,-197.26,105.91499999999999,190.38425,0.0,0.0,0.0,0.0,0.311,-5.498166666666667,-5.498166666666667,-1.4219000000000002,-0.9016666666666668,0.7685555555555557,3.9290000000000003,29.866999999999997,-0.21300000000000002,-0.1283,34.43,100.0,0.0,0.0,90.88333333333333,0.0,0.0,0.0,0.0,0.0,0.0,0.0,6440.4,0.0,55.0,2.0,107.56333333333333,0.0,0.0,0.0,0.0,0.0,0.0,0.0,0.0,11.406,11.406,0.0,0.0,0.0,55.0,616.79921,10000.0,85.000001,85.000001,85.000001,85.000001,395.0,0.0,0.0,0.0,1.0,166.665,68.253,68.253,68.588,68.588,34.0,4.884999999999998,0.0,-57.18666666666667,-3.005000000000001,0.0,1771.535,94.7,100.0,25.055,11.126999999999999,41.431,13.514,0.0,0.0,0.0,0.0,0.0,0.0,0.0,5247.625,0.0,3223.0,356.0999999999999,301.2015,315.0,317.635,324.08625,23.9748,21.425,23.8811,22.8632,314.999998,314.999998,324.999988,324.999988,99.61437142857143,99.52606666666667,99.61968571428571,99.57844285714286,-5.971666666666667,0.0,-2.1893333333333334,-2.042333333333333,-0.18166666666667197,0.0,-0.4495,-0.5739999999999998,50.843,34.906,50.257,43.8945,76.178,45.5355,75.5105,62.7305,73.144,43.718,73.9075,60.5085,71.319,42.6575,73.5505,59.42966666666667,7.4145,-7.4079999999999995,0.08696000000000001,0.1052,0.0,95.03999999999999,0.0,92.28666666666666,89.48333333333332,0.0,0.0
229,0.0,0.0,0.0,1.0,1.0,0.0,0.0,1.0,0.0,100.0,1.0,1.1856,26.0,0.0,0.0,0.0,57.999998,36.785,26.0,26.0,26.0,26.0,-2.081,-0.7681,-0.09385,312.042,-2.19425,-3.409875,-0.35,-2.273,-198.19,107.10499999999999,190.352,0.0,0.0,0.0,0.0,0.3119,-5.498166666666667,-5.498166666666667,-1.4981,-3.895666666666667,0.9302222222222221,-0.673,29.648,-0.1232,-0.12200000000000001,35.918,100.0,0.0,0.0,89.36,0.0,0.0,0.0,0.0,0.0,0.0,0.0,6332.3,0.0,55.0,2.0,106.81333333333333,1.0,0.0,0.0,0.0,0.0,0.0,0.0,0.0,11.456999999999999,11.456999999999999,0.0,0.0,1.0,55.0,616.79921,10000.0,85.000001,85.000001,85.000001,85.000001,395.0,0.0,0.0,0.0,1.0,166.665,71.793,71.793,67.505,67.505,34.0,4.300000000000004,0.0,-62.97,-23.775,0.0,1771.484,97.995,100.0,23.603,10.855,39.309,14.529,0.0,0.0,0.0,0.0,0.0,0.0,0.0,3209.25,0.0,3587.625,1900.3,306.0465,315.0,316.70275,319.94375,23.9845,21.4282,23.89,22.8689,314.999998,314.999998,324.999988,324.999988,99.61475714285714,99.52606666666667,99.61982857142857,99.57848571428572,-5.920333333333334,0.0,-2.1061666666666667,-1.9886666666666668,0.03999999999999915,0.0,-1.2725,-1.343,50.903,34.9265,50.312,43.9305,76.319,45.5125,75.5335,62.72,73.279,43.6975,73.932,60.4985,71.446,42.6375,73.575,59.419333333333334,7.7509999999999994,-7.7219999999999995,0.0816,0.102665,0.0,94.6,0.0,90.84,87.88,0.0,0.0
230,1.0,0.0,0.0,1.0,1.0,0.0,0.0,1.0,0.0,100.0,1.0,1.1856,26.0,0.0,0.0,0.0,57.999998,30.00166666666667,26.0,26.0,26.0,26.0,-1.9375555555555555,-0.7113,-0.38225000000000003,314.194,-2.1746499999999997,-3.48725,-0.30679999999999996,-2.3048,-199.09,108.3175,190.315625,0.0,0.0,0.0,0.0,0.3127666666666667,-5.498166666666667,-5.498166666666667,-1.7472,-2.6756666666666664,0.9197777777777778,3.816,29.323999999999998,-0.2265,-0.10835,43.348000000000006,100.0,0.0,0.0,85.46666666666667,0.0,0.0,0.0,0.0,0.0,0.0,0.0,6056.5,0.0,55.0,2.0,105.67666666666668,0.0,0.0,0.0,0.0,0.0,0.0,1.0,0.0,11.508,11.508,0.0,0.0,0.0,55.0,616.79921,10000.0,85.000001,85.000001,85.000001,85.000001,395.0,0.0,0.0,0.0,1.0,166.665,70.465,70.465,72.159,72.159,34.0,6.4325000000000045,0.0,-63.36333333333333,0.3025000000000002,0.0,1771.432,101.16,100.0,23.186,10.275,35.136,12.030999999999999,0.0,0.0,0.0,0.0,0.0,0.0,0.0,3917.25,0.0,4025.0,1249.8,303.7255,315.0,316.9645,323.28425,23.9942,21.4315,23.8985,22.8744,314.999998,314.999998,324.999988,324.999988,99.61515714285714,99.52606666666667,99.61997142857143,99.5785,-6.017,0.0,-2.6936666666666667,-2.513,-0.16166666666666885,0.0,-1.4165,-9.189,50.964,34.947,50.366,43.965,76.464,45.49,75.5475,62.691,73.417,43.6765,73.9475,60.471,71.576,42.618,73.59,59.39233333333333,8.0365,-8.0015,0.0882,0.098905,0.0,93.78999999999999,0.0,89.63,81.30666666666667,0.0,0.0
231,1.0,0.0,0.0,1.0,1.0,0.0,0.0,1.0,0.0,100.0,1.0,1.1856,26.0,0.0,0.0,0.0,57.999998,21.87,26.0,26.0,26.0,26.0,-2.006555555555556,-0.5425,-0.25805,313.766,-2.20445,-3.45825,-0.3589,-2.3034,-199.87,109.47,190.2785,0.0,0.0,0.0,0.0,0.3136,-5.498166666666667,-5.498166666666667,-2.0398,-5.221666666666667,0.9355555555555557,0.6139999999999999,28.945,-0.23500000000000001,-0.23920000000000002,46.868,100.0,0.0,0.0,86.63666666666667,0.0,0.0,0.0,0.0,0.0,0.0,0.0,6139.4,0.0,55.0,2.0,104.26666666666667,1.0,0.0,0.0,0.0,0.0,0.0,1.0,0.0,11.556,11.556,0.0,0.0,1.0,55.0,616.79921,10000.0,85.000001,85.000001,85.000001,85.000001,395.0,0.0,0.0,0.0,1.0,333.33500000000004,67.322,67.322,74.615,74.615,34.0,-2.102499999999999,0.0,-36.22666666666667,-0.38750000000000107,0.0,1771.383,98.605,100.0,24.602,10.099,35.367,12.561,0.0,0.0,0.0,0.0,0.0,0.0,0.0,4464.875,0.0,2462.25,47.5,302.107,315.0,319.2275,324.6275,24.0035,21.4346,23.9068,22.8796,314.999998,314.999998,324.999988,324.999988,99.61555714285714,99.52606666666667,99.62012857142857,99.57857142857142,-5.577,0.0,-2.8305000000000002,-2.7176666666666667,-0.12333333333332774,0.0,-1.2134999999999998,-2.415,51.022,34.966,50.417,43.998,76.613,45.469,75.58,62.6915,73.558,43.6575,73.981,60.4715,71.709,42.5995,73.6235,59.391666666666666,7.8420000000000005,-7.822000000000001,0.08637500000000001,0.10245000000000001,0.0,92.655,0.0,89.19666666666666,84.07666666666667,0.0,0.0
232,0.0,0.0,0.0,1.0,1.0,0.0,0.0,1.0,0.0,100.0,1.0,1.1856,26.0,0.0,0.0,0.0,57.999998,8.68,26.0,26.0,26.0,26.0,-2.1483333333333334,-0.784,-0.20395000000000002,315.155,-2.22355,-3.463,-0.36354999999999993,-2.2584999999999997,-200.7,110.7825,190.2315,0.0,0.0,0.0,0.0,0.3145333333333334,-5.498166666666667,-5.498166666666667,-2.1772,-0.4826666666666668,1.0722222222222222,4.901,28.612000000000002,-0.6238,-0.133475,53.938,100.0,0.0,0.0,84.78999999999999,0.0,0.0,0.0,0.0,0.0,0.0,0.0,6008.5,0.0,55.0,2.0,103.12,0.0,0.0,0.0,0.0,0.0,0.0,1.0,0.0,11.61,11.61,0.0,0.0,0.0,55.0,616.79921,10000.0,85.000001,85.000001,85.000001,85.000001,395.0,0.0,0.0,0.0,1.0,166.665,69.275,69.275,73.914,73.914,34.0,-4.274999999999999,0.0,-29.703333333333333,-1.995000000000001,0.0,1771.331,87.41,100.0,23.902,10.254999999999999,31.97,9.977,0.0,0.0,0.0,0.0,0.0,0.0,0.0,3590.625,0.0,3342.375,1028.6,304.894,315.0,317.34075,322.76075,24.0139,21.438,23.9157,22.8854,314.999998,314.999998,324.999988,324.999988,99.61597142857143,99.52606666666667,99.62031428571429,99.57858571428571,-5.283666666666667,0.0,-4.052666666666666,-4.037833333333333,-1.0333333333333314,0.0,-1.5069999999999997,-5.7015,51.087,34.9875,50.473,44.033500000000004,76.756,45.445,75.616,62.6565,73.695,43.6355,74.0185,60.439,71.837,42.579,73.661,59.36,7.1295,-7.1205,0.09159500000000001,0.10115,0.0,91.47,0.0,88.38666666666667,81.19333333333333,0.0,0.0
233,0.0,0.0,0.0,1.0,1.0,0.0,0.0,1.0,0.0,100.0,1.0,1.1856,26.0,0.0,0.0,0.0,57.999998,0.14333333333333087,26.0,26.0,26.0,26.0,-2.662777777777778,-0.476,0.1597,312.225,-1.9117,-3.76125,-0.21685,-2.3482000000000003,-201.39,111.9625,190.186875,0.0,0.0,0.0,0.0,0.31533333333333335,-5.498166666666667,-5.498166666666667,-2.3281,-2.1703333333333337,0.7616666666666667,-7.349,28.299,-0.5734,-0.2444,51.036,100.0,0.0,0.0,86.00999999999999,0.0,0.0,0.0,0.0,0.0,0.0,0.0,6094.9,0.0,55.0,2.0,101.95333333333332,1.0,0.0,0.0,0.0,0.0,0.0,1.0,0.0,11.658,11.658,0.0,0.0,1.0,55.0,616.79921,10000.0,85.000001,85.000001,85.000001,85.000001,395.0,0.0,0.0,0.0,1.0,333.33500000000004,65.018,65.018,73.792,73.792,34.0,-39.832499999999996,0.0,-54.07,-3.1575000000000006,0.0,1771.28,82.455,100.0,26.833,10.131,34.088,11.562000000000001,0.0,0.0,0.0,0.0,0.0,0.0,0.0,5286.375,0.0,4156.375,337.4000000000001,299.7265,315.0,315.51575,323.87025,24.0235,21.441,23.9239,22.8905,314.999998,314.999998,324.999988,324.999988,99.61634285714285,99.52606666666667,99.62055714285714,99.57867142857143,-4.610666666666667,0.0,-3.7171666666666665,-3.6658333333333335,-0.11999999999999744,0.0,-0.508,-0.8025000000000002,51.147,35.006,50.525,44.066,76.887,45.424,75.684,62.6735,73.82,43.6165,74.087,60.455,71.955,42.561,73.7285,59.37433333333333,6.5685,-6.5825,0.08654,0.111225,0.0,91.115,0.0,88.14333333333333,83.87666666666667,0.0,0.0
234,0.0,0.0,0.0,1.0,1.0,0.0,0.0,1.0,0.0,100.0,1.0,1.1856,26.0,0.0,0.0,0.0,57.999998,0.0,26.0,26.0,26.0,26.0,-1.7775555555555556,0.16500000000000004,-0.1071,314.926,-1.8412,-3.817125,-0.17384999999999995,-2.1306000000000003,-202.06,113.2375,190.140875,0.0,0.0,0.0,0.0,0.31616666666666665,-5.498166666666667,-5.498166666666667,-2.2986,4.525,0.8537777777777777,12.345,28.206,-0.9477000000000001,-0.192075,57.648,100.0,0.0,0.0,90.39666666666668,0.0,0.0,0.0,0.0,0.0,0.0,0.0,6405.9,0.0,55.0,2.0,101.59,0.0,0.0,0.0,0.0,0.0,0.0,1.0,0.0,11.709,11.709,0.0,0.0,0.0,55.0,616.79921,10000.0,85.000001,85.000001,85.000001,85.000001,395.0,0.0,0.0,0.0,1.0,166.665,68.787,68.787,75.592,75.592,34.0,-32.8875,0.0,-11.836666666666666,-0.10749999999999993,0.0,1771.232,72.53,100.0,27.005,10.815,34.156,9.777000000000001,0.0,0.0,18.745,0.0,0.0,0.0,0.0,3841.875,0.0,2929.75,631.7999999999997,303.782,315.0,318.4645,323.412,24.0338,21.4442,23.9327,22.8959,314.999998,314.999998,324.999988,324.999988,99.61671428571428,99.52606666666667,99.62081428571429,99.57868571428571,-4.335,0.0,-4.956833333333333,-5.017,-0.15166666666667084,0.0,1.8575,7.3260000000000005,51.211,35.025999999999996,50.579,44.099000000000004,77.012,45.402,75.759,62.64,73.941,43.5965,74.164,60.4235,72.071,42.542,73.8055,59.343666666666664,5.792,-5.817,0.09123,0.10869500000000001,0.0,91.28,0.0,90.39666666666668,90.39666666666668,0.0,0.0
235,0.0,0.0,0.0,1.0,1.0,0.0,0.0,1.0,0.0,100.0,1.0,1.1856,26.0,0.0,0.0,0.0,57.999998,0.0,26.0,26.0,26.0,26.0,-2.4335555555555555,0.30090000000000017,0.2878,311.951,-2.0448,-3.668125,-0.5222,-2.1276,-202.68,114.535,190.09175,0.0,0.0,0.0,0.0,0.3170333333333334,-5.498166666666667,-5.498166666666667,-2.1917,-0.7673333333333332,1.0065555555555554,-6.721,28.316,-1.2041,-0.109725,44.544,100.0,0.0,0.0,88.39333333333333,0.0,0.0,0.0,0.0,0.0,0.0,0.0,6263.9,0.0,55.0,2.0,102.01333333333332,1.0,0.0,0.0,0.0,0.0,0.0,1.0,0.0,11.76,11.76,0.0,0.0,1.0,55.0,616.79921,10000.0,85.000001,85.000001,85.000001,85.000001,395.0,0.0,0.0,0.0,1.0,166.665,70.969,70.969,69.382,69.382,34.0,-14.61,0.0,-23.856666666666666,-17.165,0.0,1771.18,69.365,100.0,22.496,10.001999999999999,35.485,16.476,0.0,0.0,19.211666666666666,0.0,0.0,0.0,0.0,3802.5,0.0,4094.375,2258.0,304.5105,315.0,315.57225,318.628,24.0431,21.447400000000002,23.9415,22.901699999999998,314.999998,314.999998,324.999988,324.999988,99.61695714285715,99.52606666666667,99.62115714285714,99.5789,-4.967666666666666,0.0,-4.727,-4.760666666666667,-0.03333333333333144,0.0,1.6205,2.559,51.269,35.046,50.634,44.1355,77.089,45.38,75.8645,62.716,74.015,43.576,74.269,60.495,72.14,42.523,73.9095,59.411,5.3745,-5.3725000000000005,0.10268000000000001,0.11871500000000001,0.0,90.89,0.0,89.64666666666668,87.14,0.0,0.0
236,0.0,0.0,0.0,1.0,1.0,0.0,0.0,1.0,0.0,100.0,1.0,1.1856,26.0,0.0,0.0,0.0,57.999998,0.0,26.0,26.0,26.0,26.0,-2.147777777777778,0.3235000000000001,0.19260000000000002,312.088,-1.9447999999999999,-3.703375,-0.35865,-2.3689999999999998,-203.26,115.86,190.043,0.0,0.0,0.0,0.0,0.3179,-5.498166666666667,-5.498166666666667,-2.1798,2.307,0.915,5.882000000000001,28.317999999999998,-1.3248,-0.09245,45.684,100.0,0.0,0.0,90.49333333333334,0.0,0.0,0.0,0.0,0.0,0.0,0.0,6412.7,0.0,55.0,2.0,102.03,0.0,0.0,0.0,0.0,0.0,0.0,1.0,0.0,11.811,11.811,0.0,0.0,0.0,55.0,616.79921,10000.0,85.000001,85.000001,85.000001,85.000001,395.0,0.0,0.0,0.0,1.0,166.665,69.244,69.244,68.19200000000001,68.19200000000001,34.0,-7.155000000000001,0.0,-15.166666666666664,-0.9100000000000001,0.0,1771.13,68.41,100.0,23.944,9.837,36.723,14.024,0.0,0.0,24.768333333333334,0.0,0.0,0.0,0.0,4107.625,0.0,4273.5,1434.8,303.2495,315.0,315.162,321.971,24.0532,21.4506,23.9504,22.907,314.999998,314.999998,324.999988,324.999988,99.61735714285714,99.52606666666667,99.62148571428571,99.57894285714286,-5.360333333333333,0.0,-5.110166666666667,-5.100333333333333,-0.201666666666668,0.0,2.258,6.8575,51.332,35.066,50.69,44.169,77.228,45.358,75.9705,62.711,74.149,43.556,74.376,60.49,72.268,42.504,74.0155,59.40566666666667,5.413,-5.4245,0.09101500000000001,0.11803000000000001,0.0,90.88499999999999,0.0,90.66333333333333,90.32333333333332,0.0,0.0
237,0.0,0.0,0.0,1.0,1.0,0.0,0.0,1.0,0.0,100.0,1.0,1.1856,26.0,0.0,0.0,0.0,57.999998,0.0,26.0,26.0,26.0,26.0,-2.833666666666667,-0.13439999999999996,0.035750000000000004,311.203,-1.9682,-3.727375,-0.3071999999999999,-2.3914999999999997,-203.72,117.0475,190.000125,0.0,0.0,0.0,0.0,0.3186333333333334,-5.498166666666667,-5.498166666666667,-2.1547,0.2806666666666666,0.877111111111111,-5.379,28.349,-1.149,-0.101575,37.266000000000005,100.0,0.0,0.0,86.69333333333333,0.0,0.0,0.0,0.0,0.0,0.0,0.0,6143.4,0.0,55.0,2.0,102.17333333333333,1.0,0.0,0.0,0.0,0.0,0.0,1.0,0.0,11.856,11.856,0.0,0.0,1.0,55.0,616.79921,10000.0,85.000001,85.000001,85.000001,85.000001,395.0,0.0,0.0,0.0,1.0,333.33500000000004,68.924,68.924,66.925,66.925,34.0,-0.7924999999999969,0.0,-42.42333333333333,-15.747500000000002,0.0,1771.082,72.21000000000001,100.0,24.003,9.745,38.022,14.669,0.0,0.0,0.0,0.0,0.0,0.0,0.0,4285.125,0.0,4486.75,1585.6,302.9015,315.0,314.80775,321.31725,24.0618,21.4534,23.9583,22.9119,314.999998,314.999998,324.999988,324.999988,99.61768571428571,99.52606666666667,99.62178571428572,99.57908571428571,-5.664,0.0,-4.293666666666667,-4.235166666666667,-0.07000000000000028,0.0,-0.2330000000000001,0.3719999999999999,51.386,35.0835,50.739,44.1995,77.342,45.3385,76.0645,62.752,74.26,43.538,74.4705,60.529,72.372,42.487,74.109,59.44166666666667,5.6465000000000005,-5.6515,0.087635,0.10730500000000001,0.0,90.615,0.0,87.94666666666666,85.44,0.0,0.0
238,0.0,0.0,0.0,1.0,1.0,0.0,0.0,1.0,0.0,100.0,1.0,1.1856,26.0,0.0,0.0,0.0,57.999998,0.0,26.0,26.0,26.0,26.0,-1.9704444444444444,0.18389999999999995,-0.0697,312.637,-1.8823999999999999,-3.805,-0.11414999999999997,-2.5675,-204.22,118.4925,189.950375,0.0,0.0,0.0,0.0,0.3195333333333334,-5.498166666666667,-5.498166666666667,-2.1911,1.4666666666666668,0.6853333333333331,7.099,28.261,-0.8572000000000001,-0.1499,36.84,100.0,0.0,0.0,88.88666666666667,0.0,0.0,0.0,0.0,0.0,0.0,0.0,6298.8,0.0,55.0,2.0,101.77,0.0,0.0,0.0,0.0,0.0,0.0,1.0,0.0,11.91,11.91,0.0,0.0,0.0,55.0,616.79921,10000.0,85.000001,85.000001,85.000001,85.000001,395.0,0.0,0.0,0.0,1.0,166.665,70.633,70.633,67.947,67.947,34.0,1.2824999999999989,0.0,-43.626666666666665,-3.6225000000000005,0.0,1771.03,79.845,100.0,25.35,10.026,41.019999999999996,12.616,0.0,0.0,0.0,0.0,0.0,0.0,0.0,3810.0,0.0,3714.75,824.5999999999999,303.2495,315.0,316.578,323.18225,24.0726,21.4567,23.9679,22.9176,314.999998,314.999998,324.999988,324.999988,99.61815714285714,99.52606666666667,99.6221,99.57911428571428,-5.749333333333333,0.0,-3.789,-3.694,-0.19666666666666544,0.0,1.6495,5.3175,51.454,35.1045,50.8,44.235,77.507,45.315,76.152,62.733,74.419,43.517,74.5595,60.5105,72.524,42.466499999999996,74.198,59.42333333333333,6.208,-6.217499999999999,0.09002,0.11937,0.0,90.18,0.0,88.82,88.95333333333332,0.0,0.0
239,0.0,0.0,0.0,1.0,1.0,0.0,0.0,1.0,0.0,100.0,1.0,1.1856,26.0,0.0,0.0,0.0,57.999998,0.0,26.0,26.0,26.0,26.0,-2.3155555555555556,-0.24519999999999997,0.10925,314.377,-2.15565,-3.924875,-0.13744999999999996,-2.5768,-204.63,119.8725,189.902,0.0,0.0,0.0,0.0,0.3204,-5.498166666666667,-5.498166666666667,-2.188,-1.0673333333333335,0.6890000000000001,-2.038,28.17,-0.5454,-0.09855,31.568000000000005,100.0,0.0,0.0,85.85333333333332,0.0,0.0,0.0,0.0,0.0,0.0,0.0,6083.9,0.0,55.0,2.0,101.46000000000001,1.0,0.0,0.0,0.0,0.0,0.0,1.0,0.0,11.961,11.961,0.0,0.0,1.0,55.0,616.79921,10000.0,85.000001,85.000001,85.000001,85.000001,395.0,0.0,0.0,0.0,1.0,166.665,75.012,75.012,67.657,67.657,34.0,5.077500000000001,0.0,-78.26,-10.6875,0.0,1770.978,87.55,100.0,22.98,9.969999999999999,40.233000000000004,12.589,0.0,0.0,0.0,0.0,0.0,0.0,0.0,3107.25,0.0,4386.375,914.5999999999999,305.046,315.0,315.08675,322.83875,24.0823,21.4598,23.9768,22.923000000000002,314.999998,314.999998,324.999988,324.999988,99.61851428571428,99.52606666666667,99.62231428571428,99.57917142857143,-5.9543333333333335,0.0,-2.857,-2.7336666666666667,-0.11833333333333229,0.0,-0.37650000000000006,-0.44300000000000006,51.514,35.124,50.855,44.2685,77.63,45.293,76.205,62.73,74.538,43.497,74.614,60.5075,72.637,42.4475,74.253,59.419333333333334,6.833500000000001,-6.817500000000001,0.08210500000000001,0.09899500000000001,0.0,89.735,0.0,87.13,84.58,0.0,0.0
240,0.0,0.0,0.0,1.0,1.0,0.0,0.0,1.0,0.0,100.0,1.0,1.1856,26.0,0.0,0.0,0.0,57.999998,0.0,26.0,26.0,26.0,26.0,-2.052888888888889,-0.25739999999999996,-0.17025,315.933,-1.7483499999999998,-4.1345,-0.09749999999999992,-2.5953,-204.94,121.0975,189.85775,0.0,0.0,0.0,0.0,0.3211333333333334,-5.498166666666667,-5.498166666666667,-2.2666,-0.40400000000000014,0.6453333333333333,5.17,28.038,-0.305,-0.100775,35.578,100.0,0.0,0.0,85.16,0.0,0.0,0.0,0.0,0.0,0.0,0.0,6034.8,0.0,55.0,2.0,100.97999999999999,0.0,0.0,0.0,0.0,0.0,0.0,0.0,0.0,12.006,12.006,0.0,0.0,0.0,55.0,616.79921,10000.0,85.000001,85.000001,85.000001,85.000001,395.0,0.0,0.0,0.0,1.0,166.665,75.5,75.5,71.594,71.594,34.0,5.177500000000002,0.0,-74.84666666666666,-5.487500000000001,0.0,1770.935,95.025,100.0,23.684,9.943999999999999,39.702,11.085999999999999,0.0,0.0,0.0,0.0,0.0,0.0,0.0,4062.375,0.0,4076.5,715.5999999999999,303.4895,315.0,315.6665,324.0125,24.0911,21.4626,23.9846,22.9277,314.999998,314.999998,324.999988,324.999988,99.61888571428571,99.52606666666667,99.62247142857143,99.57918571428571,-6.017,0.0,-2.6186666666666665,-2.4446666666666665,-0.173333333333332,0.0,-0.34650000000000025,-1.363,51.569,35.141,50.903999999999996,44.298,77.764,45.2735,76.2355,62.7015,74.667,43.479,74.646,60.481,72.76,42.431,74.285,59.39333333333333,7.483499999999999,-7.464,0.09123500000000001,0.10749500000000001,0.0,89.475,0.0,86.82333333333332,83.49666666666667,0.0,0.0
241,0.0,0.0,0.0,1.0,1.0,0.0,0.0,1.0,0.0,100.0,1.0,1.1856,26.0,0.0,0.0,0.0,57.999998,0.0,26.0,26.0,26.0,26.0,-2.357111111111111,-0.3353999999999999,0.032,312.622,-1.93845,-3.783125,-0.32589999999999997,-2.2794,-205.24,122.49,189.8065,0.0,0.0,0.0,0.0,0.322,-5.498166666666667,-5.498166666666667,-2.2896,1.7266666666666666,0.8362222222222222,6.413,27.865,-0.0949,-0.11647500000000001,42.454,100.0,0.0,0.0,84.99000000000001,0.0,0.0,0.0,0.0,0.0,0.0,0.0,6022.7,0.0,55.0,2.0,100.35,1.0,0.0,0.0,0.0,0.0,0.0,0.0,0.0,12.056999999999999,12.056999999999999,0.0,0.0,1.0,55.0,616.79921,10000.0,85.000001,85.000001,85.000001,85.000001,395.0,0.0,0.0,0.0,1.0,166.665,67.719,67.719,74.234,74.234,34.0,-6.644999999999996,0.0,-41.3,-15.32,0.0,1770.883,98.145,100.0,25.987,9.968,37.79,11.556999999999999,0.0,0.0,0.0,0.0,0.0,0.0,0.0,5057.25,0.0,2505.125,1174.1999999999998,300.494,315.0,319.01575,321.9415,24.101399999999998,21.4657,23.9934,22.933,314.999998,314.999998,324.999988,324.999988,99.61935714285714,99.52606666666667,99.62261428571429,99.57922857142857,-5.499333333333333,0.0,-2.5471666666666666,-2.4545,-0.240000000000002,0.0,-0.5169999999999999,-0.359,51.634,35.1605,50.958,44.331,77.927,45.252,76.258,62.685,74.824,43.459,74.6705,60.4655,72.91,42.412,74.3095,59.37733333333333,7.759,-7.754,0.084705,0.10726000000000001,0.0,89.35,0.0,86.55666666666667,83.42333333333333,0.0,0.0
242,0.0,0.0,0.0,1.0,1.0,0.0,0.0,1.0,0.0,100.0,1.0,1.1856,26.0,0.0,0.0,0.0,57.999998,0.0,26.0,26.0,26.0,26.0,-2.265,0.30990000000000006,0.09340000000000001,309.57,-2.6471999999999998,-3.160625,-0.60575,-2.0892,-205.49,123.8875,189.75575,0.0,0.0,0.0,0.0,0.32283333333333336,-5.498166666666667,-5.498166666666667,-2.1197,3.9756666666666667,1.2775555555555556,6.915000000000001,27.927,-0.1768,-0.040525,42.7,100.0,0.0,0.0,85.99333333333334,0.0,0.0,0.0,0.0,0.0,0.0,0.0,6093.8,0.0,55.0,2.0,100.53333333333333,0.0,0.0,0.0,0.0,0.0,0.0,0.0,0.0,12.108,12.108,0.0,0.0,0.0,55.0,616.79921,10000.0,85.000001,85.000001,85.000001,85.000001,395.0,0.0,0.0,0.0,1.0,166.665,65.17,65.17,65.903,65.903,34.0,1.822499999999998,0.0,-50.09,-38.5775,0.0,1770.832,98.435,100.0,25.358,10.276,35.908,15.472999999999999,0.0,0.0,0.0,0.0,0.0,0.0,0.0,2968.25,0.0,3105.125,2520.1,306.4625,315.0,317.8825,318.79375,24.1116,21.4687,24.002,22.9385,314.999998,314.999998,324.999988,324.999988,99.61975714285714,99.52606666666667,99.6228,99.57931428571429,-5.599333333333334,0.0,-2.7951666666666664,-2.7258333333333336,-0.19999999999999574,0.0,0.8264999999999998,1.0939999999999999,51.698,35.1795,51.013,44.3655,78.066,45.23,76.2905,62.695,74.957,43.439,74.704,60.4745,73.035,42.393,74.3425,59.385333333333335,7.7635000000000005,-7.7515,0.09752500000000001,0.11421,0.0,89.68,0.0,87.59,84.39666666666668,0.0,0.0
243,0.0,0.0,0.0,1.0,1.0,0.0,0.0,1.0,0.0,100.0,1.0,1.1856,26.0,0.0,0.0,0.0,57.999998,0.0,26.0,26.0,26.0,26.0,-2.243666666666667,0.010499999999999954,0.29695,306.503,-2.3215,-3.370875,-0.47739999999999994,-2.5679,-205.67000000000002,125.2125,189.7095,0.0,0.0,0.0,0.0,0.3236,-5.498166666666667,-5.498166666666667,-2.0534,1.3083333333333333,1.0373333333333332,-5.443,27.782,-0.0038,-0.088775,43.083999999999996,100.0,0.0,0.0,86.59333333333333,0.0,0.0,0.0,0.0,0.0,0.0,0.0,6136.2,0.0,55.0,2.0,99.99333333333334,1.0,0.0,0.0,0.0,0.0,0.0,0.0,0.0,12.155999999999999,12.155999999999999,0.0,0.0,1.0,55.0,616.79921,10000.0,85.000001,85.000001,85.000001,85.000001,395.0,0.0,0.0,0.0,1.0,166.665,62.347,62.347,62.531,62.531,34.0,-10.579999999999998,0.0,-110.69,-21.1975,0.0,1770.784,100.43,100.0,26.582,10.542,38.224000000000004,16.877,0.0,0.0,64.93333333333334,0.0,0.0,0.0,0.0,5067.0,0.0,5486.75,2118.8,300.6695,315.0,312.5635,320.691,24.1213,21.4716,24.0104,22.9438,314.999998,314.999998,324.999988,324.999988,99.62014285714285,99.52621666666667,99.62294285714286,99.57937142857143,-5.2843333333333335,0.0,-2.2516666666666665,-2.1208333333333336,-0.18833333333333258,0.0,0.6995,2.2445,51.758,35.1975,51.065,44.3985,78.207,45.3565,76.321,62.7015,75.09,43.5545,74.735,60.481,73.159,42.5015,74.373,59.39066666666667,7.946,-7.942500000000001,0.089675,0.11306500000000001,0.0,89.19,6.905000000000001,87.63333333333333,85.55,0.0,0.0
244,0.0,0.0,0.0,1.0,1.0,0.0,0.0,1.0,0.0,100.0,1.0,1.1856,26.0,0.0,0.0,0.0,57.999998,0.0,26.0,26.0,26.0,26.0,-2.5380000000000003,-0.06929999999999992,0.18205000000000002,308.868,-2.2279999999999998,-3.452,-0.4617,-2.2569,-205.81,126.625,189.666125,0.0,0.0,0.0,0.0,0.3244666666666667,-5.498166666666667,-5.498166666666667,-2.0714,-0.9563333333333333,1.0084444444444445,0.3650000000000002,27.902,-0.0114,-0.17935,42.384,100.0,0.0,0.0,85.28666666666666,0.0,0.0,0.0,0.0,0.0,0.0,0.0,6043.8,0.0,55.0,2.0,100.46666666666667,0.0,0.0,0.0,0.0,0.0,0.0,0.0,0.0,12.207,12.207,0.0,0.0,0.0,55.0,616.79921,10000.0,85.000001,85.000001,85.000001,85.000001,395.0,0.0,0.0,0.0,1.0,333.33500000000004,67.81,67.81,64.88,64.88,34.0,1.7625000000000028,0.0,-75.84666666666666,-36.7825,0.0,1770.731,103.985,100.0,25.858,10.613999999999999,40.882,17.505,0.0,0.0,0.0,0.0,0.0,0.0,0.0,3913.75,0.0,4002.625,2477.8,303.9145,315.0,315.72025,318.90325,24.1315,21.4747,24.0194,22.9493,314.999998,314.999998,324.999988,324.999988,99.62057142857142,99.52621666666667,99.62314285714285,99.57945714285714,-5.707000000000001,0.0,-2.3641666666666667,-2.2543333333333337,-0.1316666666666677,0.0,-0.007500000000000284,0.16249999999999987,51.822,35.216499999999996,51.122,44.433,78.353,45.333,76.362,62.713,75.23,43.533500000000004,74.7775,60.492,73.29,42.481,74.4145,59.4,8.229000000000001,-8.217,0.09231500000000001,0.11228,0.0,89.455,6.905000000000001,86.86,83.71333333333334,0.0,0.0
245,0.0,0.0,0.0,1.0,1.0,0.0,0.0,1.0,0.0,100.0,1.0,1.1856,26.0,0.0,0.0,0.0,57.999998,0.0,26.0,26.0,26.0,26.0,-1.9204444444444446,-0.29359999999999997,-0.029400000000000003,311.615,-1.9079,-3.761375,-0.22024999999999995,-2.4553000000000003,-205.88,128.0425,189.6235,0.0,0.0,0.0,0.0,0.32530000000000003,-5.498166666666667,-5.498166666666667,-2.1783,-0.7033333333333334,0.802111111111111,2.0780000000000003,27.754,-0.01,-0.2162,47.376000000000005,100.0,0.0,0.0,85.69666666666666,0.0,0.0,0.0,0.0,0.0,0.0,0.0,6072.8,0.0,55.0,2.0,99.93333333333334,1.0,0.0,0.0,0.0,0.0,0.0,0.0,0.0,12.258,12.258,0.0,0.0,1.0,55.0,616.79921,10000.0,85.000001,85.000001,85.000001,85.000001,395.0,0.0,0.0,0.0,1.0,166.665,68.08500000000001,68.08500000000001,70.435,70.435,34.0,-5.682499999999997,0.0,-71.30666666666667,-1.5099999999999998,0.0,1770.683,105.22,100.0,26.204,10.709,39.198,15.467,0.0,0.0,34.65166666666667,0.0,0.0,0.0,0.0,5072.125,0.0,3861.25,185.89999999999964,300.783,315.0,316.03075,324.49275,24.1417,21.4777,24.0281,22.9546,314.999998,314.999998,324.999988,324.999988,99.62095714285714,99.52621666666667,99.62328571428571,99.57948571428571,-5.538333333333334,0.0,-2.5228333333333337,-2.4123333333333337,-0.16833333333332945,0.0,0.29849999999999977,0.38050000000000006,51.886,35.236,51.176,44.466499999999996,78.492,45.3125,76.382,62.6935,75.362,43.5145,74.7985,60.4735,73.415,42.463499999999996,74.4355,59.38166666666667,8.366,-8.352,0.08781000000000001,0.11140000000000001,0.0,89.155,6.905000000000001,87.13666666666667,84.25666666666666,0.0,0.0
246,0.0,0.0,0.0,1.0,1.0,0.0,0.0,1.0,0.0,100.0,1.0,1.1856,26.0,0.0,0.0,0.0,57.999998,0.0,26.0,26.0,26.0,26.0,-2.302666666666667,-0.1452,-0.1302,312.439,-2.27675,-3.503,-0.45714999999999995,-2.1169000000000002,-205.91,129.3725,189.581625,0.0,0.0,0.0,0.0,0.32606666666666667,-5.498166666666667,-5.498166666666667,-2.0738000000000003,5.396,1.1106666666666665,5.88,27.729,-0.2773,-0.0819,52.932,100.0,0.0,0.0,85.14333333333333,0.0,0.0,0.0,0.0,0.0,0.0,0.0,6033.6,0.0,55.0,2.0,99.84666666666666,0.0,0.0,0.0,0.0,0.0,0.0,0.0,0.0,12.306000000000001,12.306000000000001,0.0,0.0,0.0,55.0,616.79921,10000.0,85.000001,85.000001,85.000001,85.000001,395.0,0.0,0.0,0.0,1.0,333.33500000000004,68.359,68.359,72.29599999999999,72.29599999999999,34.0,-2.0574999999999974,0.0,-41.769999999999996,-23.295,0.0,1770.633,101.16,100.0,25.867,10.714,34.817,13.664,0.0,0.0,0.0,0.0,0.0,0.0,0.0,3665.5,0.0,3191.5,1915.4,304.165,315.0,317.849,321.24675,24.1514,21.4806,24.0361,22.959600000000002,314.999998,314.999998,324.999988,324.999988,99.62135714285715,99.52621666666667,99.62341428571429,99.57952857142857,-5.468333333333334,0.0,-3.4816666666666665,-3.4036666666666666,-0.16833333333332945,0.0,-0.16049999999999986,0.849,51.946,35.254,51.225,44.4975,78.627,45.292,76.4045,62.682,75.492,43.496,74.822,60.463,73.537,42.4455,74.459,59.371,8.0665,-8.0535,0.09136000000000001,0.11722,0.0,89.565,6.905000000000001,86.98666666666668,83.30333333333333,0.0,0.0
247,0.0,0.0,0.0,1.0,1.0,0.0,0.0,1.0,0.0,100.0,1.0,1.1856,26.0,0.0,0.0,0.0,57.999998,0.0,26.0,26.0,26.0,26.0,-2.232222222222222,-0.09329999999999994,0.21755000000000002,309.555,-1.9903499999999998,-3.6185,-0.17125,-2.4384,-205.88,130.7825,189.535,0.0,0.0,0.0,0.0,0.32693333333333335,-5.498166666666667,-5.498166666666667,-1.9953,1.58,0.787222222222222,-3.271,27.608,-0.2422,-0.07775,47.798,100.0,0.0,0.0,86.27,0.0,0.0,0.0,0.0,0.0,0.0,0.0,6113.3,0.0,55.0,2.0,99.39666666666668,1.0,0.0,0.0,0.0,0.0,0.0,0.0,0.0,12.357,12.357,0.0,0.0,1.0,55.0,616.79921,10000.0,85.000001,85.000001,85.000001,85.000001,395.0,0.0,0.0,0.0,1.0,333.33500000000004,64.56,64.56,67.81,67.81,34.0,-6.352499999999999,0.0,-88.68,-4.567500000000001,0.0,1770.581,101.29,100.0,26.278,10.431,37.468,14.113999999999999,0.0,0.0,28.025,0.0,0.0,0.0,0.0,5583.0,0.0,4952.25,660.6999999999998,299.195,315.0,313.8385,323.87375,24.1616,21.4836,24.0449,22.9651,314.999998,314.999998,324.999988,324.999988,99.62177142857144,99.52621666666667,99.62365714285714,99.5796,-5.557,0.0,-2.9926666666666666,-2.8995,-0.18500000000000227,0.0,0.5065,3.052,52.01,35.2725,51.281,44.532,78.772,45.2685,76.461,62.688,75.63,43.4745,74.88,60.4685,73.667,42.4255,74.516,59.37533333333333,8.0145,-8.004,0.091725,0.10999500000000001,0.0,88.775,6.905000000000001,86.94666666666666,85.59,0.0,0.0
248,0.0,0.0,0.0,1.0,1.0,0.0,0.0,1.0,0.0,100.0,1.0,1.1856,26.0,0.0,0.0,0.0,57.999998,0.0,26.0,26.0,26.0,26.0,-2.650444444444444,-0.2154999999999999,0.18230000000000002,309.83,-2.1461,-3.5648750000000002,-0.35314999999999996,-2.4734,-205.78,132.27,189.49025,0.0,0.0,0.0,0.0,0.32780000000000004,-5.498166666666667,-5.498166666666667,-1.9099000000000002,0.44766666666666666,0.9654444444444443,1.3980000000000001,27.627,-0.2026,-0.12105,43.72,100.0,0.0,0.0,84.41666666666667,0.0,0.0,0.0,0.0,0.0,0.0,0.0,5982.0,0.0,55.0,2.0,99.48666666666668,0.0,0.0,0.0,0.0,0.0,0.0,0.0,0.0,12.411,12.411,0.0,0.0,0.0,55.0,616.79921,10000.0,85.000001,85.000001,85.000001,85.000001,395.0,0.0,0.0,0.0,1.0,166.665,68.451,68.451,65.048,65.048,34.0,3.0675000000000026,0.0,-78.14666666666666,-33.19,0.0,1770.53,101.875,100.0,26.26,10.626,40.545,14.549,0.0,0.0,0.0,0.0,0.0,0.0,0.0,3837.5,0.0,4385.125,2224.8,304.131,315.0,315.01025,319.71,24.1726,21.4868,24.0545,22.9708,314.999998,314.999998,324.999988,324.999988,99.62218571428572,99.52621666666667,99.6239,99.57968571428572,-5.800000000000001,0.0,-2.8636666666666666,-2.7713333333333336,-0.06666666666666998,0.0,-0.2240000000000002,-0.09200000000000008,52.079,35.2925,51.341,44.5675,78.92,45.247,76.525,62.697,75.772,43.455,74.9455,60.477,73.801,42.407,74.581,59.382333333333335,8.049,-8.044500000000001,0.090355,0.115125,0.0,88.71000000000001,6.905000000000001,86.06333333333333,82.77,0.0,0.0
249,0.0,0.0,0.0,1.0,1.0,0.0,0.0,1.0,0.0,100.0,1.0,1.1856,26.0,0.0,0.0,0.0,57.999998,0.0,26.0,26.0,26.0,26.0,-2.5487777777777776,-0.31809999999999994,0.1489,310.974,-2.01645,-3.68375,-0.24749999999999994,-2.4256,-205.64,133.585,189.452,0.0,0.0,0.0,0.0,0.3286,-5.498166666666667,-5.498166666666667,-1.9552,-0.20733333333333337,0.8038888888888889,-3.409,27.477,-0.1032,-0.13922500000000002,45.244,100.0,0.0,0.0,83.83,0.0,0.0,0.0,0.0,0.0,0.0,0.0,5940.6,0.0,55.0,2.0,98.95333333333332,1.0,0.0,0.0,0.0,0.0,0.0,0.0,0.0,12.459,12.459,0.0,0.0,1.0,55.0,616.79921,10000.0,85.000001,85.000001,85.000001,85.000001,395.0,0.0,0.0,0.0,1.0,166.665,68.756,68.756,68.80199999999999,68.80199999999999,34.0,-2.979999999999997,0.0,-81.28,-17.962500000000002,0.0,1770.482,102.635,100.0,26.328,10.642,39.212,14.238999999999999,0.0,0.0,0.0,0.0,0.0,0.0,0.0,4554.5,0.0,4408.25,1384.8,302.1215,315.0,315.104,321.7345,24.1823,21.4897,24.0627,22.9758,314.999998,314.999998,324.999988,324.999988,99.62258571428572,99.52621666666667,99.62405714285714,99.57972857142857,-5.565333333333333,0.0,-2.6536666666666666,-2.549,-0.11500000000000199,0.0,-0.3115000000000001,-0.3370000000000002,52.139,35.3105,51.391999999999996,44.599000000000004,79.056,45.2265,76.554,62.689,75.902,43.436,74.9755,60.469,73.924,42.389,74.611,59.374,8.144,-8.126,0.07831,0.11399500000000001,0.0,88.285,6.905000000000001,85.56666666666666,82.09666666666666,0.0,0.0
250,0.0,0.0,0.0,1.0,1.0,0.0,0.0,1.0,0.0,100.0,1.0,1.1856,26.0,0.0,0.0,0.0,57.999998,0.0,26.0,26.0,26.0,26.0,-1.984777777777778,-0.0837,-0.2291,314.056,-2.14305,-3.5855,-0.25934999999999997,-2.4586,-205.45,134.8875,189.414125,0.0,0.0,0.0,0.0,0.32936666666666664,-5.498166666666667,-5.498166666666667,-1.9641000000000002,1.8483333333333334,0.9057777777777778,9.458,27.429,-0.2452,-0.11510000000000001,48.843999999999994,100.0,0.0,0.0,85.85,0.0,0.0,0.0,0.0,0.0,0.0,0.0,6083.6,0.0,55.0,2.0,98.75,0.0,0.0,0.0,0.0,0.0,0.0,1.0,0.0,12.507,12.507,0.0,0.0,0.0,55.0,616.79921,10000.0,85.000001,85.000001,85.000001,85.000001,395.0,0.0,0.0,0.0,1.0,166.665,71.64,71.64,70.16,70.16,34.0,0.7250000000000014,0.0,-48.75666666666667,-2.9000000000000004,0.0,1770.432,101.565,100.0,25.304,10.765,38.545,12.45,0.0,0.0,0.0,0.0,0.0,0.0,0.0,3273.5,0.0,3289.25,702.0999999999999,305.3945,315.0,317.4745,323.772,24.1919,21.4925,24.0709,22.9808,314.999998,314.999998,324.999988,324.999988,99.62295714285715,99.52621666666667,99.62422857142857,99.57975714285715,-5.628333333333334,0.0,-3.2573333333333334,-3.1665,-0.11833333333333229,0.0,0.10749999999999993,5.282,52.199,35.328,51.443,44.63,79.18299999999999,45.206,76.5905,62.6645,76.024,43.4175,75.0135,60.446,74.039,42.3715,74.649,59.351333333333336,8.058,-8.0465,0.09098500000000001,0.10598500000000001,0.0,88.25999999999999,6.905000000000001,86.17666666666668,85.52333333333333,0.0,0.0
251,0.0,0.0,0.0,1.0,1.0,0.0,0.0,1.0,0.0,100.0,1.0,1.1856,26.0,0.0,0.0,0.0,57.999998,0.0,26.0,26.0,26.0,26.0,-2.488,-0.20519999999999994,0.1567,312.485,-2.06745,-3.58425,-0.23804999999999998,-2.4214,-205.19,136.26,189.37075,0.0,0.0,0.0,0.0,0.3302,-5.498166666666667,-5.498166666666667,-2.0117000000000003,-2.3783333333333334,0.8235555555555556,-7.081,27.34,-0.1602,-0.113775,43.04,0.0,0.0,0.0,83.62333333333333,0.0,0.0,0.0,0.0,0.0,0.0,0.0,6464.7,0.0,55.0,0.0,98.45333333333332,1.0,0.0,0.0,0.0,0.0,0.0,1.0,0.0,12.558,12.558,0.0,0.0,1.0,55.0,616.79921,10000.0,85.000001,85.000001,85.000001,85.000001,395.0,0.0,0.0,0.0,1.0,333.33500000000004,70.282,70.282,69.412,69.412,34.0,-0.9624999999999986,0.0,-78.86,-12.325,0.0,1770.381,101.69500000000001,100.0,23.786,10.062999999999999,38.149,13.606,0.0,0.0,55.0,0.0,0.0,0.0,0.0,4604.875,0.0,4258.375,978.3,302.237,315.0,315.3275,322.412,24.2019,21.4955,24.0796,22.9861,314.999998,314.999998,324.999988,324.999988,99.62328571428571,99.52621666666667,99.62441428571428,99.57982857142858,-5.639,0.0,-2.6343333333333336,-2.533,-0.16499999999999915,0.0,-0.028999999999999915,0.03299999999999992,52.262,35.347,51.498,44.6635,79.298,45.1845,76.62950000000001,62.6715,76.134,43.3975,75.0535,60.4525,74.142,42.353,74.689,59.35633333333333,8.0195,-8.0015,0.09127,0.10336500000000001,0.0,87.675,6.905000000000001,85.23666666666668,82.00999999999999,0.0,0.0
252,0.0,0.0,0.0,1.0,1.0,0.0,0.0,1.0,0.0,100.0,1.0,1.1856,26.0,0.0,0.0,0.0,57.999998,0.0,26.0,26.0,26.0,26.0,-2.4243333333333332,-0.2057,0.07680000000000001,312.347,-2.03845,-3.583,-0.27264999999999995,-2.4206000000000003,-204.89999999999998,137.535,189.330625,0.0,0.0,0.0,0.0,0.331,-5.498166666666667,-5.498166666666667,-2.0689,1.2226666666666666,0.8947777777777779,9.104000000000001,27.229,-0.22540000000000002,-0.137775,48.636,0.0,0.0,0.0,83.45666666666668,0.0,0.0,0.0,0.0,0.0,0.0,0.0,8053.9,0.0,55.0,0.0,98.05333333333333,0.0,0.0,0.0,0.0,0.0,0.0,1.0,0.0,12.606,12.606,0.0,0.0,0.0,55.0,616.79921,10000.0,85.000001,85.000001,85.000001,85.000001,395.0,0.0,0.0,0.0,1.0,333.33500000000004,67.886,67.886,70.297,70.297,34.0,-4.109999999999999,0.0,-51.75333333333333,-13.6675,0.0,1770.332,99.125,100.0,25.495,10.232,38.036,11.692,0.0,0.0,19.25,0.0,0.0,0.0,0.0,4552.125,0.0,3434.0,1171.1999999999998,302.0445,315.0,317.146,322.5385,24.2118,21.4983,24.0879,22.9911,314.999998,314.999998,324.999988,324.999988,99.62374285714286,99.52621666666667,99.6246,99.57984285714285,-5.51,0.0,-3.2373333333333334,-3.1801666666666666,-0.18999999999999773,0.0,-0.06600000000000028,0.24750000000000005,52.324,35.3645,51.549,44.694,79.45,45.163,76.6685,62.6415,76.281,43.378,75.0945,60.4245,74.281,42.334,74.7295,59.32866666666666,7.9079999999999995,-7.894500000000001,0.0848,0.10201,0.0,87.625,6.905000000000001,85.24000000000001,81.67333333333333,0.0,0.0
253,0.0,0.0,0.0,1.0,1.0,0.0,0.0,1.0,0.0,100.0,1.0,1.1856,26.0,0.0,0.0,0.0,57.999998,0.0,26.0,26.0,26.0,26.0,-2.113777777777778,0.5805,0.18285,310.974,-2.24695,-3.467,-0.48339999999999994,-2.1649000000000003,-204.54,138.8725,189.286875,0.0,0.0,0.0,0.0,0.33180000000000004,-5.498166666666667,-5.498166666666667,-2.0375,0.47066666666666657,1.1166666666666667,4.047,27.125,-0.3824,-0.09105,46.274,82.1,0.0,0.0,86.44999999999999,0.0,0.0,0.0,0.0,0.0,0.0,0.0,7961.7,0.0,55.0,1.0,97.75,1.0,0.0,0.0,0.0,0.0,0.0,1.0,0.0,12.657,12.657,0.0,0.0,1.0,55.0,616.79921,10000.0,85.000001,85.000001,85.000001,85.000001,395.0,0.0,0.0,0.0,1.0,333.33500000000004,66.895,66.895,69.382,69.382,34.0,-0.15500000000000114,0.0,-17.443333333333335,-36.6175,0.0,1770.283,96.77,100.0,24.564,10.087,35.636,13.378,0.0,0.0,21.231666666666666,0.0,0.0,0.0,0.0,4154.125,0.0,3609.75,2567.6,303.2355,315.0,316.711,319.2675,24.222,21.5013,24.0964,22.9964,314.999998,314.999998,324.999988,324.999988,99.62407142857143,99.52621666666667,99.62478571428571,99.57992857142857,-5.6033333333333335,0.0,-3.3963333333333336,-3.337,-0.19833333333333059,0.0,-4.978,-0.6160000000000001,52.388,35.383,51.602000000000004,44.7275,79.563,45.1425,76.7105,62.655,76.389,43.3595,75.1375,60.437,74.383,42.3165,74.772,59.34,7.6775,-7.6585,0.080255,0.11071,0.0,87.28999999999999,6.905000000000001,88.6,84.30333333333333,0.0,0.0
254,0.0,0.0,0.0,1.0,1.0,0.0,0.0,1.0,0.0,100.0,1.0,1.1856,26.0,0.0,0.0,0.0,57.999998,0.0,26.0,26.0,26.0,26.0,-1.8925555555555555,-0.7617,-0.0942,310.852,-2.2122,-3.457625,-0.36439999999999995,-2.3583,-204.13,140.1925,189.2435,0.0,0.0,0.0,0.0,0.3326333333333334,-5.498166666666667,-5.498166666666667,-2.045,2.770666666666667,1.077888888888889,6.884,27.047,-0.43260000000000004,-0.1101,50.088,87.2,0.0,0.0,81.12,0.0,0.0,0.0,0.0,0.0,0.0,0.0,8305.5,0.0,55.0,1.0,97.33,0.0,0.0,0.0,0.0,0.0,0.0,1.0,0.0,12.708,12.708,0.0,0.0,0.0,55.0,616.79921,10000.0,85.000001,85.000001,85.000001,85.000001,395.0,0.0,0.0,0.0,1.0,333.33500000000004,64.438,64.438,69.656,69.656,34.0,-4.212499999999999,0.0,-24.316666666666663,-5.745000000000001,0.0,1770.231,95.515,100.0,26.058,10.036,35.284,13.298,0.0,0.0,26.395,0.0,0.0,0.0,0.0,4581.0,0.0,3796.25,964.0999999999999,301.7915,315.0,316.4345,323.2025,24.2325,21.5042,24.105,23.0017,314.999998,314.999998,324.999988,324.999988,99.62448571428571,99.52621666666667,99.62504285714286,99.57998571428571,-5.475333333333333,0.0,-3.6583333333333337,-3.5953333333333335,-0.07833333333332604,0.0,5.011,4.1295,52.453,35.400999999999996,51.656,44.7605,79.708,45.121,76.7805,62.6555,76.527,43.34,75.208,60.438,74.512,42.298,74.8415,59.340333333333334,7.6145,-7.599,0.08755,0.11643500000000001,0.0,87.05,6.905000000000001,81.37666666666667,80.86333333333333,0.0,0.0
255,0.0,0.0,0.0,1.0,1.0,0.0,0.0,1.0,0.0,100.0,1.0,1.1856,26.0,0.0,0.0,0.0,57.999998,0.0,26.0,26.0,26.0,26.0,-1.9323333333333332,-0.5239,-0.16190000000000002,310.211,-2.2712,-3.2960000000000003,-0.47595,-2.3355,-203.7,141.415,189.204375,0.0,0.0,0.0,0.0,0.33340000000000003,-5.498166666666667,-5.498166666666667,-2.0287,1.709,1.1174444444444445,4.331,27.027,-0.4773,-0.15002500000000002,48.246,92.0,0.0,0.0,82.21666666666667,0.0,0.0,0.0,0.0,0.0,0.0,0.0,8478.3,0.0,55.0,1.0,97.25,1.0,0.0,0.0,0.0,0.0,0.0,1.0,0.0,12.756,12.756,0.0,0.0,1.0,55.0,616.79921,10000.0,85.000001,85.000001,85.000001,85.000001,395.0,0.0,0.0,0.0,1.0,333.33500000000004,63.995,63.995,68.375,68.375,34.0,-1.8674999999999997,0.0,-12.24666666666667,-2.505000000000001,0.0,1770.183,94.875,100.0,25.823,10.02,36.03,15.267,0.0,0.0,28.726666666666663,0.0,0.0,0.0,0.0,4484.875,0.0,3703.5,817.3,302.1665,315.0,316.7185,323.399,24.2423,21.507,24.1132,23.0068,314.999998,314.999998,324.999988,324.999988,99.62485714285714,99.52621666666667,99.62531428571428,99.5801,-5.543333333333333,0.0,-3.6128333333333336,-3.5428333333333337,-0.1566666666666663,0.0,6.651,6.2535,52.515,35.4185,51.707,44.7925,79.835,45.1005,76.857,62.6815,76.648,43.3215,75.285,60.4625,74.625,42.2805,74.9175,59.363,7.516500000000001,-7.508000000000001,0.09228,0.11002,0.0,86.88,6.905000000000001,82.01333333333332,82.41666666666667,0.0,0.0
256,0.0,0.0,0.0,1.0,1.0,0.0,0.0,1.0,0.0,100.0,1.0,1.1856,26.0,0.0,0.0,0.0,57.999998,0.0,26.0,26.0,26.0,26.0,-2.5104444444444445,0.5790000000000002,0.22675,310.394,-2.16595,-3.468875,-0.40374999999999994,-2.2109,-203.19,142.695,189.164125,0.0,0.0,0.0,0.0,0.3342333333333334,-5.498166666666667,-5.498166666666667,-2.0351,-0.7386666666666668,1.003222222222222,-4.73,26.975,-0.4323,-0.178475,46.33,97.1,0.0,0.0,86.42666666666668,0.0,0.0,0.0,0.0,0.0,0.0,0.0,7483.1,0.0,55.0,1.0,97.23333333333332,0.0,0.0,0.0,0.0,0.0,0.0,1.0,0.0,12.806999999999999,12.806999999999999,0.0,0.0,0.0,55.0,616.79921,10000.0,85.000001,85.000001,85.000001,85.000001,395.0,0.0,0.0,0.0,1.0,333.33500000000004,66.437,66.437,68.787,68.787,34.0,-4.952500000000001,0.0,1.259999999999998,-18.1725,0.0,1770.132,94.575,100.0,25.205,9.658,36.774,15.937,0.0,0.0,0.0,0.0,0.0,0.0,0.0,4584.375,0.0,3936.0,1382.6,302.2205,315.0,315.9695,321.38025,24.2527,21.5099,24.1219,23.0121,314.999998,314.999998,324.999988,324.999988,99.62524285714285,99.52621666666667,99.6256,99.58021428571429,-5.439333333333334,0.0,-3.4023333333333334,-3.364,-0.24166666666666714,0.0,-7.5295000000000005,-0.38149999999999995,52.579,35.437,51.762,44.826,79.965,45.0795,76.94200000000001,62.7095,76.772,43.302,75.37,60.489,74.741,42.262,75.001,59.38766666666667,7.4864999999999995,-7.479000000000001,0.07602,0.11174,0.0,86.805,6.905000000000001,88.37333333333333,84.47666666666666,0.0,0.0
257,0.0,0.0,0.0,1.0,1.0,0.0,0.0,1.0,0.0,100.0,1.0,1.1856,26.0,0.0,0.0,0.0,57.999998,0.0,26.0,26.0,26.0,26.0,-1.876,0.49050000000000016,-0.12510000000000002,312.60699999999997,-2.20385,-3.52875,-0.46655,-2.3254,-202.63,143.95,189.1245,0.0,0.0,0.0,0.0,0.33503333333333335,-5.498166666666667,-5.498166666666667,-2.0166,3.2546666666666666,1.1093333333333333,8.947000000000001,26.997,-0.7061000000000001,-0.1332,51.352,100.0,0.0,0.0,87.56,0.0,0.0,0.0,0.0,0.0,0.0,0.0,8187.1,0.0,55.0,1.0,97.16666666666667,1.0,0.0,0.0,0.0,0.0,0.0,1.0,0.0,12.858,12.858,0.0,0.0,1.0,55.0,616.79921,10000.0,85.000001,85.000001,85.000001,85.000001,395.0,0.0,0.0,0.0,1.0,333.33500000000004,69.199,69.199,70.557,70.557,34.0,0.3475000000000037,0.0,-19.64666666666666,-0.03250000000000064,0.0,1770.082,91.375,100.0,24.693,10.057,35.705,13.95,0.0,0.0,29.106666666666666,0.0,0.0,0.0,0.0,3691.375,0.0,3480.0,2015.6999999999998,304.4805,315.0,317.17475,320.945,24.2631,21.5128,24.1305,23.0173,314.999998,314.999998,324.999988,324.999988,99.62562857142858,99.52621666666667,99.62588571428572,99.58027142857142,-5.602666666666666,0.0,-4.390166666666667,-4.347166666666667,-0.26833333333333087,0.0,3.377,9.037500000000001,52.644,35.455,51.816,44.8585,80.096,45.058,77.0245,62.7105,76.897,43.2825,75.4535,60.49,74.858,42.244,75.0835,59.38733333333333,7.265000000000001,-7.254,0.102355,0.11414,0.0,86.98,6.905000000000001,87.93666666666667,87.18666666666667,0.0,0.0
258,0.0,0.0,0.0,1.0,1.0,0.0,0.0,1.0,0.0,100.0,1.0,1.1856,26.0,0.0,0.0,0.0,57.999998,0.0,26.0,26.0,26.0,26.0,-2.324222222222222,-0.29779999999999995,-0.066,312.683,-2.11685,-3.508,-0.33629999999999993,-2.3607,-202.06,145.115,189.085625,0.0,0.0,0.0,0.0,0.33580000000000004,-5.498166666666667,-5.498166666666667,-1.9802000000000002,0.8983333333333333,0.9326666666666668,-6.7780000000000005,27.011,-0.6502,-0.09505000000000001,44.754,100.0,0.0,0.0,82.12,0.0,0.0,0.0,0.0,0.0,0.0,0.0,7678.4,0.0,55.0,1.0,97.30666666666667,0.0,0.0,0.0,0.0,0.0,0.0,1.0,0.0,12.905999999999999,12.905999999999999,0.0,0.0,0.0,55.0,616.79921,10000.0,85.000001,85.000001,85.000001,85.000001,395.0,0.0,0.0,0.0,1.0,166.665,69.336,69.336,69.229,69.229,34.0,4.140000000000001,0.0,-52.07,-3.1174999999999997,0.0,1770.035,93.0,100.0,23.646,9.779,36.153999999999996,14.712,0.0,0.0,0.0,0.0,0.0,0.0,0.0,4298.5,0.0,4261.625,449.2999999999997,303.0695,315.0,315.54475,324.2925,24.2726,21.5155,24.1387,23.0225,314.999998,314.999998,324.999988,324.999988,99.62595714285715,99.52621666666667,99.62612857142857,99.58038571428571,-5.856333333333334,0.0,-3.7771666666666666,-3.6916666666666664,-0.134999999999998,0.0,-0.6724999999999999,-0.6505000000000001,52.704,35.472,51.867,44.8905,80.206,45.038,77.0865,62.737,77.003,43.264,75.5165,60.515,74.957,42.2265,75.145,59.410666666666664,7.3580000000000005,-7.330500000000001,0.09389,0.10592000000000001,0.0,86.75,6.905000000000001,83.88,80.36333333333333,0.0,0.0
259,0.0,0.0,0.0,1.0,1.0,0.0,0.0,1.0,0.0,100.0,1.0,1.1856,26.0,0.0,0.0,0.0,57.999998,0.0,26.0,26.0,26.0,26.0,-2.147777777777778,-0.11659999999999993,0.0801,312.378,-1.7889,-3.68725,-0.11654999999999993,-2.6089,-201.39999999999998,146.3175,189.044625,0.0,0.0,0.0,0.0,0.3366,-5.498166666666667,-5.498166666666667,-1.9513,2.439,0.7066666666666668,6.615,26.839,-0.48350000000000004,-0.12490000000000001,46.286,100.0,0.0,0.0,83.58666666666667,0.0,0.0,0.0,0.0,0.0,0.0,0.0,7815.6,0.0,55.0,1.0,96.64666666666668,1.0,0.0,0.0,0.0,0.0,0.0,1.0,0.0,12.957,12.957,0.0,0.0,1.0,55.0,616.79921,10000.0,85.000001,85.000001,85.000001,85.000001,395.0,0.0,0.0,0.0,1.0,333.33500000000004,69.611,69.611,68.985,68.985,34.0,-5.727499999999999,0.0,-63.01,-4.8925,0.0,1769.982,92.66,100.0,26.231,10.078,39.485,11.972999999999999,0.0,0.0,31.15833333333333,0.0,0.0,0.0,0.0,4625.0,0.0,4428.625,624.0999999999999,301.733,315.0,314.86,323.845,24.2833,21.5184,24.1476,23.0276,314.999998,314.999998,324.999988,324.999988,99.62641428571429,99.52621666666667,99.62638571428572,99.5804,-5.5,0.0,-3.6241666666666665,-3.5821666666666667,-0.14666666666666828,0.0,0.3794999999999997,1.8925,52.771,35.49,51.923,44.923,80.361,45.0165,77.157,62.71,77.152,43.2445,75.588,60.4895,75.099,42.208,75.217,59.385666666666665,7.3415,-7.333500000000001,0.08432500000000001,0.10133500000000001,0.0,86.345,6.905000000000001,84.56333333333333,82.61,0.0,0.0
260,0.0,0.0,0.0,1.0,1.0,0.0,0.0,1.0,0.0,100.0,1.0,1.1856,26.0,0.0,0.0,0.0,57.999998,0.0,26.0,26.0,26.0,26.0,-2.4268888888888887,-0.3113,0.0477,312.561,-1.97055,-3.762875,-0.2447499999999999,-2.4765,-200.69,147.49,189.004875,0.0,0.0,0.0,0.0,0.33743333333333336,-5.498166666666667,-5.498166666666667,-1.9091,-0.14666666666666672,0.8243333333333331,-2.495,26.808,-0.3154,-0.11460000000000001,40.252,100.0,0.0,0.0,81.58,0.0,0.0,0.0,0.0,0.0,0.0,0.0,7628.0,0.0,55.0,1.0,96.55333333333333,0.0,0.0,0.0,0.0,0.0,0.0,0.0,0.0,13.008,13.008,0.0,0.0,0.0,55.0,616.79921,10000.0,85.000001,85.000001,85.000001,85.000001,395.0,0.0,0.0,0.0,1.0,333.33500000000004,70.465,70.465,69.061,69.061,34.0,-0.6374999999999957,0.0,-63.42,-12.037500000000001,0.0,1769.931,95.81,100.0,24.695,10.004999999999999,39.636,13.113999999999999,0.0,0.0,0.0,0.0,0.0,0.0,0.0,4368.125,0.0,3821.625,973.6999999999998,302.9145,315.0,316.4045,322.53925,24.2936,21.5212,24.1564,23.0329,314.999998,314.999998,324.999988,324.999988,99.62677142857143,99.52621666666667,99.62661428571428,99.58048571428571,-5.652,0.0,-2.9271666666666665,-2.8405,-0.0899999999999963,0.0,-0.6270000000000002,-0.4750000000000001,52.835,35.5075,51.978,44.9555,80.479,44.9955,77.2115,62.7195,77.266,43.2255,75.644,60.4985,75.207,42.19,75.2725,59.393,7.522,-7.5075,0.08103500000000001,0.10776000000000001,0.0,85.93,6.905000000000001,83.11666666666667,80.04666666666667,0.0,0.0
261,0.0,0.0,0.0,1.0,1.0,0.0,0.0,1.0,0.0,100.0,1.0,1.1856,26.0,0.0,0.0,0.0,57.999998,0.0,26.0,26.0,26.0,26.0,-2.216666666666667,0.6178000000000001,0.1303,310.684,-2.04235,-3.6525,-0.3293999999999999,-2.2378,-199.93,148.625,188.965375,0.0,0.0,0.0,0.0,0.3382333333333334,-5.498166666666667,-5.498166666666667,-1.858,3.2243333333333335,0.943888888888889,8.402000000000001,26.812,-0.2952,-0.100375,43.29600000000001,100.0,0.0,0.0,84.75,0.0,0.0,0.0,0.0,0.0,0.0,0.0,7924.3,0.0,55.0,1.0,96.47,1.0,0.0,0.0,0.0,0.0,0.0,0.0,0.0,13.059000000000001,13.059000000000001,0.0,0.0,1.0,55.0,616.79921,10000.0,85.000001,85.000001,85.000001,85.000001,395.0,0.0,0.0,0.0,1.0,166.665,68.832,68.832,68.146,68.146,34.0,-1.4350000000000023,0.0,-56.53,-24.0225,0.0,1769.881,95.795,100.0,25.606,10.215,38.626,13.321,0.0,0.0,38.335,0.0,0.0,0.0,0.0,4151.0,0.0,4011.5,2675.2,303.14,315.0,315.8715,318.50175,24.3042,21.5241,24.1651,23.0381,314.999998,314.999998,324.999988,324.999988,99.62718571428572,99.52621666666667,99.6268,99.58054285714286,-5.574,0.0,-3.1633333333333336,-3.0981666666666667,-0.2183333333333266,0.0,2.2575,4.4485,52.900999999999996,35.5255,52.032,44.9885,80.619,44.9745,77.252,62.714,77.401,43.206,75.6865,60.493,75.334,42.1715,75.3145,59.38733333333333,7.589,-7.588000000000001,0.09480000000000001,0.125205,0.0,86.06,6.905000000000001,85.66,83.84,0.0,0.0
262,0.0,0.0,0.0,1.0,1.0,0.0,0.0,1.0,0.0,100.0,1.0,1.1856,26.0,0.0,0.0,0.0,57.999998,0.0,26.0,26.0,26.0,26.0,-2.5424444444444445,-0.38449999999999995,0.17950000000000002,310.303,-2.1191,-3.59775,-0.26815,-2.3301,-199.13,149.73,188.92625,0.0,0.0,0.0,0.0,0.33903333333333335,-5.498166666666667,-5.498166666666667,-1.7667000000000002,1.6793333333333333,0.9554444444444443,-1.505,26.729,-0.1464,-0.051725,42.096000000000004,100.0,0.0,0.0,82.12,0.0,0.0,0.0,0.0,0.0,0.0,0.0,7678.4,0.0,55.0,1.0,96.26666666666667,0.0,0.0,0.0,0.0,0.0,0.0,0.0,0.0,13.11,13.11,0.0,0.0,0.0,55.0,616.79921,10000.0,85.000001,85.000001,85.000001,85.000001,395.0,0.0,0.0,0.0,1.0,166.665,67.2,67.2,67.062,67.062,34.0,-8.692500000000003,0.0,-81.92333333333333,-16.6975,0.0,1769.83,96.735,100.0,25.162,10.275,37.742,14.535,0.0,0.0,38.47666666666667,0.0,0.0,0.0,0.0,4519.75,0.0,4478.375,1294.1,302.444,315.0,315.0095,321.86525,24.3145,21.5269,24.1738,23.0433,314.999998,314.999998,324.999988,324.999988,99.62754285714286,99.52621666666667,99.62697142857142,99.5806,-5.301333333333334,0.0,-2.6411666666666664,-2.5705,-0.10000000000000142,0.0,-0.6275,-0.6499999999999999,52.966,35.5435,52.086,45.0205,80.74,44.953,77.284,62.7145,77.517,43.1865,75.72,60.4935,75.443,42.1535,75.3475,59.387,7.667,-7.65,0.084425,0.102525,0.0,85.91,6.905000000000001,83.64333333333333,80.59666666666666,0.0,0.0
263,0.0,0.0,0.0,1.0,1.0,0.0,0.0,1.0,0.0,100.0,1.0,1.1856,26.0,0.0,0.0,0.0,57.999998,0.0,26.0,26.0,26.0,26.0,-1.9863333333333335,0.4204000000000001,0.18430000000000002,309.113,-2.2935499999999998,-3.438625,-0.41279999999999994,-2.3362,-198.34,150.74,188.891375,0.0,0.0,0.0,0.0,0.3398,-5.498166666666667,-5.498166666666667,-1.7137,1.8573333333333335,1.073,6.612,26.851,-0.1073,-0.106575,41.891999999999996,100.0,0.0,0.0,84.81,0.0,0.0,0.0,0.0,0.0,0.0,0.0,7930.0,0.0,55.0,1.0,96.62,1.0,0.0,0.0,0.0,0.0,0.0,0.0,0.0,13.158,13.158,0.0,0.0,1.0,55.0,616.79921,10000.0,85.000001,85.000001,85.000001,85.000001,395.0,0.0,0.0,0.0,1.0,333.33500000000004,65.857,65.857,65.384,65.384,34.0,-3.7250000000000014,0.0,-67.55333333333333,-12.432500000000001,0.0,1769.781,98.13,100.0,25.683,10.344,38.938,15.52,0.0,0.0,42.083333333333336,0.0,0.0,0.0,0.0,4221.875,0.0,3991.5,1718.0,303.058,315.0,315.91325,320.905,24.3245,21.5296,24.1821,23.0482,314.999998,314.999998,324.999988,324.999988,99.62791428571428,99.52621666666667,99.62715714285714,99.58067142857143,-5.417333333333334,0.0,-2.6525,-2.5381666666666667,-0.22500000000000142,0.0,1.5465,4.6205,53.028,35.56,52.138,45.0515,80.863,44.9335,77.32300000000001,62.7245,77.635,43.1685,75.76,60.503,75.554,42.136,75.3875,59.395,7.7605,-7.75,0.09950500000000001,0.11940500000000001,0.0,86.15,6.905000000000001,85.24000000000001,84.38333333333333,0.0,0.0
264,0.0,0.0,0.0,1.0,1.0,0.0,0.0,1.0,0.0,100.0,1.0,1.1856,26.0,0.0,0.0,0.0,57.999998,0.0,26.0,26.0,26.0,26.0,-1.873888888888889,-0.1038,0.02645,309.937,-2.36815,-3.38,-0.4727,-2.2503,-197.5,151.72,188.858375,0.0,0.0,0.0,0.0,0.3405666666666667,-5.498166666666667,-5.498166666666667,-1.7088,-0.43399999999999994,1.0974444444444444,-1.777,26.852,-0.013600000000000001,-0.116025,40.636,100.0,0.0,0.0,83.33666666666667,0.0,0.0,0.0,0.0,0.0,0.0,0.0,7792.0,0.0,55.0,1.0,96.66666666666667,0.0,0.0,0.0,0.0,0.0,0.0,0.0,0.0,13.206,13.206,0.0,0.0,0.0,55.0,616.79921,10000.0,85.000001,85.000001,85.000001,85.000001,395.0,0.0,0.0,0.0,1.0,166.665,66.559,66.559,66.971,66.971,34.0,-7.447499999999998,0.0,-68.65666666666667,-13.684999999999999,0.0,1769.734,98.0,100.0,24.949,10.414,37.998,16.528,0.0,0.0,35.405,0.0,0.0,0.0,0.0,4143.5,0.0,3730.75,1207.0,303.451,315.0,316.5865,321.96675,24.3343,21.5322,24.1903,23.0532,314.999998,314.999998,324.999988,324.999988,99.62822857142856,99.52621666666667,99.62728571428572,99.58074285714285,-5.236666666666666,0.0,-2.2663333333333333,-2.154,-0.1316666666666677,0.0,0.4085000000000001,1.416,53.089,35.5765,52.189,45.082499999999996,80.969,44.9135,77.3435,62.7325,77.735,43.1505,75.781,60.5105,75.647,42.119,75.408,59.401,7.777000000000001,-7.7635000000000005,0.09037,0.10837000000000001,0.0,86.115,6.905000000000001,84.35333333333332,82.31666666666666,0.0,0.0
265,0.0,0.0,0.0,1.0,1.0,0.0,0.0,1.0,0.0,100.0,1.0,1.1856,26.0,0.0,0.0,0.0,57.999998,0.0,26.0,26.0,26.0,26.0,-2.525777777777778,-0.19609999999999994,0.3138,307.358,-2.4554,-3.124875,-0.5062,-2.1814999999999998,-196.57,152.7325,188.82375,0.0,0.0,0.0,0.0,0.34140000000000004,-5.498166666666667,-5.498166666666667,-1.7113,1.9426666666666668,1.128111111111111,0.23099999999999987,26.915,-0.0085,-0.145475,44.012,100.0,0.0,0.0,82.60666666666667,0.0,0.0,0.0,0.0,0.0,0.0,0.0,7723.9,0.0,55.0,1.0,96.92,1.0,0.0,0.0,0.0,0.0,0.0,0.0,0.0,13.257,13.257,0.0,0.0,1.0,55.0,616.79921,10000.0,85.000001,85.000001,85.000001,85.000001,395.0,0.0,0.0,0.0,1.0,333.33500000000004,61.6,61.6,65.094,65.094,34.0,-15.5775,0.0519999999999996,-66.4,-27.6725,0.0,1769.682,97.12,100.0,25.635,10.936,37.393,16.36,0.0,0.0,0.0,0.0,0.0,0.0,0.0,4798.125,294.4000000000001,3686.375,2042.8,301.484,313.6413333333333,316.684,320.367,24.3449,21.5351,24.1989,23.0584,314.999998,314.999998,324.999988,324.999988,99.62861428571429,99.52635,99.62744285714285,99.58081428571428,-5.029,-4.886,-2.5028333333333337,-2.3745,-0.20333333333332604,-84.97666666666666,0.09850000000000003,0.9704999999999999,53.155,35.594,52.243,45.115,81.093,45.0085,77.3665,62.736,77.853,43.237,75.8055,60.514,75.756,42.2,75.4315,59.403666666666666,7.6995000000000005,-7.6975,0.092835,0.11322000000000002,0.0,86.59,13.289999999999992,84.08,81.13333333333333,0.0,0.0
266,0.0,0.0,0.0,1.0,1.0,0.0,0.0,1.0,0.0,100.0,1.0,1.1856,26.0,0.0,0.0,0.0,57.999998,0.0,26.0,26.0,26.0,26.0,-1.9674444444444443,-0.1775,0.1673,308.578,-2.24415,-3.419375,-0.42745,-2.2923,-195.61,153.7025,188.79225,0.0,0.0,0.0,0.0,0.3422,-5.498166666666667,-5.498166666666667,-1.6269,3.4526666666666666,1.0022222222222221,-0.19300000000000006,26.845,0.0354,-0.1689,47.746,100.0,0.0,0.0,83.69333333333333,0.0,0.0,0.0,0.0,0.0,0.0,0.0,7825.4,0.0,55.0,1.0,96.64333333333333,0.0,0.0,0.0,0.0,0.0,0.0,0.0,0.0,13.308,13.308,0.0,0.0,0.0,55.0,616.79921,10000.0,85.000001,85.000001,85.000001,85.000001,395.0,0.0,0.0,0.0,1.0,166.665,63.522,63.522,66.65,66.65,34.0,-47.9,0.0,-69.55333333333333,-13.21,0.0,1769.632,87.305,100.0,27.025,11.265,37.437,16.241,0.0,0.0,60.33,0.0,0.0,0.0,0.0,4441.625,0.0,3855.75,1154.3999999999999,302.4515,315.0,316.30525,322.20475,24.3557,21.5379,24.2076,23.0635,314.999998,314.999998,324.999988,324.999988,99.62895714285715,99.52643333333333,99.6276,99.58087142857143,-3.974666666666667,0.0,-2.5500000000000003,-2.4605,-0.11333333333332973,0.0,0.43100000000000005,1.633,53.223,35.6115,52.297,45.147,81.204,45.066,77.3905,62.733,77.959,43.2895,75.8305,60.511,75.855,42.2485,75.456,59.400333333333336,7.0115,-7.022500000000001,0.08504500000000001,0.11342,0.0,86.765,18.02499999999999,84.82666666666667,82.56,0.0,0.0
267,0.0,0.0,0.0,1.0,1.0,0.0,0.0,1.0,0.0,100.0,1.0,1.1856,26.0,0.0,0.0,0.0,57.999998,0.0,26.0,26.0,26.0,26.0,-1.8973333333333335,0.6442000000000001,0.07780000000000001,308.228,-2.2409499999999998,-3.068375,-0.6715,-2.1189999999999998,-194.66,154.5825,188.763375,0.0,0.0,0.0,0.0,0.34296666666666664,-5.498166666666667,-5.498166666666667,-1.4671,3.7506666666666666,1.075,-0.2929999999999999,27.062,-0.1784,-0.087075,46.483999999999995,100.0,0.0,0.0,86.04333333333332,0.0,0.0,0.0,0.0,0.0,0.0,0.0,8045.3,0.0,55.0,1.0,97.35666666666667,1.0,0.0,0.0,0.0,0.0,0.0,0.0,0.0,13.356,13.356,0.0,0.0,1.0,55.0,616.79921,10000.0,85.000001,85.000001,85.000001,85.000001,395.0,0.0,0.0,0.0,1.0,333.33500000000004,64.545,64.545,64.545,64.545,34.0,-40.585,0.0,-51.32666666666667,-17.29,0.0,1769.582,80.315,100.0,24.783,10.969999999999999,36.687,17.375,0.0,0.0,58.641666666666666,0.0,0.0,0.0,0.0,3818.375,0.0,3768.125,2354.4,304.6675,315.0,316.759,319.38125,24.3654,21.5405,24.2157,23.0685,314.999998,314.999998,324.999988,324.999988,99.62918571428571,99.52643333333333,99.62777142857144,99.58097142857143,-3.8866666666666667,0.0,-2.945,-2.856,-0.15500000000000114,0.0,2.5355,5.0655,53.284,35.628,52.348,45.178,81.267,45.046,77.4245,62.7585,78.019,43.271,75.865,60.5355,75.91,42.231,75.49,59.422666666666665,6.4045000000000005,-6.4190000000000005,0.09767500000000001,0.11770000000000001,0.0,87.325,18.02499999999999,86.81333333333333,85.27666666666667,0.0,0.0
268,0.0,0.0,0.0,1.0,1.0,0.0,0.0,1.0,0.0,100.0,1.0,1.1856,26.0,0.0,0.0,0.0,57.999998,0.0,26.0,26.0,26.0,26.0,-1.9795555555555555,0.6774,0.20980000000000001,307.693,-2.3399,-3.5565,-0.50265,-2.2613000000000003,-193.61,155.4925,188.73525,0.0,0.0,0.0,0.0,0.3438,-5.498166666666667,-5.498166666666667,-1.3664,2.2203333333333335,0.9736666666666667,1.1840000000000002,27.341,-0.2121,-0.13825,43.050000000000004,100.0,0.0,0.0,86.97333333333333,0.0,0.0,0.0,0.0,0.0,0.0,0.0,8132.2,0.0,55.0,1.0,98.37,0.0,0.0,0.0,0.0,0.0,0.0,0.0,0.0,13.407,13.407,0.0,0.0,0.0,55.0,616.79921,10000.0,85.000001,85.000001,85.000001,85.000001,395.0,0.0,0.0,0.0,1.0,333.33500000000004,65.475,65.475,63.019,63.019,34.0,-43.6575,0.0,-65.46333333333334,-11.705000000000002,0.0,1769.532,76.04,100.0,25.128,10.690999999999999,38.935,18.619999999999997,0.0,0.0,57.766666666666666,0.0,0.0,0.0,0.0,3887.625,0.0,4173.5,1965.6999999999998,304.1005,315.0,315.4325,320.1155,24.3759,21.5433,24.2246,23.0739,314.999998,314.999998,324.999988,324.999988,99.62944285714286,99.52643333333333,99.62798571428571,99.58111428571429,-3.816,0.0,-2.8221666666666665,-2.7178333333333335,-0.14666666666666828,0.0,2.1165,5.6155,53.35,35.6455,52.403999999999996,45.2115,81.344,45.0245,77.479,62.7965,78.093,43.2515,75.9205,60.571,75.979,42.213,75.544,59.456,6.031000000000001,-6.035,0.09729,0.121645,0.0,87.99,18.02499999999999,87.18333333333334,86.75999999999999,0.0,0.0
269,0.0,0.0,0.0,1.0,1.0,0.0,0.0,1.0,0.0,100.0,1.0,1.1856,26.0,0.0,0.0,0.0,57.999998,0.0,26.0,26.0,26.0,26.0,-2.0644444444444443,0.08479999999999999,0.08035,307.77,-2.39995,-3.259875,-0.5116,-1.9566,-192.51999999999998,156.37,188.709125,0.0,0.0,0.0,0.0,0.34463333333333335,-5.498166666666667,-5.498166666666667,-1.2418,3.4210000000000003,1.0110000000000001,-2.239,27.477999999999998,-0.2949,-0.0722,42.636,100.0,0.0,0.0,85.97,0.0,0.0,0.0,0.0,0.0,0.0,0.0,8038.5,0.0,55.0,1.0,98.9,1.0,0.0,0.0,0.0,0.0,0.0,0.0,0.0,13.458,13.458,0.0,0.0,1.0,55.0,616.79921,10000.0,85.000001,85.000001,85.000001,85.000001,395.0,0.0,0.0,0.0,1.0,333.33500000000004,64.865,64.865,62.79,62.79,34.0,-48.115,0.0,-59.54666666666667,-32.44,0.0,1769.482,67.41,100.0,24.346,10.962,37.929,17.712,0.0,0.0,63.22,0.0,0.0,0.0,0.0,3562.625,0.0,3686.875,2486.9,305.056,315.0,316.62325,319.45925,24.3863,21.546,24.2332,23.079,314.999998,314.999998,324.999988,324.999988,99.62968571428571,99.52658333333333,99.62817142857143,99.5812,-3.4323333333333332,0.0,-2.9513333333333334,-2.8418333333333337,-0.060000000000002274,0.0,0.9474999999999998,2.2175,53.414,35.663,52.458,45.244,81.408,45.12,77.518,62.816,78.154,43.339,75.96,60.5895,76.035,42.294,75.5825,59.47266666666667,5.453,-5.4635,0.09770500000000001,0.11177500000000001,0.0,88.535,25.450000000000003,87.09,84.85,0.0,0.0
270,0.0,0.0,0.0,1.0,1.0,0.0,0.0,1.0,0.0,100.0,1.0,1.1856,26.0,0.0,0.0,0.0,57.999998,0.0,26.0,26.0,26.0,26.0,-1.9794444444444443,0.6449,0.1646,306.885,-2.2267,-3.476375,-0.584,-2.5296000000000003,-191.45999999999998,157.1625,188.686125,0.0,0.0,0.0,0.0,0.34540000000000004,-5.498166666666667,-5.498166666666667,-1.1841000000000002,1.2803333333333333,0.795222222222222,1.9450000000000003,27.733999999999998,-0.27030000000000004,-0.133125,39.653999999999996,100.0,0.0,0.0,88.93666666666667,0.0,0.0,0.0,0.0,0.0,0.0,0.0,8315.8,0.0,55.0,1.0,99.78999999999999,0.0,0.0,0.0,0.0,0.0,0.0,1.0,0.0,13.506,13.506,0.0,0.0,0.0,55.0,616.79921,10000.0,85.000001,85.000001,85.000001,85.000001,395.0,0.0,0.0,0.0,1.0,333.33500000000004,64.621,64.621,60.165,60.165,34.0,-65.0175,0.0,-65.65,-4.342500000000001,0.0,1769.432,65.04,100.0,24.588,10.633,40.985,18.537,0.0,0.0,67.13166666666666,0.0,0.0,0.0,0.0,4262.125,0.0,4330.625,1168.1,302.9505,315.0,314.63,321.91575,24.3961,21.5487,24.2417,23.084,314.999998,314.999998,324.999988,324.999988,99.6299,99.52658333333333,99.6284,99.58131428571429,-3.3183333333333334,0.0,-2.7026666666666666,-2.6051666666666664,-0.18666666666666742,0.0,2.7475,6.5425,53.476,35.6795,52.51,45.275,81.468,45.109,77.574,62.8435,78.211,43.329,76.0165,60.6155,76.087,42.2845,75.638,59.49666666666667,5.1610000000000005,-5.178,0.10608000000000001,0.11590500000000001,0.0,89.08,26.185000000000002,88.93666666666667,88.93666666666667,0.0,0.0
271,0.0,0.0,0.0,1.0,1.0,0.0,0.0,1.0,0.0,100.0,1.0,1.1856,26.0,0.0,0.0,0.0,57.999998,0.0,26.0,26.0,26.0,26.0,-1.958222222222222,0.8310000000000002,0.21935000000000002,307.465,-2.42315,-3.6426250000000002,-0.6577500000000001,-2.1722,-190.29,157.975,188.663375,0.0,0.0,0.0,0.0,0.34623333333333334,-5.498166666666667,-5.498166666666667,-1.1255,0.018000000000000016,0.9257777777777778,-2.3689999999999998,28.07,-0.35350000000000004,-0.111975,36.176,100.0,0.0,0.0,88.67333333333333,0.0,0.0,0.0,0.0,0.0,0.0,0.0,8291.1,0.0,55.0,1.0,100.99000000000001,1.0,0.0,0.0,0.0,0.0,0.0,1.0,0.0,13.556999999999999,13.556999999999999,0.0,0.0,1.0,55.0,616.79921,10000.0,85.000001,85.000001,85.000001,85.000001,395.0,0.0,0.0,0.0,1.0,333.33500000000004,67.719,67.719,61.554,61.554,34.0,-46.925,0.0,-56.22,-28.4675,0.0,1769.382,60.040000000000006,100.0,22.626,10.119,39.494,20.964,0.0,0.0,62.33166666666666,0.0,0.0,0.0,0.0,3288.375,0.0,3878.5,2676.8,305.9155,315.0,316.13425,317.75525,24.4063,21.5515,24.2504,23.0895,314.999998,314.999998,324.999988,324.999988,99.63008571428571,99.52658333333333,99.6286,99.58145714285715,-3.245333333333333,0.0,-2.6863333333333337,-2.6118333333333337,-0.11166666666667169,0.0,2.69,3.883,53.54,35.6965,52.565,45.3095,81.507,45.089,77.6185,62.891,78.249,43.31,76.062,60.6605,76.122,42.2665,75.682,59.538666666666664,4.752,-4.7515,0.10212,0.12314000000000001,0.0,89.95,26.185000000000002,89.36333333333333,87.98333333333332,0.0,0.0
272,0.0,0.0,0.0,1.0,1.0,0.0,0.0,1.0,0.0,100.0,1.0,1.1856,26.0,0.0,0.0,0.0,57.999998,0.0,26.0,26.0,26.0,26.0,-2.167222222222222,0.4839,-0.02715,307.877,-2.38175,-3.275125,-0.55385,-2.1765,-189.09,158.76,188.641125,0.0,0.0,0.0,0.0,0.3471,-5.498166666666667,-5.498166666666667,-1.1387,1.2233333333333334,0.7996666666666667,-2.11,28.278,-0.3592,-0.1252,36.79600000000001,100.0,0.0,0.0,88.40666666666667,0.0,0.0,0.0,0.0,0.0,0.0,0.0,8266.1,0.0,55.0,1.0,101.77,0.0,0.0,0.0,0.0,0.0,0.0,1.0,0.0,13.608,13.608,0.0,0.0,0.0,55.0,616.79921,10000.0,85.000001,85.000001,85.000001,85.000001,395.0,0.0,0.0,0.0,1.0,333.33500000000004,65.475,65.475,62.195,62.195,34.0,-60.9825,0.0,-60.94,-12.6725,0.0,1769.332,56.61,100.0,22.848,10.315999999999999,38.575,19.795,0.0,0.0,0.0,0.0,0.0,0.0,0.0,3743.0,0.0,3709.875,1689.7,304.409,314.687,316.57075,321.04425,24.4167,21.5542,24.259,23.0947,314.999998,314.999998,324.999988,324.999988,99.63028571428572,99.5267,99.62878571428571,99.58157142857142,-3.0406666666666666,0.0,-2.7131666666666665,-2.5705,-0.054999999999999716,0.0,1.478,4.502000000000001,53.604,35.714,52.619,45.342,81.55799999999999,45.1675,77.655,62.911,78.297,43.3815,76.099,60.68,76.166,42.333,75.718,59.556333333333335,4.5275,-4.54,0.10195000000000001,0.11400500000000001,0.0,90.66499999999999,33.120000000000005,88.75999999999999,88.05,0.0,0.0
273,0.0,0.0,0.0,1.0,1.0,0.0,0.0,1.0,0.0,100.0,1.0,1.1856,26.0,0.0,0.0,0.0,57.999998,0.0,26.0,26.0,26.0,26.0,-2.084777777777778,0.025100000000000122,0.0713,307.999,-2.3161,-3.368875,-0.51445,-2.3647,-187.85,159.505,188.619125,0.0,0.0,0.0,0.0,0.34793333333333337,-5.498166666666667,-5.498166666666667,-1.12,1.502,0.6687777777777777,-1.149,28.381999999999998,-0.2831,-0.1257,36.19,100.0,0.0,0.0,87.94333333333333,0.0,0.0,0.0,0.0,0.0,0.0,0.0,8222.9,0.0,55.0,1.0,102.19333333333333,1.0,0.0,0.0,0.0,0.0,0.0,1.0,0.0,13.658999999999999,13.658999999999999,0.0,0.0,1.0,55.0,616.79921,10000.0,85.000001,85.000001,85.000001,85.000001,395.0,0.0,0.0,0.0,1.0,166.665,64.362,64.362,61.951,61.951,34.0,-76.45,0.0519999999999996,-69.08,-8.635000000000002,0.0,1769.282,53.07000000000001,100.0,23.125,10.366999999999999,38.528999999999996,18.358,0.0,0.0,0.0,0.0,0.0,0.0,0.0,4071.0,476.5,3823.5,963.3,303.659,313.49733333333336,316.4045,322.52025,24.4271,21.557,24.2677,23.0998,314.999998,314.999998,324.999988,324.999988,99.63047142857143,99.5268,99.62895714285715,99.58162857142857,-2.6256666666666666,-2.551,-2.521166666666667,-2.3918333333333335,-0.09499999999999886,-55.96,0.3174999999999999,3.018,53.67,35.7315,52.673,45.374,81.601,45.233,77.6875,62.917,78.339,43.4415,76.1325,60.6855,76.204,42.3885,75.75,59.561,4.1915000000000004,-4.208,0.09341500000000001,0.11442000000000001,0.0,91.075,39.989999999999995,88.39666666666668,87.49000000000001,0.0,0.0
274,0.0,0.0,0.0,1.0,1.0,0.0,0.0,1.0,0.0,100.0,1.0,1.1856,26.0,0.0,0.0,0.0,57.999998,0.0,26.0,26.0,26.0,26.0,-2.158555555555556,-0.3296,0.1437,307.602,-2.2548,-3.602875,-0.52835,-2.1544,-186.59,160.2075,188.597875,0.0,0.0,0.0,0.0,0.3488,-5.498166666666667,-5.498166666666667,-1.1007,-1.0499999999999998,0.5664444444444443,-2.974,28.198999999999998,-0.1292,-0.14415,33.422,100.0,0.0,0.0,87.34666666666666,0.0,0.0,0.0,0.0,0.0,0.0,0.0,8167.1,0.0,55.0,1.0,101.55333333333333,0.0,0.0,0.0,0.0,0.0,0.0,1.0,0.0,13.71,13.71,0.0,0.0,0.0,55.0,616.79921,10000.0,85.000001,85.000001,85.000001,85.000001,395.0,0.0,0.0,0.0,1.0,166.665,64.987,64.987,62.958,62.958,34.0,-84.53999999999999,0.0,-70.46333333333334,-34.0,0.0,1769.23,44.815,100.0,23.619,10.536999999999999,38.909,17.395,0.0,0.0,100.0,0.0,0.0,0.0,0.0,4066.25,0.0,3805.125,2502.4,303.6565,315.0,316.3305,318.84175,24.4375,21.5599,24.2765,23.105,314.999998,314.999998,324.999988,324.999988,99.63062857142857,99.52693333333333,99.62911428571428,99.58168571428571,-1.895,0.0,-2.0493333333333337,-1.9178333333333333,0.0033333333333303017,0.0,-0.6735000000000002,-0.4445000000000001,53.735,35.7495,52.728,45.406,81.625,45.341499999999996,77.711,62.91,78.362,43.54,76.157,60.679,76.225,42.48,75.774,59.553666666666665,3.6370000000000005,-3.665,0.08207500000000001,0.10157000000000001,0.0,90.43,52.735,88.03666666666666,86.65666666666667,0.0,0.0
275,0.0,0.0,0.0,1.0,1.0,0.0,0.0,1.0,0.0,100.0,1.0,1.1856,26.0,0.0,0.0,0.0,57.999998,0.0,26.0,26.0,26.0,26.0,-1.806,-0.1885,-0.03715,309.204,-2.2685,-3.5063750000000002,-0.5744499999999999,-2.1493,-185.39,160.8275,188.57925,0.0,0.0,0.0,0.0,0.3496,-5.498166666666667,-5.498166666666667,-1.0925,0.853,0.5632222222222221,1.275,28.229,-0.1331,-0.13620000000000002,32.968,100.0,0.0,0.0,86.02666666666667,0.0,0.0,0.0,0.0,0.0,0.0,0.0,8043.5,0.0,55.0,1.0,101.65,1.0,0.0,0.0,0.0,0.0,0.0,1.0,0.0,13.758,13.758,0.0,0.0,1.0,55.0,616.79921,10000.0,85.000001,85.000001,85.000001,85.000001,395.0,0.0,0.0,0.0,1.0,333.33500000000004,65.704,65.704,64.499,64.499,34.0,-65.32,0.0,-62.980000000000004,-24.362499999999997,0.0,1769.18,39.305,100.0,23.863,10.844999999999999,36.978,16.858,0.0,0.0,0.0,0.0,0.0,0.0,0.0,3299.75,0.0,3494.0,1958.1999999999998,305.598,315.0,317.21,320.6045,24.447400000000002,21.5626,24.2845,23.1097,314.999998,314.999998,324.999988,324.999988,99.63074285714286,99.527,99.62922857142857,99.58172857142857,-1.478,0.0,-2.1193333333333335,-1.95,0.006666666666667709,0.0,-0.5430000000000001,-0.278,53.796,35.766,52.778,45.436,81.634,45.3925,77.7235,62.9065,78.371,43.586,76.1705,60.6755,76.232,42.522,75.787,59.54966666666667,3.1755000000000004,-3.202,0.09815,0.10593500000000002,0.0,90.575,62.31,87.21666666666667,84.83333333333333,0.0,0.0
276,0.0,0.0,0.0,1.0,1.0,0.0,0.0,1.0,0.0,100.0,1.0,1.1856,26.0,0.0,0.0,0.0,57.999998,0.0,26.0,26.0,26.0,26.0,-1.6011111111111112,-0.5794999999999999,0.0142,308.655,-2.20525,-3.4635000000000002,-0.548,-2.1315,-184.17000000000002,161.41,188.560125,0.0,0.0,0.0,0.0,0.3504,-5.498166666666667,-5.498166666666667,-1.1651,-1.1346666666666665,0.45599999999999996,-1.5030000000000001,28.006,-0.0726,-0.185,30.619999999999997,100.0,0.0,0.0,85.13333333333333,0.0,0.0,0.0,0.0,0.0,0.0,0.0,7960.1,0.0,55.0,1.0,100.88333333333333,0.0,0.0,0.0,0.0,0.0,0.0,1.0,0.0,13.806000000000001,13.806000000000001,0.0,0.0,0.0,55.0,616.79921,10000.0,85.000001,85.000001,85.000001,85.000001,395.0,0.0,0.0,0.0,1.0,166.665,62.454,62.454,65.735,65.735,34.0,-82.27000000000001,-0.07600000000000051,-58.56666666666667,-12.067499999999999,0.0,1769.134,35.725,100.0,23.877,12.031,35.722,16.868000000000002,0.0,0.0,0.0,0.0,0.0,0.0,0.0,4275.25,880.5999999999999,3323.0,1249.8999999999999,303.0865,312.2753333333333,317.52475,322.119,24.457,21.5653,24.2925,23.1145,314.999998,314.999998,324.999988,324.999988,99.63081428571428,99.5271,99.62932857142857,99.58178571428572,-1.1276666666666666,-1.068,-1.814,-1.6426666666666667,0.021666666666668277,-8.98166666666667,-0.6455000000000002,-0.5985,53.856,35.783,52.828,45.466,81.628,45.4485,77.726,62.8965,78.366,43.6365,76.174,60.6665,76.226,42.569,75.79,59.540333333333336,2.827,-2.8674999999999997,0.08493500000000001,0.09633000000000001,0.0,89.685,81.125,86.30333333333333,83.96333333333334,0.0,0.0
277,0.0,0.0,0.0,1.0,1.0,0.0,0.0,1.0,0.0,100.0,1.0,1.1856,26.0,0.0,0.0,0.0,57.999998,0.0,26.0,26.0,26.0,26.0,-1.0061111111111112,1.1027,-0.009000000000000001,309.494,-2.45305,-3.29875,-0.7787,-2.0004,-182.78,162.03,188.540875,0.0,0.0,0.0,0.0,0.35126666666666667,-5.498166666666667,-5.498166666666667,-1.0196,5.774,0.6556666666666666,5.815,28.316,-0.26990000000000003,-0.16515000000000002,31.498000000000005,100.0,0.0,0.0,93.93,0.0,0.0,0.0,0.0,0.0,0.0,0.0,8782.6,0.0,55.0,1.0,101.83,1.0,0.0,0.0,0.0,0.0,0.0,1.0,0.0,13.86,13.86,0.0,0.0,1.0,55.0,616.79921,10000.0,85.000001,85.000001,85.000001,85.000001,395.0,0.0,0.0,0.0,1.0,166.665,65.918,65.918,63.995,63.995,34.0,-40.11,-2.0319999999999965,-16.733333333333334,-1.870000000000001,0.0,1769.08,30.505000000000003,100.0,23.218,13.718,34.401,17.953,0.0,0.0,100.0,0.0,0.0,0.0,0.0,2243.5,553.7999999999997,3192.5,2376.3,308.3555,313.47866666666664,317.8065,319.506,24.4678,21.5684,24.3015,23.12,314.999998,314.999998,324.999988,324.999988,99.63088571428571,99.52711666666667,99.62952857142857,99.58191428571429,-1.17,-1.119,-2.3196666666666665,-2.1421666666666668,-0.15166666666667084,-0.2916666666666714,6.484500000000001,9.600000000000001,53.924,35.803,52.884,45.5,81.613,45.449,77.7615,62.9305,78.352,43.637,76.2105,60.699,76.212,42.5685,75.825,59.57,2.46,-2.4965,0.11213000000000001,0.12162,0.0,90.83500000000001,88.005,93.93,93.93,0.0,0.0
278,0.0,0.0,0.0,1.0,1.0,0.0,0.0,1.0,0.0,100.0,1.0,1.1856,26.0,0.0,0.0,0.0,57.999998,0.0,26.0,26.0,26.0,26.0,-1.157888888888889,1.2918000000000003,0.0857,309.464,-2.6023,-3.112625,-0.8559,-1.8911,-181.51999999999998,162.5675,188.523875,0.0,0.0,0.0,0.0,0.3520666666666667,-5.498166666666667,-5.498166666666667,-0.8421000000000001,2.014666666666667,0.6059999999999999,-6.657,28.894,-0.4879,-0.06085,28.759999999999998,100.0,0.0,0.0,96.03333333333333,0.0,0.0,0.0,0.0,0.0,0.0,0.0,8979.2,0.0,55.0,1.0,103.89666666666668,0.0,0.0,0.0,0.0,0.0,0.0,1.0,0.0,13.908,13.908,0.0,0.0,0.0,55.0,616.79921,10000.0,85.000001,85.000001,85.000001,85.000001,395.0,0.0,0.0,0.0,1.0,166.665,69.229,69.229,60.989,60.989,34.0,-40.49,-2.6679999999999993,-16.733333333333334,-1.545,0.0,1769.033,30.095,100.0,18.16,11.934,34.019,21.532,0.0,0.0,100.0,0.0,0.0,0.0,0.0,2233.0,375.9000000000001,4066.625,2660.0,308.8765,313.69533333333334,315.9815,318.637,24.4765,21.5712,24.3096,23.1254,314.999998,314.999998,324.999988,324.999988,99.63092857142857,99.52713333333334,99.62978571428572,99.58218571428571,-1.557,-1.5274999999999999,-2.4446666666666665,-2.2528333333333337,-0.17166666666666686,-0.41499999999999915,7.215,9.984,53.978,35.82,52.935,45.533500000000004,81.586,45.441,77.839,63.04,78.327,43.6295,76.287,60.803,76.187,42.562,75.899,59.67,2.3834999999999997,-2.3834999999999997,0.12705000000000002,0.13335000000000002,0.0,92.325,89.695,96.03333333333333,96.03333333333333,0.0,0.0
279,0.0,0.0,0.0,1.0,1.0,0.0,0.0,1.0,0.0,100.0,1.0,1.1856,26.0,0.0,0.0,0.0,57.999998,0.0,26.0,26.0,26.0,26.0,-1.32,1.3073000000000001,0.18645,309.433,-2.3944,-3.2567500000000003,-0.7939499999999999,-2.1951,-180.14,163.12,188.506125,0.0,0.0,0.0,0.0,0.35296666666666665,-5.498166666666667,-5.498166666666667,-0.8467,-1.536,0.38388888888888895,0.06899999999999995,29.497999999999998,-0.5975,-0.10147500000000001,29.088,100.0,0.0,0.0,98.50999999999999,0.0,0.0,0.0,0.0,0.0,0.0,0.0,9210.8,0.0,55.0,1.0,106.09333333333333,1.0,0.0,0.0,0.0,0.0,0.0,1.0,0.0,13.959,13.959,0.0,0.0,1.0,55.0,616.79921,10000.0,85.000001,85.000001,85.000001,85.000001,395.0,0.0,0.0,0.0,1.0,166.665,70.129,70.129,61.783,61.783,34.0,-60.557500000000005,0.0,-18.226666666666667,0.42249999999999943,0.0,1768.982,29.595,100.0,18.277,9.381,36.55,22.098,0.0,0.0,100.0,0.0,0.0,0.0,0.0,3094.0,0.0,4071.25,2060.2,306.428,315.0,315.39425,319.65625,24.4863,21.574,24.3186,23.1309,314.999998,314.999998,324.999988,324.999988,99.63101428571429,99.52713333333334,99.63014285714286,99.58244285714285,-1.7963333333333333,0.0,-2.6895000000000002,-2.5258333333333334,-0.16499999999999915,0.0,6.9735,11.282,54.039,35.8375,52.991,45.568,81.579,45.422,77.947,63.142,78.321,43.6125,76.394,60.9,76.18,42.5455,76.0025,59.76133333333333,2.3345000000000002,-2.3295000000000003,0.12184,0.12215500000000001,0.0,94.115,90.3,97.84,99.17666666666666,0.0,0.0
280,0.0,0.0,0.0,1.0,1.0,0.0,0.0,1.0,0.0,100.0,1.0,1.1856,26.0,0.0,0.0,0.0,57.999998,0.0,26.0,26.0,26.0,26.0,-1.3176666666666668,1.1815000000000002,0.00545,309.006,-2.45755,-3.333375,-0.77145,-1.9431,-178.72,163.6525,188.48925,0.0,0.0,0.0,0.0,0.3538333333333334,-5.498166666666667,-5.498166666666667,-0.8285,2.396333333333333,0.33499999999999996,-3.424,29.987000000000002,-0.7628,-0.11610000000000001,33.052,100.0,0.0,0.0,100.9,0.0,0.0,0.0,0.0,0.0,0.0,0.0,9434.3,0.0,55.0,1.0,107.86666666666667,0.0,0.0,0.0,0.0,0.0,0.0,0.0,0.0,14.01,14.01,0.0,0.0,0.0,55.0,616.79921,10000.0,85.000001,85.000001,85.000001,85.000001,395.0,0.0,0.0,0.0,1.0,166.665,68.55799999999999,68.55799999999999,61.523,61.523,34.0,-55.2525,-3.6499999999999986,-5.56666666666667,1.0649999999999995,0.0,1768.931,24.785000000000004,100.0,18.909,10.468,35.95,21.622,0.0,0.0,100.0,0.0,0.0,0.0,0.0,2839.875,474.2999999999997,3808.625,2425.7,306.88,313.148,316.49225,319.289,24.4962,21.5769,24.3273,23.1363,314.999998,314.999998,324.999988,324.999988,99.6311,99.52715,99.63044285714285,99.58268571428572,-1.576,-1.548,-3.095,-2.922,-0.15333333333332888,-0.26500000000000057,8.344000000000001,11.450000000000001,54.101,35.8555,53.045,45.602000000000004,81.577,45.423,78.0415,63.239,78.319,43.6135,76.4875,60.992,76.176,42.5465,76.0935,59.849,2.0275,-2.0330000000000004,0.11646500000000001,0.1262,0.0,95.94,93.015,100.9,100.9,0.0,0.0
281,0.0,0.0,0.0,1.0,1.0,0.0,0.0,1.0,0.0,100.0,1.0,1.1856,26.0,0.0,0.0,0.0,57.999998,0.0,26.0,26.0,26.0,26.0,-1.2526666666666666,0.8728,-0.1769,310.913,-2.394,-3.418125,-0.69025,-2.0236,-177.35,164.135,188.474,0.0,0.0,0.0,0.0,0.3547,-5.498166666666667,-5.498166666666667,-0.7878000000000001,-0.06966666666666677,0.2168888888888889,0.7250000000000001,30.473,-0.9810000000000001,-0.07115,31.338,100.0,0.0,0.0,100.66666666666666,0.0,0.0,0.0,0.0,0.0,0.0,0.0,9412.4,0.0,55.0,1.0,109.68,1.0,0.0,0.0,0.0,0.0,0.0,0.0,0.0,14.058,14.058,0.0,0.0,1.0,55.0,616.79921,10000.0,85.000001,85.000001,85.000001,85.000001,395.0,0.0,0.0,0.0,1.0,166.665,71.152,71.152,61.813,61.813,34.0,-48.17,0.0,-24.25,0.8424999999999994,0.0,1768.882,22.35,100.0,17.837,8.886,36.704,21.183,0.0,0.0,19.663333333333334,0.0,0.0,0.0,0.0,2551.75,0.0,3645.5,1172.5,307.854,315.0,316.705,322.075,24.5053,21.5796,24.3357,23.1414,314.999998,314.999998,324.999988,324.999988,99.63118571428572,99.52715,99.63081428571428,99.58291428571428,-1.8196666666666665,0.0,-3.4236666666666666,-3.2798333333333334,-0.10666666666666913,0.0,5.0555,12.089500000000001,54.158,35.8725,53.098,45.634,81.56700000000001,45.403999999999996,78.157,63.332,78.31,43.596000000000004,76.6025,61.081,76.167,42.53,76.2055,59.93333333333333,1.7785000000000002,-1.7680000000000002,0.10792,0.108965,0.0,97.32,93.34,98.37666666666667,102.95666666666666,0.0,0.0
282,0.0,0.0,0.0,1.0,1.0,0.0,0.0,1.0,0.0,100.0,1.0,1.1856,26.0,0.0,0.0,0.0,57.999998,0.0,26.0,26.0,26.0,26.0,-1.5465555555555555,1.1568,0.1262,309.326,-2.359,-3.43575,-0.7368,-2.0754,-175.95,164.59,188.456125,0.0,0.0,0.0,0.0,0.35556666666666664,-5.498166666666667,-5.498166666666667,-0.8450000000000001,-1.891,0.10588888888888892,-6.107,30.906,-1.0207,-0.09280000000000001,28.08,100.0,0.0,0.0,102.66333333333333,0.0,0.0,0.0,0.0,0.0,0.0,0.0,9599.2,0.0,55.0,1.0,111.20666666666668,0.0,0.0,0.0,0.0,0.0,0.0,0.0,0.0,14.106,14.106,0.0,0.0,0.0,55.0,616.79921,10000.0,85.000001,85.000001,85.000001,85.000001,395.0,0.0,0.0,0.0,1.0,166.665,69.641,69.641,61.081,61.081,34.0,-63.9825,-3.064,-11.796666666666667,-0.8574999999999999,0.0,1768.834,23.020000000000003,100.0,17.611,8.674999999999999,36.966,21.424,0.0,0.0,100.0,0.0,0.0,0.0,0.0,3293.125,335.7999999999997,4117.375,2262.6,305.986,313.81666666666666,315.7385,319.561,24.5144,21.5822,24.344,23.1468,314.999998,314.999998,324.999988,324.999988,99.63128571428571,99.52716666666667,99.63112857142858,99.58314285714286,-2.0603333333333333,-2.043,-3.2638333333333334,-3.0848333333333335,-0.18833333333333258,-0.4799999999999969,7.3195,9.8585,54.215,35.889,53.15,45.6675,81.56700000000001,45.394,78.2505,63.425,78.31,43.5865,76.6955,61.169,76.166,42.521,76.2955,60.017,1.7894999999999999,-1.7755,0.12518500000000002,0.12222500000000001,0.0,98.41499999999999,95.75999999999999,102.66333333333333,102.66333333333333,0.0,0.0
283,0.0,0.0,0.0,1.0,1.0,0.0,0.0,1.0,0.0,100.0,1.0,1.1856,26.0,0.0,0.0,0.0,57.999998,0.0,26.0,26.0,26.0,26.0,-1.3947777777777777,0.9096000000000002,-0.06665,310.516,-2.25695,-3.518875,-0.63825,-2.1264000000000003,-174.32999999999998,165.0725,188.436875,0.0,0.0,0.0,0.0,0.35656666666666664,-5.498166666666667,-5.498166666666667,-0.9138000000000001,-0.7463333333333333,-0.05566666666666675,0.30000000000000027,31.360999999999997,-1.077,-0.132225,29.050000000000004,100.0,0.0,0.0,104.59333333333333,0.0,0.0,0.0,0.0,0.0,0.0,0.0,9779.5,0.0,55.0,1.0,112.87666666666667,1.0,0.0,0.0,0.0,0.0,0.0,0.0,0.0,14.16,14.16,0.0,0.0,1.0,55.0,616.79921,10000.0,85.000001,85.000001,85.000001,85.000001,395.0,0.0,0.0,0.0,1.0,166.665,70.145,70.145,62.744,62.744,34.0,-60.375,-0.13000000000000256,-12.649999999999999,0.7125000000000004,0.0,1768.78,20.54,100.0,18.692,8.322,37.387,20.277,0.0,0.0,89.88,0.0,0.0,0.0,0.0,3099.0,14.099999999999909,3614.125,1534.6,306.319,314.784,316.843,321.326,24.525,21.5852,24.3535,23.1525,314.999998,314.999998,324.999988,324.999988,99.63141428571429,99.52716666666667,99.6315,99.58337142857143,-2.0246666666666666,-2.0235000000000003,-3.3935,-3.2503333333333337,-0.13333333333332575,-0.6416666666666657,6.7115,11.161,54.281,35.9075,53.21,45.7035,81.579,45.379,78.3635,63.511,78.32300000000001,43.573,76.80799999999999,61.251,76.176,42.508,76.405,60.09433333333333,1.6445000000000003,-1.642,0.11389500000000001,0.107115,0.0,99.955,96.945,103.66333333333333,105.52333333333334,0.0,0.0
284,0.0,0.0,0.0,1.0,1.0,0.0,0.0,1.0,0.0,100.0,1.0,1.1856,26.0,0.0,0.0,0.0,57.999998,0.0,26.0,26.0,26.0,26.0,-1.5384444444444445,0.9660000000000002,-0.0323,310.455,-2.22985,-3.4907500000000002,-0.7201500000000001,-2.0010000000000003,-172.87,165.4725,188.417375,0.0,0.0,0.0,0.0,0.3574333333333334,-5.498166666666667,-5.498166666666667,-0.9510000000000001,-0.8,-0.013333333333333197,0.601,31.766,-1.1668,-0.09655000000000001,27.622,100.0,0.0,0.0,104.92,0.0,0.0,0.0,0.0,0.0,0.0,0.0,9810.3,0.0,55.0,1.0,114.33666666666667,0.0,0.0,0.0,0.0,0.0,0.0,0.0,0.0,14.208,14.208,0.0,0.0,0.0,55.0,616.79921,10000.0,85.000001,85.000001,85.000001,85.000001,395.0,0.0,0.0,0.0,1.0,166.665,69.901,69.901,64.56,64.56,34.0,-67.34,-0.4399999999999977,-10.396666666666668,-1.5999999999999996,0.0,1768.732,20.119999999999997,100.0,18.313,7.893000000000001,36.186,20.209,0.0,0.0,84.965,0.0,0.0,0.0,0.0,3432.75,58.69999999999982,3471.75,2144.7,305.408,314.6933333333333,317.1965,319.95425,24.5342,21.5879,24.3618,23.1578,314.999998,314.999998,324.999988,324.999988,99.63152857142857,99.52718333333333,99.6318,99.58358571428572,-2.1746666666666665,-2.1719999999999997,-3.4681666666666664,-3.3000000000000003,-0.14000000000000057,-1.3799999999999955,6.839,9.2275,54.339,35.924,53.261,45.736,81.586,45.359,78.4545,63.594,78.329,43.555,76.899,61.33,76.181,42.491,76.494,60.169333333333334,1.568,-1.5615,0.11722,0.11766000000000001,0.0,101.13,97.57,104.92,104.92,0.0,0.0
285,0.0,0.0,0.0,1.0,1.0,0.0,0.0,1.0,0.0,100.0,1.0,1.1856,26.0,0.0,0.0,0.0,57.999998,0.0,26.0,26.0,26.0,26.0,-1.4698888888888888,0.9364000000000001,-0.11115,311.584,-2.3296,-3.5105,-0.72475,-1.9860000000000002,-171.38,165.8475,188.39525,0.0,0.0,0.0,0.0,0.3583333333333334,-5.498166666666667,-5.498166666666667,-1.0471000000000001,-3.2973333333333334,-0.12177777777777798,-4.159000000000001,32.207,-1.1964000000000001,-0.098425,23.826,100.0,0.0,0.0,104.54333333333334,0.0,0.0,0.0,0.0,0.0,0.0,0.0,9775.0,0.0,55.0,1.0,115.94,1.0,0.0,0.0,0.0,0.0,0.0,0.0,0.0,14.256,14.256,0.0,0.0,1.0,55.0,616.79921,10000.0,85.000001,85.000001,85.000001,85.000001,395.0,0.0,0.0,0.0,1.0,333.33500000000004,71.899,71.899,63.95,63.95,34.0,-50.085,0.0,-21.636666666666663,-5.27,0.0,1768.682,21.300000000000004,100.0,16.922,7.477,35.84,20.697,0.0,0.0,65.24833333333333,0.0,0.0,0.0,0.0,2822.25,0.0,3556.5,1886.6999999999998,307.274,315.0,317.01425,320.38475,24.5433,21.5905,24.3702,23.1631,314.999998,314.999998,324.999988,324.999988,99.63162857142858,99.52718333333333,99.63211428571428,99.5838,-2.439,0.0,-3.2728333333333337,-3.0941666666666667,-0.10499999999999687,0.0,5.4755,7.4985,54.395,35.941,53.314,45.7695,81.59,45.337,78.5515,63.6785,78.334,43.535,76.99549999999999,61.4105,76.184,42.472,76.5875,60.245666666666665,1.6480000000000001,-1.626,0.108755,0.11806000000000001,0.0,102.265,97.57,104.54333333333334,104.54333333333334,0.0,0.0
286,0.0,0.0,0.0,1.0,1.0,0.0,0.0,1.0,0.0,100.0,1.0,1.1856,26.0,0.0,0.0,0.0,57.999998,0.0,26.0,26.0,26.0,26.0,-1.8844444444444446,0.7639,0.14980000000000002,309.586,-2.1173,-3.656625,-0.45524999999999993,-2.1551,-169.67000000000002,166.23,188.367625,0.0,0.0,0.0,0.0,0.35936666666666667,-5.498166666666667,-5.498166666666667,-1.1743000000000001,-0.7826666666666668,-0.3035555555555556,-0.393,32.553,-1.0295,-0.1728,25.366,100.0,0.0,0.0,105.50333333333333,0.0,0.0,0.0,0.0,0.0,0.0,0.0,9864.7,0.0,55.0,1.0,117.18,0.0,0.0,0.0,0.0,0.0,0.0,0.0,0.0,14.309999999999999,14.309999999999999,0.0,0.0,0.0,55.0,616.79921,10000.0,85.000001,85.000001,85.000001,85.000001,395.0,0.0,0.0,0.0,1.0,166.665,68.13,68.13,61.539,61.539,34.0,-79.23,-4.552,-53.74666666666667,-3.022500000000001,0.0,1768.63,22.355000000000004,100.0,19.365000000000002,8.163,37.465,18.901,0.0,0.0,92.43833333333333,0.0,0.0,0.0,0.0,3936.25,442.7999999999997,4480.0,1331.0,303.8785,313.41366666666664,314.6925,321.78875,24.5541,21.5935,24.3798,23.1688,314.999998,314.999998,324.999988,324.999988,99.63181428571428,99.52718333333333,99.63242857142858,99.58394285714286,-2.272666666666667,-2.2515,-3.039,-2.8705000000000003,-0.1633333333333269,-0.5016666666666652,3.623,7.7215,54.463,35.9595,53.374,45.805,81.624,45.327,78.638,63.7195,78.367,43.5255,77.082,61.4495,76.214,42.463,76.672,60.282333333333334,1.7680000000000002,-1.7635,0.11019500000000002,0.11789500000000001,0.0,103.51,101.07,104.63333333333333,106.37,0.0,0.0
287,0.0,0.0,0.0,1.0,1.0,0.0,0.0,1.0,0.0,100.0,1.0,1.1856,26.0,0.0,0.0,0.0,57.999998,0.0,26.0,26.0,26.0,26.0,-1.704,-0.11219999999999997,-0.26625,311.157,-2.2268499999999998,-3.65075,-0.6107499999999999,-2.0864000000000003,-168.13,166.535,188.3425,0.0,0.0,0.0,0.0,0.3603,-5.498166666666667,-5.498166666666667,-1.1436,0.358,-0.3363333333333336,-3.129,32.652,-0.9503,-0.10992500000000001,23.144000000000002,100.0,0.0,0.0,99.85666666666665,0.0,0.0,0.0,0.0,0.0,0.0,0.0,9509.0,0.0,55.0,0.0,117.61333333333333,1.0,0.0,0.0,0.0,0.0,0.0,0.0,0.0,14.358,14.358,0.0,0.0,1.0,55.0,616.79921,10000.0,85.000001,85.000001,85.000001,85.000001,395.0,0.0,0.0,0.0,1.0,166.665,69.229,69.229,65.536,65.536,34.0,-64.705,0.0,-55.77333333333333,-21.865000000000002,0.0,1768.582,21.08,100.0,19.939,8.48,35.686,18.216,0.0,0.0,0.0,0.0,0.0,0.0,0.0,3310.375,0.0,3388.625,1572.5,305.9055,314.85833333333335,317.467,321.25475,24.5636,21.5961,24.388,23.1739,314.999998,314.999998,324.999988,324.999988,99.63194285714286,99.52718333333333,99.63262857142857,99.58404285714286,-2.055,0.0,-2.7961666666666667,-2.6321666666666665,0.0,0.0,-0.01849999999999996,0.0129999999999999,54.522,35.9755,53.425,45.837,81.642,45.3165,78.6795,63.741,78.385,43.516,77.1245,61.4705,76.23,42.4535,76.713,60.30133333333333,1.6385,-1.6395,0.09535500000000001,0.106495,0.0,103.935,101.85,100.72333333333333,98.99000000000001,0.0,0.0
288,0.0,0.0,0.0,1.0,1.0,0.0,0.0,1.0,0.0,100.0,1.0,1.1856,26.0,0.0,0.0,0.0,57.999998,0.0,26.0,26.0,26.0,26.0,-1.5748888888888888,1.0420000000000003,0.12765,309.555,-2.1802,-3.672,-0.56555,-2.039,-166.57999999999998,166.8025,188.316,0.0,0.0,0.0,0.0,0.3612,-5.498166666666667,-5.498166666666667,-1.1307,0.7643333333333333,-0.37355555555555586,1.693,32.922,-0.8389000000000001,-0.11855,24.098000000000003,100.0,0.0,0.0,107.59333333333333,0.0,0.0,0.0,0.0,0.0,0.0,0.0,7624.4,0.0,55.0,2.0,118.44999999999999,0.0,0.0,0.0,0.0,0.0,0.0,0.0,0.0,14.405999999999999,14.405999999999999,0.0,0.0,0.0,55.0,616.79921,10000.0,85.000001,85.000001,85.000001,85.000001,395.0,0.0,0.0,0.0,1.0,333.33500000000004,68.115,68.115,64.011,64.011,34.0,-72.74000000000001,-1.0420000000000016,-37.58333333333333,-2.397500000000001,0.0,1768.532,23.465000000000003,100.0,20.644,8.764,36.249,18.736,0.0,0.0,100.0,0.0,0.0,0.0,0.0,3620.5,127.59999999999991,4039.625,2304.4,304.81,314.4413333333333,315.8445,319.69325,24.5732,21.5987,24.3965,23.1791,314.999998,314.999998,324.999988,324.999988,99.63208571428571,99.5272,99.63292857142856,99.58424285714285,-2.095666666666667,-2.0942499999999997,-2.6571666666666665,-2.4706666666666663,-0.14999999999999858,-0.4299999999999997,4.843500000000001,9.256499999999999,54.583,35.992,53.478,45.8695,81.664,45.3015,78.7615,63.8095,78.407,43.502,77.2065,61.5355,76.25,42.4405,76.793,60.36266666666667,1.8495,-1.8599999999999999,0.109505,0.12103000000000001,0.0,104.66,102.28999999999999,106.72333333333333,108.46333333333334,0.0,0.0
289,0.0,0.0,0.0,1.0,1.0,0.0,0.0,1.0,0.0,100.0,1.0,1.1856,26.0,0.0,0.0,0.0,57.999998,0.0,26.0,26.0,26.0,26.0,-1.3883333333333332,0.9378000000000002,-0.048600000000000004,310.669,-2.29385,-3.5,-0.7667999999999999,-2.0718,-164.91,167.0525,188.289125,0.0,0.0,0.0,0.0,0.3622,-5.498166666666667,-5.498166666666667,-1.1107,-0.6953333333333334,-0.33877777777777807,-0.08799999999999986,33.409,-0.8003,-0.113375,22.490000000000002,100.0,0.0,0.0,107.67,0.0,0.0,0.0,0.0,0.0,0.0,0.0,7629.9,0.0,55.0,2.0,120.21000000000001,1.0,0.0,0.0,0.0,0.0,0.0,0.0,0.0,14.457,14.457,0.0,0.0,1.0,55.0,616.79921,10000.0,85.000001,85.000001,85.000001,85.000001,395.0,0.0,0.0,0.0,1.0,333.33500000000004,70.694,70.694,64.24,64.24,34.0,-53.0175,0.0,-36.17666666666666,-9.5425,0.0,1768.483,25.875,100.0,19.447,8.381,36.427,20.384999999999998,0.0,0.0,100.0,0.0,0.0,0.0,0.0,2845.75,0.0,3641.5,2165.6,307.0825,315.0,316.883,319.8425,24.5831,21.6015,24.4055,23.1849,314.999998,314.999998,324.999988,324.999988,99.63221428571428,99.5272,99.63318571428572,99.58442857142857,-2.219333333333333,0.0,-2.4713333333333334,-2.2633333333333336,-0.11833333333333229,0.0,4.5195,6.347,54.644,36.0095,53.534,45.9055,81.675,45.2855,78.833,63.878,78.418,43.4875,77.278,61.6005,76.26,42.426,76.8625,60.424,2.0205,-2.0225,0.11520000000000001,0.12693000000000002,0.0,106.085,103.12,107.67,107.67,0.0,0.0
290,0.0,0.0,0.0,1.0,1.0,0.0,0.0,1.0,0.0,100.0,1.0,1.1856,26.0,0.0,0.0,0.0,57.999998,0.0,26.0,26.0,26.0,26.0,-1.3506666666666667,0.8370000000000002,-0.18805000000000002,312.073,-2.26905,-3.5415,-0.70475,-2.0341,-163.11,167.2825,188.258125,0.0,0.0,0.0,0.0,0.3632666666666667,-5.498166666666667,-5.498166666666667,-1.2008,-2.604,-0.3788888888888886,-0.31400000000000006,33.874,-0.773,-0.10255,21.644000000000002,100.0,0.0,0.0,108.53666666666666,0.0,0.0,0.0,0.0,0.0,0.0,0.0,7691.2,0.0,55.0,2.0,121.89666666666666,0.0,0.0,0.0,0.0,0.0,0.0,1.0,0.0,14.511,14.511,0.0,0.0,0.0,55.0,616.79921,10000.0,85.000001,85.000001,85.000001,85.000001,395.0,0.0,0.0,0.0,1.0,166.665,72.678,72.678,65.17,65.17,34.0,-45.6875,0.0,-39.266666666666666,-7.897500000000001,0.0,1768.43,31.370000000000005,100.0,17.981,8.012,36.027,20.551000000000002,0.0,0.0,82.52666666666667,0.0,0.0,0.0,0.0,2667.625,0.0,3602.125,1703.2,307.472,315.0,316.9875,320.93675,24.5933,21.6044,24.415,23.1909,314.999998,314.999998,324.999988,324.999988,99.63235714285715,99.5272,99.63345714285714,99.5846,-2.6046666666666667,0.0,-2.352,-2.153,-0.14333333333333087,0.0,4.168,5.911,54.708,36.0275,53.594,45.943,81.69,45.26,78.9,63.9305,78.43299999999999,43.464,77.345,61.651,76.272,42.4045,76.927,60.471666666666664,2.425,-2.415,0.11406000000000001,0.11732500000000001,0.0,107.395,103.12,108.53666666666666,108.53666666666666,0.0,0.0
291,0.0,0.0,0.0,1.0,1.0,0.0,0.0,1.0,0.0,100.0,1.0,1.1856,26.0,0.0,0.0,0.0,57.999998,0.0,26.0,26.0,26.0,26.0,-1.3908888888888888,0.5609000000000002,-0.23470000000000002,313.293,-2.24,-3.5492500000000002,-0.7068,-2.0193000000000003,-161.57999999999998,167.445,188.22875,0.0,0.0,0.0,0.0,0.3641666666666667,-5.498166666666667,-5.498166666666667,-1.3509,-4.119,-0.41800000000000015,-0.2549999999999999,34.167,-0.7179,-0.11472500000000001,20.7,100.0,0.0,0.0,107.69333333333333,0.0,0.0,0.0,0.0,0.0,0.0,0.0,7631.4,0.0,55.0,2.0,122.97333333333333,1.0,0.0,0.0,0.0,0.0,0.0,1.0,0.0,14.556000000000001,14.556000000000001,0.0,0.0,1.0,55.0,616.79921,10000.0,85.000001,85.000001,85.000001,85.000001,395.0,0.0,0.0,0.0,1.0,166.665,73.837,73.837,66.528,66.528,34.0,-41.8775,0.0,-51.43333333333333,-9.86,0.0,1768.384,35.245000000000005,100.0,17.422,7.672000000000001,35.611,19.794,0.0,0.0,60.66166666666667,0.0,0.0,0.0,0.0,2664.125,0.0,3458.875,1453.0,307.5635,315.0,317.258,321.623,24.6019,21.6068,24.4229,23.1958,314.999998,314.999998,324.999988,324.999988,99.63248571428572,99.5272,99.63364285714286,99.5847,-2.8836666666666666,0.0,-2.2055000000000002,-2.0005,-0.11500000000000199,0.0,2.55,4.1899999999999995,54.762,36.0425,53.643,45.9735,81.71,45.2385,78.9365,63.9525,78.453,43.445,77.382,61.672,76.289,42.386,76.963,60.49133333333333,2.7409999999999997,-2.7175000000000002,0.10814000000000001,0.11706500000000002,0.0,108.235,103.12,107.69333333333333,107.69333333333333,0.0,0.0
292,0.0,0.0,0.0,1.0,1.0,0.0,0.0,1.0,0.0,100.0,1.0,1.1856,26.0,0.0,0.0,0.0,57.999998,0.0,26.0,26.0,26.0,26.0,-1.701,0.3629,0.00045000000000000004,311.356,-2.38085,-3.6535,-0.69415,-2.0632,-159.74,167.6025,188.188125,0.0,0.0,0.0,0.0,0.3652666666666667,-5.498166666666667,-5.498166666666667,-1.5726,-2.725,-0.4573333333333336,-1.107,34.372,-0.6061000000000001,-0.158525,24.686,100.0,0.0,0.0,108.62333333333333,0.0,0.0,0.0,0.0,0.0,0.0,0.0,7697.5,0.0,55.0,2.0,123.72,0.0,0.0,0.0,0.0,0.0,0.0,1.0,0.0,14.61,14.61,0.0,0.0,0.0,55.0,616.79921,10000.0,85.000001,85.000001,85.000001,85.000001,395.0,0.0,0.0,0.0,1.0,166.665,67.49,67.49,67.184,67.184,34.0,-71.2875,-10.496000000000002,-47.23,-8.4775,0.0,1768.33,38.88,100.0,18.753,8.259,34.372,18.133,0.0,0.0,79.98666666666666,0.0,0.0,0.0,0.0,4152.0,878.0999999999999,3141.25,1306.0,303.721,312.4356666666667,318.014,321.98275,24.6124,21.6097,24.4322,23.2014,314.999998,314.999998,324.999988,324.999988,99.6327,99.52721666666666,99.6338,99.58478571428572,-2.8853333333333335,-2.83925,-2.1325,-1.9345,-0.14833333333332632,-0.7583333333333258,2.283,4.1005,54.828,36.0605,53.701,46.009,81.755,45.2295,78.9575,63.9565,78.496,43.436,77.404,61.676,76.329,42.3775,76.9835,60.49433333333333,3.0564999999999998,-3.0490000000000004,0.0995,0.11520500000000002,0.0,109.03,106.54,108.62333333333333,108.62333333333333,0.0,0.0
293,0.0,0.0,0.0,1.0,1.0,0.0,0.0,1.0,0.0,100.0,1.0,1.1856,26.0,0.0,0.0,0.0,57.999998,0.0,26.0,26.0,26.0,26.0,-1.5922222222222222,0.8655000000000002,0.0347,309.921,-2.22015,-3.5380000000000003,-0.6043499999999999,-2.1184000000000003,-158.09,167.705,188.151,0.0,0.0,0.0,0.0,0.36623333333333336,-5.498166666666667,-5.498166666666667,-1.4709,5.2700000000000005,-0.5190000000000001,2.59,34.668,-0.6919000000000001,-0.136725,34.694,100.0,0.0,0.0,113.32333333333334,0.0,0.0,0.0,0.0,0.0,0.0,0.0,8030.4,0.0,55.0,2.0,124.74000000000001,1.0,0.0,0.0,0.0,0.0,0.0,1.0,0.0,14.658,14.658,0.0,0.0,1.0,55.0,616.79921,10000.0,85.000001,85.000001,85.000001,85.000001,395.0,0.0,0.0,0.0,1.0,166.665,66.406,66.406,65.704,65.704,34.0,-75.0,-4.508000000000003,-34.55,-2.3625000000000007,0.0,1768.282,31.695,100.0,22.29,10.081999999999999,34.745,17.246000000000002,0.0,0.0,100.0,0.0,0.0,0.0,0.0,3682.875,478.5,3816.625,1771.0,304.4275,313.45166666666665,316.51225,320.983,24.6224,21.6122,24.4406,23.2065,314.999998,314.999998,324.999988,324.999988,99.6329,99.52726666666666,99.63402857142857,99.5849,-2.086,-2.0549999999999997,-2.6651666666666665,-2.508,-0.1383333333333283,-0.26833333333333087,4.8325,8.7595,54.89,36.0765,53.754,46.0405,81.804,45.2405,79.0075,63.983,78.543,43.4465,77.455,61.7015,76.372,42.3865,77.0325,60.518,2.614,-2.6370000000000005,0.11458000000000002,0.11772,0.0,110.705,107.705,112.79333333333334,113.85,0.0,0.0
294,0.0,0.0,0.0,1.0,1.0,0.0,0.0,1.0,0.0,100.0,1.0,1.1856,26.0,0.0,0.0,0.0,57.999998,0.0,26.0,26.0,26.0,26.0,-1.7327777777777778,1.0230000000000001,0.18665,307.617,-2.2598,-3.4747500000000002,-0.76255,-2.2544,-156.41,167.7725,188.114625,0.0,0.0,0.0,0.0,0.3672,-5.498166666666667,-5.498166666666667,-1.2345000000000002,1.876,-0.5542222222222222,-5.172000000000001,35.135999999999996,-0.8997,-0.03735,29.294000000000004,100.0,0.0,0.0,112.49666666666667,0.0,0.0,0.0,0.0,0.0,0.0,0.0,7972.0,0.0,55.0,2.0,126.43,0.0,0.0,0.0,0.0,0.0,0.0,1.0,0.0,14.706,14.706,0.0,0.0,0.0,55.0,616.79921,10000.0,85.000001,85.000001,85.000001,85.000001,395.0,0.0,0.0,0.0,1.0,333.33500000000004,68.665,68.665,60.379,60.379,34.0,-60.94,-0.8299999999999983,-59.92666666666667,-15.587500000000002,0.0,1768.232,27.064999999999998,100.0,20.667,9.596,37.249,22.86,0.0,0.0,100.0,0.0,0.0,0.0,0.0,3171.125,141.29999999999973,4759.375,2721.1,306.344,314.6933333333333,314.3955,318.50975,24.6317,21.6148,24.4494,23.2121,314.999998,314.999998,324.999988,324.999988,99.63302857142857,99.52726666666666,99.63437142857143,99.58517142857143,-2.083,-2.0702499999999997,-2.7373333333333334,-2.5811666666666664,-0.11500000000000199,-0.828333333333326,3.668,5.9215,54.948,36.092,53.809,46.076,81.815,45.2255,79.1045,64.085,78.555,43.4325,77.5515,61.7985,76.382,42.3735,77.127,60.60966666666667,2.1180000000000003,-2.1260000000000003,0.10822000000000001,0.12247000000000001,0.0,111.89,108.66,112.49666666666667,112.49666666666667,0.0,0.0
295,0.0,0.0,0.0,1.0,1.0,0.0,0.0,1.0,0.0,100.0,1.0,1.1856,26.0,0.0,0.0,0.0,57.999998,0.0,26.0,26.0,26.0,26.0,-1.8194444444444444,0.8663000000000001,0.23425,305.42,-2.10245,-3.6805,-0.5904,-2.2508,-154.61,167.8,188.080375,0.0,0.0,0.0,0.0,0.3682666666666667,-5.498166666666667,-5.498166666666667,-1.1577,2.572,-0.7417777777777781,0.040000000000000036,35.559,-0.8540000000000001,-0.11625,29.078000000000003,100.0,0.0,0.0,114.31666666666666,0.0,0.0,0.0,0.0,0.0,0.0,0.0,8100.8,0.0,55.0,2.0,127.96333333333334,1.0,0.0,0.0,0.0,0.0,0.0,1.0,0.0,14.757,14.757,0.0,0.0,1.0,55.0,616.79921,10000.0,85.000001,85.000001,85.000001,85.000001,395.0,0.0,0.0,0.0,1.0,333.33500000000004,64.697,64.697,58.899,58.899,34.0,-93.7975,-5.808,-51.53333333333333,-8.8,0.0,1768.183,26.225,100.0,23.053,10.346,41.426,22.697,0.0,0.0,100.0,0.0,0.0,0.0,0.0,4474.5,633.6999999999998,4361.5,1898.3,302.6425,313.1206666666667,315.132,320.54375,24.6423,21.6174,24.459,23.2179,314.999998,314.999998,324.999988,324.999988,99.63321428571429,99.52728333333333,99.63468571428571,99.58532857142858,-2.023,-2.00525,-2.6486666666666667,-2.4655,-0.15333333333332888,-0.2883333333333269,3.9655,6.1525,55.014,36.109,53.869,46.112,81.853,45.2215,79.1935,64.139,78.591,43.4285,77.641,61.8495,76.415,42.3695,77.214,60.657333333333334,2.043,-2.0700000000000003,0.11291500000000002,0.12476500000000001,0.0,113.215,110.59,114.31666666666666,114.31666666666666,0.0,0.0
296,0.0,0.0,0.0,1.0,1.0,0.0,0.0,1.0,0.0,100.0,1.0,1.1856,26.0,0.0,0.0,0.0,57.999998,0.0,26.0,26.0,26.0,26.0,-1.6231111111111112,0.9851000000000001,0.0732,305.984,-2.13745,-3.566375,-0.75185,-2.1599000000000004,-152.67,167.7775,188.049375,0.0,0.0,0.0,0.0,0.3694,-5.498166666666667,-5.498166666666667,-0.9524,2.419,-0.6601111111111115,0.8780000000000001,36.036,-0.9146000000000001,-0.056075,25.201999999999998,100.0,0.0,0.0,115.35333333333334,0.0,0.0,0.0,0.0,0.0,0.0,0.0,8174.4,0.0,55.0,2.0,129.67,0.0,0.0,0.0,0.0,0.0,0.0,1.0,0.0,14.811,14.811,0.0,0.0,0.0,55.0,616.79921,10000.0,85.000001,85.000001,85.000001,85.000001,395.0,0.0,0.0,0.0,1.0,166.665,67.581,67.581,58.151,58.151,34.0,-61.555,-0.6259999999999977,-50.77333333333333,-17.355,0.0,1768.129,21.525,100.0,22.512999999999998,10.193,41.458,23.514,0.0,0.0,100.0,0.0,0.0,0.0,0.0,3139.5,104.89999999999964,4221.625,2874.9,306.2515,314.68466666666666,315.6275,318.27525,24.6532,21.6203,24.469,23.2242,314.999998,314.999998,324.999988,324.999988,99.63337142857142,99.52728333333333,99.63502857142858,99.58555714285714,-1.918,-1.93075,-2.6041666666666665,-2.4173333333333336,-0.11666666666666714,-0.8466666666666711,3.8095,5.708,55.082,36.1265,53.931,46.1515,81.875,45.206,79.2875,64.2185,78.614,43.4145,77.7355,61.9245,76.435,42.356,77.3055,60.728,1.6750000000000003,-1.706,0.10510000000000001,0.1203,0.0,114.575,111.595,115.35333333333332,115.35333333333334,0.0,0.0
297,0.0,0.0,0.0,1.0,1.0,0.0,0.0,1.0,0.0,100.0,1.0,1.1856,26.0,0.0,0.0,0.0,57.999998,0.0,26.0,26.0,26.0,26.0,-1.737111111111111,0.8609,0.2253,304.84,-2.0834,-3.63775,-0.69075,-2.2014,-151.04,167.7225,188.026125,0.0,0.0,0.0,0.0,0.3703666666666667,-5.498166666666667,-5.498166666666667,-0.9058,0.46699999999999997,-0.773222222222222,-3.963,36.433,-0.7982,-0.11355000000000001,22.048000000000002,100.0,0.0,0.0,116.13666666666667,0.0,0.0,0.0,0.0,0.0,0.0,0.0,8229.9,0.0,55.0,2.0,131.10666666666665,1.0,0.0,0.0,0.0,0.0,0.0,1.0,0.0,14.856,14.856,0.0,0.0,1.0,55.0,616.79921,10000.0,85.000001,85.000001,85.000001,85.000001,395.0,0.0,0.0,0.0,1.0,166.665,65.186,65.186,58.197,58.197,34.0,-88.4975,-4.270000000000003,-59.25333333333333,-12.7975,0.0,1768.084,22.865000000000002,100.0,22.683,10.54,42.0,24.639,0.0,0.0,100.0,0.0,0.0,0.0,0.0,4280.5,475.6999999999998,4351.875,2107.7,303.349,313.43266666666665,315.20625,319.79975,24.6623,21.6226,24.4773,23.2297,314.999998,314.999998,324.999988,324.999988,99.6335,99.5273,99.63527142857143,99.58574285714286,-1.9716666666666667,-1.9735,-2.2275,-2.032,-0.1316666666666677,-0.365000000000002,3.429,5.0465,55.139,36.1415,53.983,46.1855,81.895,45.198,79.3555,64.283,78.634,43.4075,77.803,61.986,76.454,42.349,77.371,60.785333333333334,1.7525,-1.7825000000000002,0.10599000000000001,0.11488500000000001,0.0,115.57,113.46,116.13666666666667,116.13666666666666,0.0,0.0
298,0.0,0.0,0.0,1.0,1.0,0.0,0.0,1.0,0.0,100.0,1.0,1.1856,26.0,0.0,0.0,0.0,57.999998,0.0,26.0,26.0,26.0,26.0,-1.4675555555555555,0.9473,0.12290000000000001,305.71,-2.11575,-3.610875,-0.7243999999999999,-2.1137,-149.18,167.6175,188.003875,0.0,0.0,0.0,0.0,0.37146666666666667,-5.498166666666667,-5.498166666666667,-0.7699,3.404,-0.7008888888888887,4.694,36.856,-0.7777000000000001,-0.084425,23.808000000000003,100.0,0.0,0.0,118.2,0.0,0.0,0.0,0.0,0.0,0.0,0.0,8376.2,0.0,55.0,2.0,132.61333333333334,0.0,0.0,0.0,0.0,0.0,0.0,1.0,0.0,14.907,14.907,0.0,0.0,0.0,55.0,616.79921,10000.0,85.000001,85.000001,85.000001,85.000001,395.0,0.0,0.0,0.0,1.0,166.665,66.391,66.391,58.838,58.838,34.0,-64.73,-2.8059999999999974,-44.38666666666667,-13.025000000000002,0.0,1768.032,20.29,100.0,23.379,10.674999999999999,41.519,23.823999999999998,0.0,0.0,100.0,0.0,0.0,0.0,0.0,3238.25,408.5,3886.75,2542.5,305.748,313.8453333333333,316.321,319.17675,24.6728,21.6252,24.4867,23.2355,314.999998,314.999998,324.999988,324.999988,99.63367142857143,99.52731666666666,99.63555714285714,99.58591428571428,-1.6973333333333334,-1.72,-2.286,-2.095,-0.10666666666666913,-0.3966666666666683,4.077500000000001,5.798,55.205,36.1575,54.042,46.2215,81.92,45.1905,79.4275,64.3335,78.659,43.4,77.8755,62.033500000000004,76.476,42.342,77.4415,60.83,1.5775000000000001,-1.612,0.10828000000000002,0.116525,0.0,117.09,114.775,118.2,118.2,0.0,0.0
299,0.0,0.0,0.0,1.0,1.0,0.0,0.0,1.0,0.0,100.0,1.0,1.1856,26.0,0.0,0.0,0.0,57.999998,0.0,26.0,26.0,26.0,26.0,-1.4882222222222223,0.9154,0.0756,305.801,-2.1681,-3.53275,-0.7897,-2.0968999999999998,-147.29,167.4725,187.983125,0.0,0.0,0.0,0.0,0.37256666666666666,-5.498166666666667,-5.498166666666667,-0.6999000000000001,-1.427,-0.6967777777777777,-1.992,37.332,-0.7185,-0.07335,17.752,100.0,0.0,0.0,118.42,0.0,0.0,0.0,0.0,0.0,0.0,0.0,8391.5,0.0,55.0,2.0,134.32666666666665,1.0,0.0,0.0,0.0,0.0,0.0,1.0,0.0,14.958,14.958,0.0,0.0,1.0,55.0,616.79921,10000.0,85.000001,85.000001,85.000001,85.000001,395.0,0.0,0.0,0.0,1.0,333.33500000000004,67.886,67.886,57.999,57.999,34.0,-66.0075,-1.0559999999999974,-60.18666666666667,-16.585,0.0,1767.98,20.825000000000003,100.0,21.07,10.020999999999999,41.318,25.512999999999998,0.0,0.0,100.0,0.0,0.0,0.0,0.0,3339.125,175.0999999999999,4307.875,2636.7,305.8315,314.528,315.36275,318.676,24.6826,21.6278,24.4961,23.2418,314.999998,314.999998,324.999988,324.999988,99.63377142857144,99.52731666666666,99.63582857142858,99.58614285714286,-1.8323333333333334,-1.8465,-1.9145,-1.7076666666666669,-0.10833333333332718,-0.8799999999999955,3.2235,4.5169999999999995,55.266,36.174,54.101,46.261,81.922,45.173,79.492,64.408,78.662,43.3845,77.94,62.105,76.477,42.327,77.503,60.897,1.5660000000000003,-1.588,0.111905,0.11623000000000001,0.0,118.16,115.79,118.42,118.42,0.0,0.0
300,0.0,0.0,0.0,1.0,1.0,0.0,0.0,1.0,0.0,100.0,1.0,1.1856,26.0,0.0,0.0,0.0,57.999998,0.0,26.0,26.0,26.0,26.0,-1.3437777777777777,0.8534000000000002,0.0117,306.412,-2.19035,-3.505875,-0.75445,-2.0474,-145.5,167.3,187.965,0.0,0.0,0.0,0.0,0.3736333333333334,-5.498166666666667,-5.498166666666667,-0.7546,-0.2350000000000001,-0.689777777777778,1.44,37.722,-0.6375000000000001,-0.13335,20.522,100.0,0.0,0.0,120.64333333333333,0.0,0.0,0.0,0.0,0.0,0.0,0.0,8549.2,0.0,55.0,2.0,135.73333333333335,0.0,0.0,0.0,0.0,0.0,0.0,0.0,0.0,15.006,15.006,0.0,0.0,0.0,55.0,616.79921,10000.0,85.000001,85.000001,85.000001,85.000001,395.0,0.0,0.0,0.0,1.0,166.665,66.528,66.528,60.364,60.364,34.0,-73.47749999999999,-4.888000000000005,-39.11333333333333,-9.697500000000002,0.0,1767.934,20.925000000000004,100.0,21.422,10.429,40.485,24.95,0.0,0.0,100.0,0.0,0.0,0.0,0.0,3647.125,609.4000000000001,3487.0,2145.6,304.962,313.0853333333333,317.21225,319.98825,24.6923,21.6303,24.5049,23.2473,314.999998,314.999998,324.999988,324.999988,99.63391428571428,99.52735,99.63605714285714,99.58628571428571,-1.7116666666666667,-1.7095,-1.8813333333333333,-1.6673333333333333,-0.1316666666666677,-0.2733333333333263,3.9695,5.3975,55.327,36.1895,54.156,46.296,81.938,45.1665,79.5415,64.448,78.678,43.3785,77.99,62.143,76.492,42.321,77.551,60.93266666666667,1.6350000000000002,-1.6575000000000002,0.10919000000000001,0.11857000000000001,0.0,119.51,117.635,120.64333333333333,120.64333333333333,0.0,0.0
301,0.0,0.0,0.0,1.0,1.0,0.0,0.0,1.0,0.0,100.0,1.0,1.1856,26.0,0.0,0.0,0.0,57.999998,0.0,26.0,26.0,26.0,26.0,-1.4128888888888889,0.9568000000000001,0.12845,306.046,-2.22785,-3.4515000000000002,-0.8063,-2.0304,-143.57,167.08,187.946375,0.0,0.0,0.0,0.0,0.3747666666666667,-5.498166666666667,-5.498166666666667,-0.6591,2.4236666666666666,-0.6471111111111112,0.2469999999999999,38.167,-0.6852,-0.095275,21.506,100.0,0.0,0.0,121.73333333333333,0.0,0.0,0.0,0.0,0.0,0.0,0.0,8626.4,0.0,55.0,2.0,137.32666666666665,1.0,0.0,0.0,0.0,0.0,0.0,0.0,0.0,15.056999999999999,15.056999999999999,0.0,0.0,1.0,55.0,616.79921,10000.0,85.000001,85.000001,85.000001,85.000001,395.0,0.0,0.0,0.0,1.0,333.33500000000004,66.727,66.727,59.586,59.586,34.0,-64.73,-4.206000000000003,-48.87,-15.0,0.0,1767.882,17.53,100.0,21.408,11.008,39.370000000000005,24.81,0.0,0.0,100.0,0.0,0.0,0.0,0.0,3314.625,686.5999999999999,3911.0,2744.2,305.689,312.95933333333335,316.2585,318.59275,24.7024,21.6329,24.5141,23.2534,314.999998,314.999998,324.999988,324.999988,99.63402857142857,99.52736666666667,99.6363,99.58647142857143,-1.4183333333333334,-1.41675,-1.9575,-1.7456666666666667,-0.10000000000000142,-0.25166666666666515,3.665,5.163,55.39,36.2055,54.213,46.3335,81.943,45.166,79.598,64.507,78.684,43.378,78.0465,62.1995,76.496,42.32,77.605,60.986,1.3695,-1.3890000000000002,0.117205,0.12255500000000001,0.0,121.08500000000001,119.08,121.73333333333333,121.73333333333333,0.0,0.0
302,0.0,0.0,0.0,1.0,1.0,0.0,0.0,1.0,0.0,100.0,1.0,1.1856,26.0,0.0,0.0,0.0,57.999998,0.0,26.0,26.0,26.0,26.0,-1.3586666666666667,0.9196000000000002,0.06845,306.229,-2.2351,-3.553125,-0.8029,-2.0596,-141.63,166.8225,187.9295,0.0,0.0,0.0,0.0,0.3759,-5.498166666666667,-5.498166666666667,-0.5559000000000001,0.887,-0.7127777777777777,-0.9339999999999999,38.619,-0.6767000000000001,-0.070175,18.66,100.0,0.0,0.0,122.72666666666666,0.0,0.0,0.0,0.0,0.0,0.0,0.0,8696.8,0.0,55.0,2.0,138.95666666666665,0.0,0.0,0.0,0.0,0.0,0.0,0.0,0.0,15.108,15.108,0.0,0.0,0.0,55.0,616.79921,10000.0,85.000001,85.000001,85.000001,85.000001,395.0,0.0,0.0,0.0,1.0,166.665,67.78,67.78,58.64,58.64,34.0,-64.4825,-1.3840000000000003,-57.593333333333334,-13.7625,0.0,1767.832,16.415,100.0,20.719,10.641,39.849000000000004,25.229,0.0,0.0,100.0,0.0,0.0,0.0,0.0,3333.625,245.89999999999964,4293.25,2474.9,305.905,314.06466666666665,315.396,319.13375,24.7125,21.6355,24.5236,23.2595,314.999998,314.999998,324.999988,324.999988,99.63414285714286,99.52736666666667,99.63655714285714,99.58665714285715,-1.4456666666666667,-1.45475,-1.8231666666666668,-1.6153333333333333,-0.09166666666666856,-0.3433333333333266,3.3815,4.688000000000001,55.453,36.222,54.273,46.372,81.941,45.157,79.659,64.5645,78.682,43.3695,78.1075,62.2545,76.493,42.312,77.6635,61.038,1.2680000000000002,-1.2840000000000003,0.11417000000000001,0.1203,0.0,122.325,120.435,122.72666666666666,122.72666666666666,0.0,0.0
303,0.0,0.0,0.0,1.0,1.0,0.0,0.0,1.0,0.0,100.0,1.0,1.1856,26.0,0.0,0.0,0.0,57.999998,0.0,26.0,26.0,26.0,26.0,-1.2793333333333332,0.8997000000000002,-0.0407,306.564,-2.301,-3.5135,-0.87645,-2.0167,-139.79,166.54500000000002,187.91525,0.0,0.0,0.0,0.0,0.377,-5.498166666666667,-5.498166666666667,-0.5539000000000001,-1.0736666666666665,-0.6663333333333337,0.532,39.039,-0.6245,-0.09565,16.944000000000003,100.0,0.0,0.0,123.92,0.0,0.0,0.0,0.0,0.0,0.0,0.0,8781.5,0.0,55.0,2.0,140.47,1.0,0.0,0.0,0.0,0.0,0.0,0.0,0.0,15.155999999999999,15.155999999999999,0.0,0.0,1.0,55.0,616.79921,10000.0,85.000001,85.000001,85.000001,85.000001,395.0,0.0,0.0,0.0,1.0,333.33500000000004,68.1,68.1,59.708,59.708,34.0,-63.4075,-1.8240000000000052,-48.486666666666665,-13.885000000000002,0.0,1767.784,16.735,100.0,20.274,10.267999999999999,39.962,25.695999999999998,0.0,0.0,100.0,0.0,0.0,0.0,0.0,3265.875,305.7999999999997,3801.375,2618.5,306.0515,313.93333333333334,316.541,318.75625,24.7219,21.638,24.5325,23.2654,314.999998,314.999998,324.999988,324.999988,99.63424285714285,99.52738333333333,99.6368,99.58682857142857,-1.4813333333333334,-1.4915,-1.6763333333333332,-1.4681666666666668,-0.11333333333332973,-0.33166666666667055,3.3689999999999998,4.5255,55.512,36.237,54.328,46.408500000000004,81.94,45.146,79.709,64.6155,78.682,43.3595,78.1575,62.303,76.492,42.3025,77.711,61.083666666666666,1.2905000000000002,-1.3025000000000002,0.10264000000000001,0.11752000000000001,0.0,123.485,121.78,123.92,123.92,0.0,0.0
304,0.0,0.0,0.0,1.0,1.0,0.0,0.0,1.0,0.0,100.0,1.0,1.1856,26.0,0.0,0.0,0.0,57.999998,0.0,26.0,26.0,26.0,26.0,-1.2366666666666666,0.8859000000000001,-0.05045,307.037,-2.298,-3.48725,-0.8099,-1.9686,-137.81,166.2175,187.900375,0.0,0.0,0.0,0.0,0.37816666666666665,-5.498166666666667,-5.498166666666667,-0.5854,-0.29566666666666674,-0.6734444444444443,1.346,39.469,-0.6085,-0.11470000000000001,17.916,100.0,0.0,0.0,125.82666666666667,0.0,0.0,0.0,0.0,0.0,0.0,0.0,8916.6,0.0,55.0,2.0,142.01333333333332,0.0,0.0,0.0,0.0,0.0,0.0,0.0,0.0,15.207,15.207,0.0,0.0,0.0,55.0,616.79921,10000.0,85.000001,85.000001,85.000001,85.000001,395.0,0.0,0.0,0.0,1.0,333.33500000000004,67.932,67.932,60.135,60.135,34.0,-62.325,-2.780000000000001,-44.873333333333335,-9.1725,0.0,1767.732,16.509999999999998,100.0,20.246,10.417,39.108000000000004,25.39,0.0,0.0,100.0,0.0,0.0,0.0,0.0,3216.5,523.0,3853.0,2166.5,305.951,313.5183333333333,316.294,320.02775,24.7319,21.6405,24.5418,23.2714,314.999998,314.999998,324.999988,324.999988,99.63434285714285,99.5274,99.63701428571429,99.58698571428572,-1.3820000000000001,-1.379,-1.6473333333333333,-1.4251666666666667,-0.1316666666666677,-0.29333333333332945,3.8035,5.0009999999999994,55.574,36.2535,54.386,46.4465,81.937,45.1415,79.754,64.6625,78.68,43.3555,78.203,62.3485,76.488,42.2985,77.754,61.126,1.283,-1.2880000000000003,0.11212000000000001,0.11835500000000002,0.0,124.885,123.21000000000001,125.82666666666667,125.82666666666667,0.0,0.0
305,0.0,0.0,0.0,1.0,1.0,0.0,0.0,1.0,0.0,100.0,1.0,1.1856,26.0,0.0,0.0,0.0,57.999998,0.0,26.0,26.0,26.0,26.0,-1.1963333333333335,0.9428000000000001,-0.1245,307.251,-2.3098,-3.40175,-0.92715,-1.9666000000000001,-135.82,165.8525,187.884625,0.0,0.0,0.0,0.0,0.37933333333333336,-5.498166666666667,-5.498166666666667,-0.5751000000000001,-0.07666666666666666,-0.640222222222222,-0.716,39.914,-0.647,-0.08865,17.541999999999998,100.0,0.0,0.0,127.04333333333334,0.0,0.0,0.0,0.0,0.0,0.0,0.0,9002.7,0.0,55.0,2.0,143.61333333333334,1.0,0.0,0.0,0.0,0.0,0.0,0.0,0.0,15.258,15.258,0.0,0.0,1.0,55.0,616.79921,10000.0,85.000001,85.000001,85.000001,85.000001,395.0,0.0,0.0,0.0,1.0,333.33500000000004,68.542,68.542,60.349,60.349,34.0,-53.755,-3.014000000000003,-44.57,-13.127500000000001,0.0,1767.68,14.780000000000001,100.0,19.682,10.503,38.266,25.448,0.0,0.0,100.0,0.0,0.0,0.0,0.0,2894.0,535.2999999999997,3766.875,2669.7,307.0645,313.18966666666665,316.73625,318.66425,24.7417,21.6431,24.5511,23.2776,314.999998,314.999998,324.999988,324.999988,99.63445714285714,99.52743333333333,99.63727142857142,99.58718571428571,-1.3236666666666665,-1.331,-1.6855,-1.4735,-0.10999999999999943,-0.2666666666666657,3.7035,4.8845,55.636,36.2695,54.444,46.485,81.927,45.135,79.806,64.7205,78.671,43.349,78.255,62.404,76.479,42.292,77.8035,61.178666666666665,1.1475,-1.165,0.11019500000000002,0.11393,0.0,126.28,124.615,127.04333333333334,127.04333333333334,0.0,0.0
306,0.0,0.0,0.0,1.0,1.0,0.0,0.0,1.0,0.0,100.0,1.0,1.1856,26.0,0.0,0.0,0.0,57.999998,0.0,26.0,26.0,26.0,26.0,-1.2896666666666667,0.8827,0.06280000000000001,306.442,-2.2696,-3.45675,-0.8281000000000001,-1.9559000000000002,-133.81,165.4525,187.868375,0.0,0.0,0.0,0.0,0.3805333333333334,-5.498166666666667,-5.498166666666667,-0.5786,0.3723333333333334,-0.6931111111111115,0.5300000000000002,40.356,-0.6352,-0.109,17.436,100.0,0.0,0.0,128.31666666666666,0.0,0.0,0.0,0.0,0.0,0.0,0.0,9093.0,0.0,55.0,2.0,145.20666666666668,0.0,0.0,0.0,0.0,0.0,0.0,0.0,0.0,15.309000000000001,15.309000000000001,0.0,0.0,0.0,55.0,616.79921,10000.0,85.000001,85.000001,85.000001,85.000001,395.0,0.0,0.0,0.0,1.0,166.665,66.879,66.879,60.547,60.547,34.0,-68.9875,-3.3000000000000043,-49.47666666666667,-11.235,0.0,1767.632,14.335,100.0,20.575,10.731,38.536,25.461,0.0,0.0,100.0,0.0,0.0,0.0,0.0,3569.125,659.2999999999997,4025.25,2361.9,304.9925,312.9456666666667,316.042,319.449,24.7518,21.6456,24.5605,23.2837,314.999998,314.999998,324.999988,324.999988,99.63454285714286,99.52745,99.6375,99.58734285714286,-1.258,-1.2645,-1.6363333333333332,-1.4153333333333333,-0.12666666666666515,-0.21666666666666856,3.5700000000000003,4.686,55.699,36.2855,54.503,46.5235,81.923,45.1315,79.8545,64.768,78.668,43.346000000000004,78.3035,62.4495,76.474,42.289,77.8495,61.221666666666664,1.105,-1.121,0.11455000000000001,0.12336000000000001,0.0,127.695,126.075,128.31666666666666,128.31666666666666,0.0,0.0
307,0.0,0.0,0.0,1.0,1.0,0.0,0.0,1.0,0.0,100.0,1.0,1.1856,26.0,0.0,0.0,0.0,57.999998,0.0,26.0,26.0,26.0,26.0,-1.1676666666666666,0.899,0.0066500000000000005,306.793,-2.3132,-3.452,-0.92415,-1.9669,-131.91,165.04500000000002,187.854125,0.0,0.0,0.0,0.0,0.38166666666666665,-5.498166666666667,-5.498166666666667,-0.5208,0.9803333333333333,-0.6661111111111113,0.7429999999999999,40.771,-0.6485000000000001,-0.07885,16.534000000000002,100.0,0.0,0.0,129.58666666666667,0.0,0.0,0.0,0.0,0.0,0.0,0.0,9183.0,0.0,55.0,2.0,146.7,1.0,0.0,0.0,0.0,0.0,0.0,0.0,0.0,15.357,15.357,0.0,0.0,1.0,55.0,616.79921,10000.0,85.000001,85.000001,85.000001,85.000001,395.0,0.0,0.0,0.0,1.0,333.33500000000004,67.886,67.886,60.211,60.211,34.0,-54.39,-2.5799999999999983,-46.31333333333333,-12.8625,0.0,1767.583,12.990000000000002,100.0,20.41,10.972,38.422,25.545,0.0,0.0,100.0,0.0,0.0,0.0,0.0,2950.625,597.0,3818.0,2698.5,306.737,313.2366666666667,316.55,318.793,24.7612,21.6481,24.5694,23.2896,314.999998,314.999998,324.999988,324.999988,99.63464285714285,99.52745,99.63772857142857,99.58751428571429,-1.2036666666666667,-1.20725,-1.6243333333333332,-1.3880000000000001,-0.10666666666666913,-0.23499999999999943,3.572,4.6605,55.757,36.3005,54.559,46.56,81.914,45.127,79.9015,64.8175,78.66,43.342,78.351,62.4975,76.466,42.285,77.8945,61.266666666666666,0.9990000000000001,-1.0150000000000001,0.11614000000000001,0.12663000000000002,0.0,128.97,127.38,129.58666666666667,129.58666666666667,0.0,0.0
308,0.0,0.0,0.0,1.0,1.0,0.0,0.0,1.0,0.0,100.0,1.0,1.1856,26.0,0.0,0.0,0.0,57.999998,0.0,26.0,26.0,26.0,26.0,-1.200888888888889,0.8941000000000001,0.06165,306.061,-2.3087999999999997,-3.4585,-0.88535,-2.0046,-129.87,164.575,187.839625,0.0,0.0,0.0,0.0,0.3829,-5.498166666666667,-5.498166666666667,-0.5159,-0.5236666666666667,-0.6882222222222221,-0.7729999999999999,41.22,-0.5997,-0.10990000000000001,15.038000000000004,100.0,0.0,0.0,130.59,0.0,0.0,0.0,0.0,0.0,0.0,0.0,9254.1,0.0,55.0,2.0,148.32,0.0,0.0,0.0,0.0,0.0,0.0,0.0,0.0,15.408,15.408,0.0,0.0,0.0,55.0,616.79921,10000.0,85.000001,85.000001,85.000001,85.000001,395.0,0.0,0.0,0.0,1.0,166.665,67.093,67.093,59.326,59.326,34.0,-62.9775,-3.6899999999999977,-49.269999999999996,-12.3275,0.0,1767.533,13.380000000000003,100.0,20.192,11.233,39.177,26.234,0.0,0.0,100.0,0.0,0.0,0.0,0.0,3338.875,744.5999999999999,3910.125,2675.0,305.811,312.6413333333333,316.2725,318.74075,24.7711,21.6506,24.5789,23.2959,314.999998,314.999998,324.999988,324.999988,99.63472857142857,99.52748333333334,99.63797142857143,99.5877,-1.2373333333333334,-1.23875,-1.5011666666666668,-1.2705,-0.10000000000000142,-0.19166666666666998,3.2915,4.277,55.819,36.3165,54.618,46.5995,81.903,45.123,79.953,64.8705,78.651,43.338499999999996,78.402,62.548,76.455,42.281,77.943,61.31466666666667,1.0180000000000002,-1.0314999999999999,0.118815,0.11434000000000001,0.0,130.245,128.865,130.59,130.59,0.0,0.0
309,0.0,0.0,0.0,1.0,1.0,0.0,0.0,1.0,0.0,100.0,1.0,1.1856,26.0,0.0,0.0,0.0,57.999998,0.0,26.0,26.0,26.0,26.0,-1.097,0.9272,-0.0741,306.793,-2.3628,-3.442125,-0.9269000000000001,-1.9304000000000001,-127.94,164.1025,187.826625,0.0,0.0,0.0,0.0,0.38406666666666667,-5.498166666666667,-5.498166666666667,-0.5051,0.15466666666666662,-0.6746666666666665,0.3959999999999999,41.627,-0.601,-0.094125,15.341999999999999,100.0,0.0,0.0,132.20333333333332,0.0,0.0,0.0,0.0,0.0,0.0,0.0,9368.4,0.0,55.0,2.0,149.77666666666667,1.0,0.0,0.0,0.0,0.0,0.0,0.0,0.0,15.456,15.456,0.0,0.0,1.0,55.0,616.79921,10000.0,85.000001,85.000001,85.000001,85.000001,395.0,0.0,0.0,0.0,1.0,166.665,68.115,68.115,59.769,59.769,34.0,-52.7875,-2.396000000000001,-44.70333333333333,-11.5625,0.0,1767.484,12.410000000000004,100.0,19.948,11.195,38.618,26.098,0.0,0.0,100.0,0.0,0.0,0.0,0.0,2892.125,566.9000000000001,3799.5,2644.9,306.9025,313.198,316.559,318.817,24.7804,21.653,24.5878,23.3017,314.999998,314.999998,324.999988,324.999988,99.63481428571428,99.5275,99.63818571428571,99.58785714285715,-1.1653333333333333,-1.18025,-1.4948333333333332,-1.2685,-0.11333333333332973,-0.211666666666666,3.582,4.5585,55.878,36.3315,54.673,46.636,81.892,45.119,79.994,64.915,78.641,43.3345,78.443,62.591,76.444,42.277,77.9815,61.355,0.9635000000000002,-0.984,0.10908000000000001,0.12255,0.0,131.565,130.09,132.20333333333332,132.20333333333332,0.0,0.0
310,0.0,0.0,0.0,1.0,1.0,0.0,0.0,1.0,0.0,100.0,1.0,1.1856,26.0,0.0,0.0,0.0,57.999998,0.0,26.0,26.0,26.0,26.0,-1.1302222222222222,0.8588,0.019,306.549,-2.3371,-3.3945,-0.91965,-1.9157000000000002,-125.87,163.57,187.81175,0.0,0.0,0.0,0.0,0.38530000000000003,-5.498166666666667,-5.498166666666667,-0.5427000000000001,-1.2280000000000002,-0.6821111111111113,0.09100000000000019,42.07,-0.5896,-0.10815000000000001,14.3,100.0,0.0,0.0,133.40333333333334,0.0,0.0,0.0,0.0,0.0,0.0,0.0,9453.5,0.0,55.0,2.0,151.37666666666667,0.0,0.0,0.0,0.0,0.0,0.0,1.0,0.0,15.507,15.507,0.0,0.0,0.0,55.0,616.79921,10000.0,85.000001,85.000001,85.000001,85.000001,395.0,0.0,0.0,0.0,1.0,166.665,67.444,67.444,59.799,59.799,34.0,-58.3875,-4.3260000000000005,-44.18,-10.165,0.0,1767.432,12.314999999999998,100.0,19.668,11.016,38.592,26.486,0.0,0.0,100.0,0.0,0.0,0.0,0.0,3166.375,966.1999999999998,3758.375,2511.3,306.263,312.208,316.6125,319.1305,24.7901,21.6556,24.5972,23.3081,314.999998,314.999998,324.999988,324.999988,99.6349,99.52751666666667,99.63841428571429,99.58804285714285,-1.1673333333333333,-1.16525,-1.4073333333333333,-1.171,-0.08500000000000085,-0.18166666666667197,3.4655,4.3495,55.938,36.347,54.732,46.6755,81.875,45.113,80.0375,64.9665,78.625,43.329,78.487,62.6405,76.428,42.272,78.023,61.402,0.9435000000000002,-0.9624999999999999,0.112125,0.12738000000000002,0.0,132.825,131.54,133.40333333333334,133.40333333333334,0.0,0.0
311,0.0,0.0,0.0,1.0,1.0,0.0,0.0,1.0,0.0,100.0,1.0,1.1856,26.0,0.0,0.0,0.0,57.999998,0.0,26.0,26.0,26.0,26.0,-1.070111111111111,0.9113,0.001,306.717,-2.3496,-3.391375,-0.95365,-1.9134,-123.66,162.9675,187.7955,0.0,0.0,0.0,0.0,0.3866333333333334,-5.498166666666667,-5.498166666666667,-0.5357000000000001,0.7466666666666666,-0.6826666666666665,0.77,42.527,-0.6098,-0.093725,14.881999999999998,100.0,0.0,0.0,135.12333333333333,0.0,0.0,0.0,0.0,0.0,0.0,0.0,9575.3,0.0,55.0,2.0,153.02,1.0,0.0,0.0,0.0,0.0,0.0,1.0,0.0,15.561,15.561,0.0,0.0,1.0,55.0,616.79921,10000.0,85.000001,85.000001,85.000001,85.000001,395.0,0.0,0.0,0.0,1.0,166.665,67.627,67.627,59.967,59.967,34.0,-51.665,-2.608000000000004,-43.06333333333333,-10.754999999999999,0.0,1767.38,10.254999999999999,100.0,19.916,11.485,38.01,26.218,0.0,0.0,100.0,0.0,0.0,0.0,0.0,2937.125,835.5,3764.75,2620.9,306.7985,312.4413333333333,316.64025,318.9295,24.8006,21.6583,24.6071,23.3147,314.999998,314.999998,324.999988,324.999988,99.635,99.52753333333334,99.63865714285714,99.58822857142857,-1.02,-1.02175,-1.443,-1.2231666666666667,-0.13333333333332575,-0.19666666666666544,3.645,4.586,56.004,36.3645,54.795,46.717,81.859,45.1115,80.083,65.0165,78.611,43.3275,78.533,62.689,76.413,42.2705,78.0655,61.44766666666667,0.8029999999999999,-0.8199999999999998,0.10971500000000001,0.116875,0.0,134.365,132.995,135.12333333333333,135.12333333333333,0.0,0.0
312,0.0,0.0,0.0,1.0,1.0,0.0,0.0,1.0,0.0,100.0,1.0,1.1856,26.0,0.0,0.0,0.0,57.999998,0.0,26.0,26.0,26.0,26.0,-1.0854444444444444,0.8840000000000001,0.02605,306.183,-2.29185,-3.47775,-0.9583,-1.9276,-121.82,162.4375,187.78175,0.0,0.0,0.0,0.0,0.38776666666666665,-5.498166666666667,-5.498166666666667,-0.5139,-0.17500000000000004,-0.6867777777777779,-0.10099999999999998,42.928,-0.5925,-0.09795000000000001,13.129999999999999,100.0,0.0,0.0,135.76,0.0,0.0,0.0,0.0,0.0,0.0,0.0,9620.4,0.0,55.0,2.0,154.46333333333334,0.0,0.0,0.0,0.0,0.0,0.0,1.0,0.0,15.606,15.606,0.0,0.0,0.0,55.0,616.79921,10000.0,85.000001,85.000001,85.000001,85.000001,395.0,0.0,0.0,0.0,1.0,166.665,67.612,67.612,59.738,59.738,34.0,-58.215,-1.2620000000000005,-50.333333333333336,-11.4375,0.0,1767.333,9.240000000000002,100.0,19.924,11.422,38.496,27.049,0.0,0.0,100.0,0.0,0.0,0.0,0.0,3314.875,487.4000000000001,4040.25,2651.5,305.9785,313.2576666666667,315.9735,318.7195,24.8093,21.6606,24.6156,23.3204,314.999998,314.999998,324.999988,324.999988,99.63505714285715,99.52755,99.63887142857143,99.5884,-0.992,-0.99725,-1.3646666666666667,-1.1476666666666668,-0.07499999999999574,-0.201666666666668,3.2315,4.0305,56.058,36.3785,54.847,46.7525,81.842,45.1065,80.1255,65.065,78.596,43.323,78.575,62.736,76.398,42.2655,78.1055,61.492,0.706,-0.7240000000000002,0.11113,0.11106500000000001,0.0,135.51,134.26,135.76,135.76,0.0,0.0
313,0.0,0.0,0.0,1.0,1.0,0.0,0.0,1.0,0.0,100.0,1.0,1.1856,26.0,0.0,0.0,0.0,57.999998,0.0,26.0,26.0,26.0,26.0,-0.9893333333333333,0.9082000000000001,0.032100000000000004,305.542,-2.3792,-3.368375,-0.98725,-1.8902,-119.57999999999998,161.7675,187.766375,0.0,0.0,0.0,0.0,0.3891,-5.498166666666667,-5.498166666666667,-0.47650000000000003,1.2563333333333333,-0.6675555555555559,-1.139,43.388,-0.5617,-0.093975,12.166,100.0,0.0,0.0,137.31666666666666,0.0,0.0,0.0,0.0,0.0,0.0,0.0,9730.8,0.0,55.0,2.0,156.11666666666667,1.0,0.0,0.0,0.0,0.0,0.0,1.0,0.0,15.66,15.66,0.0,0.0,1.0,55.0,616.79921,10000.0,85.000001,85.000001,85.000001,85.000001,395.0,0.0,0.0,0.0,1.0,166.665,66.498,66.498,58.838,58.838,34.0,-53.3975,-1.7419999999999973,-47.553333333333335,-10.265,0.0,1767.281,7.460000000000001,100.0,20.249,12.639,38.254,27.45,0.0,0.0,100.0,0.0,0.0,0.0,0.0,3164.375,938.1999999999998,4010.0,2746.8,306.3325,311.9386666666667,316.153,318.5195,24.8198,21.6635,24.6256,23.3272,314.999998,314.999998,324.999988,324.999988,99.63514285714285,99.52758333333334,99.63911428571429,99.58858571428571,-0.8756666666666668,-0.88125,-1.284,-1.0486666666666669,-0.10833333333332718,-0.1566666666666663,3.316,4.0855,56.124,36.397,54.91,46.795,81.821,45.1065,80.166,65.118,78.576,43.323,78.616,62.7875,76.377,42.2655,78.143,61.54066666666667,0.589,-0.6150000000000002,0.12114500000000002,0.120175,0.0,136.98,135.86,137.31666666666666,137.31666666666666,0.0,0.0
314,0.0,0.0,0.0,1.0,1.0,0.0,0.0,1.0,0.0,100.0,1.0,1.1856,26.0,0.0,0.0,0.0,57.999998,0.0,26.0,26.0,26.0,26.0,-0.886,0.9172,-0.07970000000000001,305.618,-2.4876,-3.3745,-1.04695,-1.8538000000000001,-117.57999999999998,161.1425,187.75375,0.0,0.0,0.0,0.0,0.39033333333333337,-5.498166666666667,-5.498166666666667,-0.43470000000000003,-0.2683333333333333,-0.6093333333333337,0.661,43.812,-0.5224,-0.079975,9.854000000000001,100.0,0.0,0.0,138.21333333333334,0.0,0.0,0.0,0.0,0.0,0.0,0.0,9794.3,0.0,55.0,2.0,157.63666666666666,0.0,0.0,0.0,0.0,0.0,0.0,1.0,0.0,15.708,15.708,0.0,0.0,0.0,55.0,616.79921,10000.0,85.000001,85.000001,85.000001,85.000001,395.0,0.0,0.0,0.0,1.0,333.33500000000004,67.734,67.734,57.465,57.465,34.0,-37.332499999999996,-0.902000000000001,-45.91,-11.217500000000001,0.0,1767.231,6.060000000000002,100.0,19.706,12.485,38.836,28.142,0.0,0.0,100.0,0.0,0.0,0.0,0.0,2385.75,1020.1999999999998,3890.75,3220.5,308.313,311.849,316.3475,317.47525,24.8289,21.666,24.6346,23.3334,314.999998,314.999998,324.999988,324.999988,99.6352,99.5276,99.63934285714285,99.58875714285715,-0.7746666666666666,-0.79625,-1.1558333333333333,-0.9345,-0.09833333333332916,-0.15500000000000114,3.1105,3.7105,56.181,36.4125,54.967,46.8335,81.793,45.102,80.2055,65.165,78.55,43.319,78.655,62.8325,76.351,42.261,78.1795,61.583666666666666,0.46499999999999986,-0.49150000000000027,0.11463000000000001,0.11334000000000001,0.0,138.155,137.22,138.21333333333334,138.21333333333334,0.0,0.0
315,0.0,0.0,0.0,1.0,1.0,0.0,0.0,1.0,0.0,100.0,1.0,1.1856,26.0,0.0,0.0,0.0,57.999998,0.0,26.0,26.0,26.0,26.0,-0.7894444444444444,0.8634000000000002,-0.049300000000000004,305.634,-2.4591,-3.3348750000000003,-1.03355,-1.8338,-115.57,160.4925,187.74125,0.0,0.0,0.0,0.0,0.3915666666666667,-5.498166666666667,-5.498166666666667,-0.49000000000000005,-1.2993333333333337,-0.632222222222222,-0.17700000000000005,44.219,-0.46330000000000005,-0.11595000000000001,8.716,100.0,0.0,0.0,139.81666666666666,0.0,0.0,0.0,0.0,0.0,0.0,0.0,9907.8,0.0,55.0,2.0,159.10666666666665,1.0,0.0,0.0,0.0,0.0,0.0,1.0,0.0,15.756,15.756,0.0,0.0,1.0,55.0,616.79921,10000.0,85.000001,85.000001,85.000001,85.000001,395.0,0.0,0.0,0.0,1.0,333.33500000000004,66.666,66.666,58.105,58.105,34.0,-46.625,0.0,-39.69,-5.1625,0.0,1767.183,5.495000000000001,100.0,19.335,12.826,38.52,28.62,0.0,0.0,100.0,0.0,0.0,0.0,0.0,3016.0,1169.1,3857.25,2455.3,306.8505,311.24666666666667,316.453,319.1875,24.8379,21.6686,24.6436,23.3396,314.999998,314.999998,324.999988,324.999988,99.63524285714286,99.52761666666666,99.63952857142857,99.58891428571428,-0.6946666666666668,-0.71,-1.0070000000000001,-0.7783333333333334,-0.10333333333333172,-0.14166666666666572,3.399,3.911,56.237,36.429,55.022,46.872,81.76,45.0985,80.234,65.207,78.52,43.316,78.6835,62.873,76.321,42.2585,78.2055,61.622,0.41400000000000015,-0.4460000000000002,0.10588,0.114845,0.0,139.34,138.555,139.81666666666666,139.81666666666666,0.0,0.0
316,0.0,0.0,0.0,1.0,1.0,0.0,0.0,1.0,0.0,100.0,1.0,1.1856,26.0,0.0,0.0,0.0,57.999998,0.0,26.0,26.0,26.0,26.0,-0.7333333333333333,-0.17299999999999993,-0.0198,305.496,-2.4198,-3.259875,-1.02235,-1.7277,-113.43,159.78,187.727125,0.0,0.0,0.0,0.0,0.3928666666666667,-5.498166666666667,-5.498166666666667,-0.5517000000000001,-1.2926666666666664,-0.6040000000000001,1.186,44.237,-0.3773,-0.1497,6.616,100.0,0.0,0.0,134.95666666666668,0.0,0.0,0.0,0.0,0.0,0.0,0.0,9529.5,0.0,55.0,0.0,159.28,0.0,0.0,0.0,0.0,0.0,0.0,1.0,0.0,15.806999999999999,15.806999999999999,0.0,0.0,0.0,55.0,616.79921,10000.0,85.000001,85.000001,85.000001,85.000001,395.0,0.0,0.0,0.0,1.0,166.665,64.117,64.117,60.425,60.425,34.0,-46.395,3.974,-44.53333333333333,-4.805,0.0,1767.133,3.625,100.0,20.738,14.331,37.15,27.923,0.0,0.0,0.0,0.0,0.0,0.0,0.0,3280.75,1604.6,3219.625,2091.4,305.932,310.109,317.72225,320.038,24.8477,21.6717,24.6528,23.3458,314.999998,314.999998,324.999988,324.999988,99.6353,99.52763333333333,99.63962857142857,99.58898571428571,-0.5053333333333332,-0.52125,-0.8248333333333334,-0.6211666666666666,-0.0033333333333303017,-0.006666666666667709,-0.01949999999999985,0.025499999999999856,56.298,36.448,55.08,46.9115,81.726,45.0995,80.215,65.197,78.488,43.3165,78.666,62.8645,76.289,42.2585,78.1865,61.61333333333333,0.2610000000000001,-0.29800000000000004,0.09476000000000001,0.09889500000000001,0.0,139.415,138.87,135.18666666666667,134.72666666666666,0.0,0.0
317,0.0,0.0,0.0,1.0,1.0,0.0,0.0,1.0,0.0,100.0,1.0,1.1856,26.0,0.0,0.0,0.0,57.999998,0.0,26.0,26.0,26.0,26.0,-0.562,0.7232000000000001,0.01985,304.977,-2.4863,-3.143625,-1.14745,-1.6999,-111.28999999999999,159.0475,187.713,0.0,0.0,0.0,0.0,0.3942,-5.498166666666667,-5.498166666666667,-0.5007,1.6313333333333335,-0.5215555555555556,1.037,44.582,-0.336,-0.1274,5.502000000000001,100.0,0.0,0.0,139.41666666666666,0.0,0.0,0.0,0.0,0.0,0.0,0.0,7934.6,0.0,55.0,3.0,160.42333333333335,1.0,0.0,0.0,0.0,0.0,0.0,1.0,0.0,15.858,15.858,0.0,0.0,1.0,55.0,616.79921,10000.0,85.000001,85.000001,85.000001,85.000001,395.0,0.0,0.0,0.0,1.0,333.33500000000004,65.155,65.155,58.99,58.99,34.0,-30.927500000000002,4.8359999999999985,-39.18666666666667,-2.6950000000000003,0.0,1767.08,1.8550000000000004,100.0,20.856,15.57,36.146,28.737,0.0,0.0,100.0,0.0,0.0,0.0,0.0,2476.25,1326.8,3778.5,3315.6,308.0505,310.79,316.65225,317.307,24.8574,21.6749,24.662,23.3524,314.999998,314.999998,324.999988,324.999988,99.63532857142857,99.52765,99.63981428571428,99.58914285714286,-0.385,-0.40549999999999997,-0.7481666666666666,-0.5191666666666667,-0.07000000000000028,-0.10333333333333172,2.62,2.391,56.358,36.4685,55.138,46.9525,81.681,45.0995,80.2315,65.237,78.446,43.317,78.6825,62.904,76.248,42.259,78.2,61.650666666666666,0.13850000000000007,-0.17899999999999983,0.10799,0.120605,0.0,140.465,139.945,139.20333333333332,139.63,0.0,0.0
318,0.0,0.0,0.0,1.0,1.0,0.0,0.0,1.0,0.0,100.0,1.0,1.1856,26.0,0.0,0.0,0.0,57.999998,0.0,26.0,26.0,26.0,26.0,-0.4204444444444444,0.6665000000000001,-0.11230000000000001,305.023,-2.55505,-3.1205,-1.21545,-1.6881,-109.25999999999999,158.3425,187.7005,0.0,0.0,0.0,0.0,0.3954666666666667,-5.498166666666667,-5.498166666666667,-0.5045000000000001,-0.8176666666666668,-0.4921111111111114,0.020999999999999908,44.902,-0.2652,-0.13972500000000002,3.3360000000000003,100.0,0.0,0.0,140.40333333333334,0.0,0.0,0.0,0.0,0.0,0.0,0.0,7990.7,0.0,55.0,3.0,161.58,0.0,0.0,0.0,0.0,0.0,0.0,1.0,0.0,15.905999999999999,15.905999999999999,0.0,0.0,0.0,55.0,616.79921,10000.0,85.000001,85.000001,85.000001,85.000001,395.0,0.0,0.0,0.0,1.0,166.665,65.063,65.063,59.189,59.189,34.0,-30.9675,7.041999999999998,-31.546666666666663,3.1950000000000003,0.0,1767.034,1.4200000000000017,100.0,20.011,15.461,36.239,30.023,0.0,0.0,100.0,0.0,0.0,0.0,0.0,2599.75,1532.5,3484.25,2974.3,307.9105,310.19033333333334,317.26175,317.974,24.866,21.6779,24.6708,23.3588,314.999998,314.999998,324.999988,324.999988,99.63535714285715,99.52766666666666,99.63994285714286,99.58925714285714,-0.31933333333333325,-0.3355,-0.5795,-0.343,-0.0833333333333286,-0.08833333333333115,2.5975,2.3975,56.413,36.487,55.193,46.9925,81.635,45.096,80.2315,65.257,78.403,43.314,78.68299999999999,62.924,76.206,42.2555,78.199,61.67,0.08450000000000024,-0.12400000000000011,0.11495000000000001,0.113475,0.0,141.29,140.98,140.06666666666666,140.74,0.0,0.0
319,0.0,0.0,0.0,1.0,1.0,0.0,0.0,1.0,0.0,100.0,1.0,1.1856,26.0,0.0,0.0,0.0,57.999998,0.0,26.0,26.0,26.0,26.0,-0.29233333333333333,0.7035,-0.0032,304.718,-2.62185,-3.052,-1.26555,-1.6141,-106.96000000000001,157.5325,187.68625,0.0,0.0,0.0,0.0,0.39686666666666665,-5.498166666666667,-5.498166666666667,-0.4917,1.0496666666666667,-0.4211111111111112,1.116,45.259,-0.2029,-0.12712500000000002,2.346,100.0,0.0,0.0,141.53,0.0,0.0,0.0,0.0,0.0,0.0,0.0,8055.0,0.0,55.0,3.0,162.86333333333334,1.0,0.0,0.0,0.0,0.0,0.0,1.0,0.0,15.96,15.96,0.0,0.0,1.0,55.0,616.79921,10000.0,85.000001,85.000001,85.000001,85.000001,395.0,0.0,0.0,0.0,1.0,166.665,64.499,64.499,59.052,59.052,34.0,-27.445,10.414000000000001,-29.346666666666664,6.015000000000001,0.0,1766.981,-0.09499999999999886,100.0,19.843,16.427,35.366,30.34,0.0,0.0,100.0,0.0,0.0,0.0,0.0,2563.125,1710.0,3466.625,3167.9,307.934,309.586,317.3065,317.581,24.8759,21.6815,24.6805,23.3658,314.999998,314.999998,324.999988,324.999988,99.63537142857143,99.52768333333333,99.64008571428572,99.58938571428571,-0.19166666666666665,-0.21599999999999997,-0.4645,-0.246,-0.07000000000000028,-0.0833333333333286,2.412,2.561,56.475,36.5095,55.253,47.036,81.578,45.094,80.2265,65.278,78.35,43.3125,78.6785,62.9455,76.154,42.254,78.1915,61.690333333333335,-0.01200000000000001,-0.02950000000000008,0.10746000000000001,0.111765,0.0,142.415,142.185,141.53,141.53,0.0,0.0
320,0.0,0.0,0.0,1.0,1.0,0.0,0.0,1.0,0.0,100.0,1.0,1.1856,26.0,0.0,0.0,0.0,57.999998,0.0,26.0,26.0,26.0,26.0,-0.18122222222222217,0.6727000000000001,-0.0167,304.337,-2.6769,-2.981875,-1.318,-1.5636,-104.91,156.8,187.674125,0.0,0.0,0.0,0.0,0.3981333333333334,-5.498166666666667,-5.498166666666667,-0.4595,0.17466666666666664,-0.3814444444444445,-0.1279999999999999,45.58,-0.1539,-0.12335,0.902000000000001,100.0,0.0,0.0,142.32333333333332,0.0,0.0,0.0,0.0,0.0,0.0,0.0,8100.0,0.0,55.0,3.0,164.02,0.0,0.0,0.0,0.0,0.0,0.0,0.0,0.0,16.008,16.008,0.0,0.0,0.0,55.0,616.79921,10000.0,85.000001,85.000001,85.000001,85.000001,395.0,0.0,0.0,0.0,1.0,333.33500000000004,64.667,64.667,58.228,58.228,34.0,-22.5275,12.46,-27.693333333333335,11.0075,0.0,1766.931,-0.7249999999999979,100.0,19.407,16.878,35.268,31.667,0.0,0.0,100.0,0.0,0.0,0.0,0.0,2353.625,1790.9,3571.0,3328.2,308.5415,309.3516666666667,317.0765,317.18275,24.8845,21.6848,24.6892,23.3722,314.999998,314.999998,324.999988,324.999988,99.63538571428572,99.5277,99.6402,99.58951428571429,-0.09833333333333316,-0.13575000000000004,-0.3526666666666667,-0.11633333333333333,-0.0899999999999963,-0.0899999999999963,2.3055,2.3825,56.528,36.53,55.308,47.0765,81.522,45.0905,80.221,65.3,78.296,43.3095,78.673,62.968,76.102,42.2515,78.184,61.711666666666666,-0.0794999999999999,0.03049999999999997,0.10804000000000001,0.11471500000000001,0.0,143.355,143.24,142.32333333333332,142.32333333333332,0.0,0.0
321,0.0,0.0,0.0,1.0,1.0,0.0,0.0,1.0,0.0,100.0,1.0,1.1856,26.0,0.0,0.0,0.0,57.999998,0.0,26.0,26.0,26.0,26.0,-0.08866666666666656,0.677,-0.10735,304.55,-2.74105,-2.951375,-1.3585,-1.5296,-102.84,156.0575,187.6625,0.0,0.0,0.0,0.0,0.39943333333333336,-5.498166666666667,-5.498166666666667,-0.46830000000000005,-0.2566666666666668,-0.3498888888888887,0.13100000000000023,45.895,-0.1092,-0.133625,0.03200000000000092,100.0,0.0,0.0,143.40666666666667,0.0,0.0,0.0,0.0,0.0,0.0,0.0,8161.6,0.0,55.0,3.0,165.15,1.0,0.0,0.0,0.0,0.0,0.0,0.0,0.0,16.056,16.056,0.0,0.0,1.0,55.0,616.79921,10000.0,85.000001,85.000001,85.000001,85.000001,395.0,0.0,0.0,0.0,1.0,333.33500000000004,64.743,64.743,58.502,58.502,34.0,-20.255,14.68,-22.516666666666666,13.3925,0.0,1766.882,-1.2249999999999979,100.0,19.011,17.16,34.943,32.173,0.0,0.0,100.0,0.0,0.0,0.0,0.0,2253.875,1852.5,3372.625,3253.2,308.829,309.1193333333333,317.54225,317.37475,24.893,21.6882,24.6979,23.3786,314.999998,314.999998,324.999988,324.999988,99.63538571428572,99.5277,99.64032857142857,99.58962857142858,-0.04266666666666663,-0.05599999999999994,-0.2653333333333333,-0.02716666666666667,-0.08500000000000085,-0.08833333333333115,2.4645,2.4475,56.581,36.551,55.362,47.1165,81.462,45.086,80.2135,65.3185,78.24,43.3055,78.666,62.987,76.047,42.2475,78.1745,61.730333333333334,-0.11799999999999988,0.08050000000000002,0.10949,0.11751500000000001,0.0,144.26,144.25,143.40666666666667,143.40666666666667,0.0,0.0
322,0.0,0.0,0.0,1.0,1.0,0.0,0.0,1.0,0.0,100.0,1.0,1.1856,26.0,0.0,0.0,0.0,57.999998,0.0,26.0,26.0,26.0,26.0,-0.029333333333333322,0.6639000000000002,0.04585,304.291,-2.76205,-2.889125,-1.3917,-1.4743,-100.63,155.2625,187.65,0.0,0.0,0.0,0.0,0.40076666666666666,-5.498166666666667,-5.498166666666667,-0.47300000000000003,0.579,-0.31644444444444453,1.2109999999999999,46.227,-0.07200000000000001,-0.13755,-0.71,100.0,0.0,0.0,144.51,0.0,0.0,0.0,0.0,0.0,0.0,0.0,8224.4,0.0,55.0,3.0,166.35,0.0,0.0,0.0,0.0,0.0,0.0,0.0,0.0,16.107,16.107,0.0,0.0,0.0,55.0,616.79921,10000.0,85.000001,85.000001,85.000001,85.000001,395.0,0.0,0.0,0.0,1.0,166.665,64.041,64.041,58.746,58.746,34.0,-18.8725,18.881999999999998,-18.706666666666663,15.662500000000001,0.0,1766.833,-1.7300000000000004,100.0,18.999,17.657,34.463,32.508,0.0,0.0,100.0,0.0,0.0,0.0,0.0,2318.5,2169.9,3197.25,3331.1,308.5475,308.319,317.87325,317.3075,24.9019,21.6919,24.7069,23.3854,314.999998,314.999998,324.999988,324.999988,99.63538571428572,99.5277,99.64045714285714,99.58975714285714,0.039000000000000146,0.01100000000000012,-0.182,0.0445,-0.0833333333333286,-0.09499999999999886,2.4905,2.465,56.637,36.5745,55.418,47.159,81.397,45.082,80.2035,65.339,78.179,43.3025,78.6565,63.0085,75.988,42.2445,78.163,61.751,-0.15949999999999998,0.119,0.11122000000000001,0.109615,0.0,145.32999999999998,145.345,144.51,144.51,0.0,0.0
323,0.0,0.0,0.0,1.0,1.0,0.0,0.0,1.0,0.0,100.0,1.0,1.1856,26.0,0.0,0.0,0.0,57.999998,0.0,26.0,26.0,26.0,26.0,0.068888888888889,0.6734,0.06675,303.894,-2.8189,-2.780625,-1.4408,-1.4626000000000001,-98.4,154.46,187.637875,0.0,0.0,0.0,0.0,0.4021666666666667,-5.498166666666667,-5.498166666666667,-0.42100000000000004,0.968,-0.28966666666666674,-0.5409999999999999,46.564,-0.040400000000000005,-0.116275,-1.33,100.0,0.0,0.0,145.33666666666667,0.0,0.0,0.0,0.0,0.0,0.0,0.0,8271.6,0.0,55.0,3.0,167.56,1.0,0.0,0.0,0.0,0.0,0.0,0.0,0.0,16.158,16.158,0.0,0.0,1.0,55.0,616.79921,10000.0,85.000001,85.000001,85.000001,85.000001,395.0,0.0,0.0,0.0,1.0,333.33500000000004,64.316,64.316,57.22,57.22,34.0,-15.127499999999998,19.348,-20.193333333333335,19.37,0.0,1766.78,-2.245000000000001,100.0,18.483,18.303,34.195,33.373,0.0,0.0,100.0,0.0,0.0,0.0,0.0,2010.125,2155.3,3550.875,3521.0,309.43,308.026,317.199,316.712,24.9108,21.6957,24.7161,23.3924,314.999998,314.999998,324.999988,324.999988,99.63538571428572,99.5277,99.6406,99.58988571428571,0.08099999999999996,0.03950000000000009,-0.13,0.095,-0.0799999999999983,-0.07333333333333059,2.3725,2.283,56.693,36.5985,55.475,47.202,81.328,45.0795,80.194,65.3635,78.114,43.3,78.647,63.033500000000004,75.926,42.2425,78.1505,61.775333333333336,-0.19799999999999995,0.14700000000000002,0.10652500000000001,0.11607,0.0,146.345,146.42000000000002,145.33666666666667,145.33666666666667,0.0,0.0
324,0.0,0.0,0.0,1.0,1.0,0.0,0.0,1.0,0.0,100.0,1.0,1.1856,26.0,0.0,0.0,0.0,57.999998,0.0,26.0,26.0,26.0,26.0,0.09755555555555562,0.6552,-0.1226,304.352,-2.8855,-2.749625,-1.47245,-1.4669,-96.28999999999999,153.7025,187.627,0.0,0.0,0.0,0.0,0.4034666666666667,-5.498166666666667,-5.498166666666667,-0.43570000000000003,-1.0340000000000003,-0.28722222222222227,-0.931,46.876,-0.0151,-0.126325,-1.8159999999999998,100.0,0.0,0.0,146.33666666666667,0.0,0.0,0.0,0.0,0.0,0.0,0.0,8328.5,0.0,55.0,3.0,168.68666666666667,0.0,0.0,0.0,0.0,0.0,0.0,0.0,0.0,16.206,16.206,0.0,0.0,0.0,55.0,616.79921,10000.0,85.000001,85.000001,85.000001,85.000001,395.0,0.0,0.0,0.0,1.0,166.665,65.033,65.033,57.571,57.571,34.0,-14.412499999999998,18.740000000000002,-17.293333333333337,19.8,0.0,1766.733,-2.599999999999998,100.0,17.833,18.106,34.332,33.972,0.0,0.0,100.0,0.0,0.0,0.0,0.0,2033.125,1983.9,3417.375,3344.6,309.6095,308.60633333333334,317.48425,317.19325,24.9189,21.6993,24.7247,23.3989,314.999998,314.999998,324.999988,324.999988,99.6354,99.52771666666666,99.64071428571428,99.59,0.11866666666666648,0.10024999999999995,-0.07483333333333334,0.14766666666666667,-0.08500000000000085,-0.086666666666666,2.456,2.343,56.743,36.6205,55.529,47.243,81.269,45.0765,80.186,65.3825,78.059,43.298,78.639,63.053,75.872,42.2405,78.1405,61.794666666666664,-0.22449999999999992,0.18300000000000005,0.11151000000000001,0.10324000000000001,0.0,147.22,147.36,146.33666666666667,146.33666666666667,0.0,0.0
325,0.0,0.0,0.0,1.0,1.0,0.0,0.0,1.0,0.0,100.0,1.0,1.1856,26.0,0.0,0.0,0.0,57.999998,82.39666666666668,26.0,26.0,26.0,26.0,0.17622222222222228,0.6509,-0.00205,303.879,-2.8929,-2.81775,-1.5167000000000002,-1.4669,-93.9,152.845,187.6145,0.0,0.0,0.0,0.0,0.40493333333333337,-5.498166666666667,-5.498166666666667,-0.455,1.263,-0.27522222222222226,0.11799999999999988,47.219,0.0085,-0.14405,-2.3219999999999996,100.0,0.0,0.0,144.73,0.0,0.0,0.0,0.0,0.0,0.0,0.0,8237.0,0.0,55.0,3.0,169.92,1.0,0.0,0.0,0.0,0.0,0.0,0.0,0.0,16.259999999999998,16.259999999999998,0.0,0.0,1.0,55.0,616.79921,10000.0,85.000001,85.000001,85.000001,85.000001,395.0,0.0,0.0,0.0,1.0,166.665,63.354,63.354,58.884,58.884,34.0,-15.155000000000001,25.21,-13.103333333333332,22.2925,0.0,1766.68,-3.129999999999999,100.0,18.537,18.966,33.653999999999996,33.976,0.0,0.0,0.0,0.0,0.0,0.0,0.0,2254.75,2445.2,2874.625,3551.7,308.7655,307.38466666666665,318.57725,316.85975,24.9282,21.7035,24.7342,23.4061,314.999998,314.999998,324.999988,324.999988,99.6354,99.52771666666666,99.64084285714286,99.59012857142856,0.16999999999999993,0.14100000000000001,-0.04616666666666667,0.19466666666666665,-0.08166666666667055,-0.08833333333333115,2.6295,2.4845,56.802,36.647,55.589,47.2885,81.204,45.079,80.173,65.405,77.997,43.3005,78.626,63.076,75.811,42.243,78.125,61.817,-0.26449999999999996,0.2084999999999999,0.10974,0.12043000000000001,0.0,144.885,145.055,144.73,144.73,0.0,0.0
326,0.0,0.0,0.0,1.0,1.0,0.0,0.0,1.0,0.0,100.0,1.0,1.1856,26.0,0.0,0.0,0.0,57.999998,99.69833333333332,26.0,26.0,26.0,26.0,0.19133333333333336,-2.4167,0.00625,303.116,-2.85625,-2.712625,-1.4423,-1.3029,-91.66,152.0475,187.6025,0.0,0.0,0.0,0.0,0.4063333333333334,-5.498166666666667,-5.498166666666667,-0.6379,-6.278666666666667,-0.26488888888888873,0.027000000000000135,46.199,0.026500000000000003,-0.2805,-2.772,100.0,0.0,0.0,136.17666666666668,0.0,0.0,0.0,0.0,0.0,0.0,0.0,7750.1,0.0,55.0,3.0,166.58333333333334,0.0,0.0,0.0,0.0,0.0,0.0,0.0,0.0,16.311,16.311,0.0,0.0,0.0,55.0,616.79921,10000.0,85.000001,85.000001,85.000001,85.000001,395.0,0.0,0.0,0.0,1.0,166.665,56.732,56.732,62.531,62.531,34.0,-8.7975,16.706,-7.586666666666666,11.3775,0.0,1766.629,-3.544999999999998,100.0,21.387999999999998,22.064,31.217,32.432,0.0,0.0,0.0,0.0,0.0,0.0,0.0,3226.625,3462.8,2336.375,2323.3,306.2705,304.41366666666664,319.84125,319.42025,24.9372,21.7078,24.7428,23.4126,314.999998,314.999998,324.999988,324.999988,99.63558571428571,99.52791666666667,99.64092857142857,99.59022857142857,0.22199999999999998,0.1795,0.02016666666666667,0.21216666666666667,-4.564999999999998,-4.924999999999997,-3.043,-3.162,56.857,36.674,55.643,47.329,81.227,45.185,80.139,65.408,78.018,43.399,78.5935,63.081,75.829,42.3365,78.09,61.822,-0.3214999999999999,0.22399999999999998,0.08270000000000001,0.08654500000000001,0.0,138.345,138.035,136.17666666666668,136.17666666666668,0.0,0.0
327,0.0,0.0,0.0,1.0,1.0,0.0,0.0,1.0,0.0,100.0,1.0,1.1856,26.0,0.0,0.0,0.0,57.999998,100.0,26.0,26.0,26.0,26.0,0.21966666666666668,-2.5683,0.0629,302.139,-2.7818,-2.586125,-1.45755,-1.2821,-89.72,151.3625,187.59275,0.0,0.0,0.0,0.0,0.40750000000000003,-5.498166666666667,-5.498166666666667,-0.8484,-2.3193333333333337,-0.24944444444444436,-0.050999999999999934,45.068,0.0516,-0.46647500000000003,-3.546,100.0,0.0,0.0,130.67,0.0,0.0,0.0,0.0,0.0,0.0,0.0,7436.8,0.0,55.0,3.0,162.52666666666667,1.0,0.0,0.0,0.0,0.0,0.0,0.0,0.0,16.356,16.356,0.0,0.0,1.0,55.0,616.79921,10000.0,85.000001,85.000001,85.000001,85.000001,395.0,0.0,0.0,0.0,1.0,333.33500000000004,49.042,49.042,67.291,67.291,34.0,-10.269999999999996,21.572000000000003,-2.483333333333327,6.3925,0.0,1766.583,-3.6050000000000004,100.0,27.723,28.928,27.11,28.747,0.0,0.0,0.0,0.0,0.0,0.0,0.0,3684.375,3886.1000000000004,1714.125,2004.1999999999998,304.931,302.84566666666666,321.21275,320.33325,24.9457,21.7124,24.7499,23.4179,314.999998,314.999998,324.999988,324.999988,99.63578571428572,99.52816666666666,99.64102857142858,99.59034285714286,0.266,0.1592500000000001,0.06983333333333333,0.2768333333333333,-4.055,-4.37833333333333,-4.9805,-4.7965,56.91,36.7025,55.687,47.3615,81.274,45.3125,80.122,65.425,78.062,43.5175,78.5765,63.0985,75.867,42.4495,78.0715,61.839333333333336,-0.3679999999999999,0.2004999999999999,0.08437,0.08096,0.0,135.905,135.68,130.43333333333334,130.90666666666667,0.0,0.0
328,0.0,0.0,0.0,1.0,1.0,0.0,0.0,1.0,0.0,100.0,1.0,1.1856,26.0,0.0,0.0,0.0,57.999998,100.0,26.0,26.0,26.0,26.0,0.2403333333333333,-2.6074,0.037700000000000004,302.841,-2.7827,-2.5227500000000003,-1.43265,-1.2086999999999999,-87.59,150.6125,187.584,0.0,0.0,0.0,0.0,0.4088333333333334,-5.498166666666667,-5.498166666666667,-0.8618,0.1353333333333333,-0.25444444444444425,0.15900000000000025,43.752,0.0844,-0.51305,-3.972,100.0,0.0,0.0,127.80333333333333,0.0,0.0,0.0,0.0,0.0,0.0,0.0,7273.7,0.0,55.0,3.0,157.79,0.0,0.0,0.0,0.0,0.0,0.0,0.0,0.0,16.407,16.407,0.0,0.0,0.0,55.0,616.79921,10000.0,85.000001,85.000001,85.000001,85.000001,395.0,0.0,0.0,0.0,1.0,166.665,48.766999999999996,48.766999999999996,68.787,68.787,34.0,-5.780000000000001,16.804000000000002,-2.9399999999999977,9.8425,0.0,1766.532,-3.4450000000000003,100.0,29.781,31.002,24.319,26.296,0.0,0.0,0.0,0.0,0.0,0.0,0.0,2906.25,3528.9,2075.25,2410.9,306.799,304.04566666666665,320.3695,319.3595,24.9551,21.7175,24.7579,23.4238,314.999998,314.999998,324.999988,324.999988,99.63601428571428,99.52841666666667,99.64117142857143,99.59051428571429,0.29466666666666663,0.16674999999999995,0.14633333333333334,0.3463333333333333,-4.743333333333332,-4.791666666666671,-4.33,-4.4215,56.97,36.7345,55.737,47.399,81.319,45.446,80.1175,65.4595,78.105,43.642,78.572,63.134,75.903,42.568,78.0645,61.874,-0.3679999999999999,0.17149999999999999,0.08268,0.08242000000000001,0.0,130.79500000000002,131.23,127.67666666666666,127.93,0.0,0.0
329,0.0,0.0,0.0,1.0,1.0,0.0,0.0,1.0,0.0,100.0,1.0,1.1856,26.0,0.0,0.0,0.0,57.999998,100.0,26.0,26.0,26.0,26.0,0.2797777777777779,-2.5798,0.0011,304.031,-2.8082,-2.50225,-1.4302000000000001,-1.2222,-85.50999999999999,149.89,187.577,0.0,0.0,0.0,0.0,0.4101,-5.498166666666667,-5.498166666666667,-0.9045000000000001,-0.998,-0.26900000000000013,-0.6199999999999999,42.464,0.1041,-0.538625,-4.074,100.0,0.0,0.0,123.47666666666666,0.0,0.0,0.0,0.0,0.0,0.0,0.0,7027.3,0.0,55.0,3.0,153.15666666666667,1.0,0.0,0.0,0.0,0.0,0.0,0.0,0.0,16.458,16.458,0.0,0.0,1.0,55.0,616.79921,10000.0,85.000001,85.000001,85.000001,85.000001,395.0,0.0,0.0,0.0,1.0,333.33500000000004,48.111,48.111,71.503,71.503,34.0,-5.3825,16.764,-1.8733333333333277,7.3525,0.0,1766.482,-3.884999999999998,100.0,29.573,31.25,22.319,24.533,0.0,0.0,0.0,0.0,0.0,0.0,0.0,3300.625,3564.1,1746.5,1990.1,306.15,303.8686666666667,321.10975,320.31,24.9642,21.7223,24.7659,23.4297,314.999998,314.999998,324.999988,324.999988,99.63622857142857,99.52866666666667,99.6413,99.59064285714285,0.3253333333333335,0.20650000000000013,0.16966666666666666,0.3741666666666667,-5.085000000000001,-4.991666666666667,-4.6835,-4.7095,57.026,36.764,55.787,47.436,81.371,45.5805,80.104,65.4845,78.154,43.7675,78.559,63.16,75.946,42.688,78.049,61.900333333333336,-0.3939999999999999,0.1984999999999999,0.08479,0.082025,0.0,126.955,127.215,123.35,123.60333333333332,0.0,0.0
330,0.0,0.0,0.0,1.0,1.0,0.0,0.0,1.0,0.0,100.0,1.0,1.1856,26.0,0.0,0.0,0.0,57.999998,98.90166666666667,26.0,26.0,26.0,26.0,0.3336666666666668,-2.5041,0.00995,304.794,-2.8274,-2.4805,-1.4201000000000001,-1.1749,-83.60999999999999,149.235,187.57125,0.0,0.0,0.0,0.0,0.4112666666666667,-5.498166666666667,-5.498166666666667,-0.8931,1.2896666666666667,-0.2685555555555559,-0.8539999999999999,41.273,0.1179,-0.5320750000000001,-4.72,100.0,0.0,0.0,119.44333333333333,0.0,0.0,0.0,0.0,0.0,0.0,0.0,6797.9,0.0,55.0,3.0,148.86333333333334,0.0,0.0,0.0,0.0,0.0,0.0,1.0,0.0,16.506,16.506,0.0,0.0,0.0,55.0,616.79921,10000.0,85.000001,85.000001,85.000001,85.000001,395.0,0.0,0.0,0.0,1.0,166.665,47.775,47.775,73.013,73.013,34.0,-5.567500000000003,19.63,-0.9399999999999977,7.0024999999999995,0.0,1766.435,-4.135,100.0,30.032,32.028,20.149,22.725,0.0,0.0,0.0,0.0,0.0,0.0,0.0,3096.125,3563.4,1757.625,2035.6,306.577,303.77166666666665,321.153,320.294,24.9729,21.7269,24.7731,23.4351,314.999998,314.999998,324.999988,324.999988,99.63642857142857,99.5289,99.64141428571429,99.59078571428572,0.33466666666666667,0.22449999999999992,0.22583333333333336,0.4365,-4.718333333333327,-4.534999999999997,-5.5625,-5.0760000000000005,57.08,36.793,55.832,47.4695,81.413,45.7,80.0945,65.509,78.193,43.879,78.5495,63.1855,75.98,42.794,78.0375,61.925333333333334,-0.41700000000000004,0.22049999999999992,0.08391000000000001,0.09131500000000001,0.0,123.685,124.25,119.00666666666666,119.88,0.0,0.0
331,0.0,0.0,0.0,1.0,1.0,0.0,0.0,1.0,0.0,100.0,1.0,1.1856,26.0,0.0,0.0,0.0,57.999998,100.0,26.0,26.0,26.0,26.0,0.35255555555555573,-2.5321,-0.030500000000000003,305.344,-2.83185,-2.4697500000000003,-1.40545,-1.1447,-81.53999999999999,148.53,187.56625,0.0,0.0,0.0,0.0,0.4125333333333333,-5.498166666666667,-5.498166666666667,-0.8602000000000001,-0.18233333333333324,-0.2845555555555559,-0.627,39.908,0.1287,-0.52315,-4.962,100.0,0.0,0.0,116.31666666666666,0.0,0.0,0.0,0.0,0.0,0.0,0.0,6620.0,0.0,55.0,3.0,143.95,1.0,0.0,0.0,0.0,0.0,0.0,1.0,0.0,16.56,16.56,0.0,0.0,1.0,55.0,616.79921,10000.0,85.000001,85.000001,85.000001,85.000001,395.0,0.0,0.0,0.0,1.0,166.665,48.278999999999996,48.278999999999996,73.608,73.608,34.0,-2.905000000000001,17.035999999999998,-0.9666666666666686,9.4025,0.0,1766.38,-4.779999999999999,100.0,29.751,31.809,19.4,21.991,0.0,0.0,0.0,0.0,0.0,0.0,0.0,2871.125,3483.4,1771.75,2181.4,307.142,304.11066666666665,321.05525,319.93275,24.9822,21.7319,24.7814,23.4413,314.999998,314.999998,324.999988,324.999988,99.63665714285715,99.52915,99.64154285714285,99.59092857142858,0.383,0.2582500000000001,0.2668333333333333,0.46266666666666667,-5.708333333333329,-5.018333333333331,-4.58,-4.5465,57.139,36.8245,55.884,47.508,81.462,45.8305,80.088,65.54,78.239,44.001,78.5435,63.2175,76.021,42.911,78.029,61.957,-0.4555,0.2609999999999999,0.079615,0.08092,0.0,118.36,119.61,116.05,116.58333333333333,0.0,0.0
332,0.0,0.0,0.0,1.0,1.0,0.0,0.0,1.0,0.0,100.0,1.0,1.1856,26.0,0.0,0.0,0.0,57.999998,97.33666666666667,26.0,26.0,26.0,26.0,0.38688888888888884,-2.5034,-0.043300000000000005,305.923,-2.799,-2.456625,-1.40525,-1.1411,-79.75,147.93,187.563125,0.0,0.0,0.0,0.0,0.41366666666666674,-5.498166666666667,-5.498166666666667,-0.8726,0.28200000000000003,-0.31333333333333346,-0.94,38.724000000000004,0.13140000000000002,-0.53235,-5.896,100.0,0.0,0.0,112.12333333333333,0.0,0.0,0.0,0.0,0.0,0.0,0.0,6381.3,0.0,55.0,3.0,139.68333333333334,0.0,0.0,0.0,0.0,0.0,0.0,1.0,0.0,16.608,16.608,0.0,0.0,0.0,55.0,616.79921,10000.0,85.000001,85.000001,85.000001,85.000001,395.0,0.0,0.0,0.0,1.0,333.33500000000004,47.867,47.867,75.165,75.165,34.0,-3.1850000000000023,20.258,-0.36666666666666714,6.9125,0.0,1766.331,-5.734999999999999,100.0,29.791,31.871000000000002,18.197,21.066,0.0,0.0,0.0,0.0,0.0,0.0,0.0,3101.25,3519.2,1651.75,1889.8,306.617,303.9436666666667,321.3575,320.578,24.9905,21.7363,24.7886,23.4466,314.999998,314.999998,324.999988,324.999988,99.63685714285714,99.52936666666666,99.64164285714286,99.59105714285714,0.42133333333333356,0.30174999999999996,0.30833333333333335,0.5178333333333334,-5.109999999999999,-4.651666666666671,-5.425000000000001,-5.089,57.191,36.852,55.929,47.541,81.509,45.944,80.077,65.5605,78.283,44.107,78.5325,63.239,76.059,43.012,78.016,61.97833333333333,-0.5369999999999999,0.33699999999999997,0.08611,0.08608500000000001,0.0,115.72,116.56,111.75666666666666,112.49333333333334,0.0,0.0
333,0.0,0.0,0.0,1.0,1.0,0.0,0.0,1.0,0.0,100.0,1.0,1.1856,26.0,0.0,0.0,0.0,57.999998,98.185,26.0,26.0,26.0,26.0,0.44533333333333336,-2.5037000000000003,0.060050000000000006,306.015,-2.77645,-2.472,-1.45185,-1.1058,-78.01999999999998,147.355,187.561125,0.0,0.0,0.0,0.0,0.41473333333333334,-5.498166666666667,-5.498166666666667,-0.8285,1.6933333333333334,-0.2944444444444443,0.7050000000000001,37.545,0.14650000000000002,-0.520625,-6.8420000000000005,100.0,0.0,0.0,108.64333333333333,0.0,0.0,0.0,0.0,0.0,0.0,0.0,6183.1,0.0,55.0,3.0,135.44,1.0,0.0,0.0,0.0,0.0,0.0,1.0,0.0,16.656,16.656,0.0,0.0,1.0,55.0,616.79921,10000.0,85.000001,85.000001,85.000001,85.000001,395.0,0.0,0.0,0.0,1.0,333.33500000000004,47.485,47.485,76.248,76.248,34.0,-2.7650000000000006,22.119999999999997,-0.023333333333326323,8.9625,0.0,1766.284,-6.85,100.0,29.911,31.965,17.214,20.469,0.0,0.0,0.0,0.0,0.0,0.0,0.0,3191.125,3579.6,1533.75,2098.9,306.2465,303.69,321.5905,320.15025,24.9989,21.7407,24.7958,23.4519,314.999998,314.999998,324.999988,324.999988,99.63704285714286,99.52958333333333,99.64175714285714,99.59118571428571,0.4673333333333334,0.36024999999999996,0.37233333333333335,0.5781666666666666,-4.646666666666668,-4.648333333333326,-5.897,-4.8645000000000005,57.243,36.8795,55.974,47.5745,81.546,46.051,80.0685,65.5835,78.318,44.207,78.5245,63.263,76.089,43.108,78.006,62.00233333333333,-0.6174999999999999,0.4275,0.08643,0.08496000000000001,0.0,112.665,113.11,107.71333333333334,109.57,0.0,0.0
334,0.0,0.0,0.0,1.0,1.0,0.0,0.0,1.0,0.0,100.0,1.0,1.1856,26.0,0.0,0.0,0.0,57.999998,100.0,26.0,26.0,26.0,26.0,0.6076666666666668,-2.4232,0.17550000000000002,305.847,-3.00435,-2.3131250000000003,-1.5642,-0.9633,-76.22999999999999,146.775,187.561625,0.0,0.0,0.0,0.0,0.4158,-5.498166666666667,-5.498166666666667,-0.7012,2.804333333333333,-0.19977777777777783,-1.921,36.311,0.1165,-0.48255000000000003,-7.3,100.0,0.0,0.0,104.22666666666666,0.0,0.0,0.0,0.0,0.0,0.0,0.0,5931.8,0.0,55.0,3.0,130.98666666666668,0.0,0.0,0.0,0.0,0.0,0.0,1.0,0.0,16.707,16.707,0.0,0.0,0.0,55.0,616.79921,10000.0,85.000001,85.000001,85.000001,85.000001,395.0,0.0,0.0,0.0,1.0,166.665,47.531,47.531,75.256,75.256,34.0,-0.054999999999999716,34.24,0.0,17.3325,0.0,1766.233,-9.195,100.0,29.517,32.730000000000004,15.899,21.145,0.0,0.0,0.0,0.0,0.0,0.0,0.0,2329.75,4184.8,1335.375,2594.0,308.538,301.90766666666667,322.044,318.986,25.0075,21.7455,24.8032,23.4577,314.999998,314.999998,324.999988,324.999988,99.63722857142857,99.5298,99.64188571428572,99.59131428571429,0.6270000000000002,0.5122500000000001,0.3958333333333333,0.5943333333333334,-7.3316666666666706,-4.118333333333332,-8.773,-3.4770000000000003,57.297,36.9095,56.02,47.6105,81.583,46.1665,80.068,65.605,78.353,44.315,78.5235,63.2855,76.118,43.2115,78.0025,62.025333333333336,-0.8034999999999999,0.6099999999999999,0.0863,0.07984500000000001,0.0,105.57,110.11,100.91666666666666,107.53666666666666,0.0,0.0
335,0.0,0.0,0.0,1.0,1.0,0.0,0.0,1.0,0.0,100.0,1.0,1.1856,26.0,0.0,0.0,0.0,57.999998,100.0,26.0,26.0,26.0,26.0,0.5622222222222222,-2.5365,0.21680000000000002,305.45,-2.88385,-2.46675,-1.1743999999999999,-1.0657,-74.49000000000001,146.2275,187.565,0.0,0.0,0.0,0.0,0.4168666666666667,-5.498166666666667,-5.498166666666667,-0.6137,1.052,-0.29688888888888876,2.877,35.048,0.1267,-0.47640000000000005,-10.963999999999999,100.0,0.0,0.0,102.11666666666667,0.0,0.0,0.0,0.0,0.0,0.0,0.0,5811.8,0.0,55.0,3.0,126.44666666666666,1.0,0.0,0.0,0.0,0.0,0.0,1.0,0.0,16.758,16.758,0.0,0.0,1.0,55.0,616.79921,10000.0,85.000001,85.000001,85.000001,85.000001,395.0,0.0,0.0,0.0,1.0,333.33500000000004,46.631,46.631,72.479,72.479,34.0,-0.2749999999999986,31.042,4.840000000000003,3.0625,0.0,1766.182,-11.629999999999999,100.0,29.03,32.829,17.328,20.033,0.0,0.0,0.0,0.0,0.0,0.0,0.0,3233.125,4187.0,2302.375,1190.1999999999998,306.301,302.2556666666667,319.47975,322.07475,25.016,21.7501,24.811,23.4632,314.999998,314.999998,324.999988,324.999988,99.6375,99.53001666666667,99.642,99.59141428571428,0.5859999999999999,0.5,0.53,0.7295,-6.664999999999999,-4.498333333333328,-2.8870000000000005,-6.0649999999999995,57.35,36.9385,56.069,47.6455,81.66,46.2765,80.0635,65.6205,78.425,44.4185,78.519,63.303,76.18299999999999,43.3105,77.996,62.04266666666667,-0.9884999999999999,0.798,0.087385,0.089995,0.0,103.315,106.185,103.53333333333333,100.70333333333333,0.0,0.0
336,0.0,0.0,0.0,1.0,1.0,0.0,0.0,1.0,0.0,100.0,1.0,1.1856,26.0,0.0,0.0,0.0,57.999998,100.0,26.0,26.0,26.0,26.0,0.7776666666666667,-2.3373,0.16795000000000002,305.054,-3.03165,-2.24275,-1.5838,-0.9217,-72.91,145.7425,187.57275,0.0,0.0,0.0,0.0,0.41783333333333333,-5.498166666666667,-5.498166666666667,-0.4692,4.610666666666667,-0.22344444444444456,-4.579000000000001,33.899,0.1262,-0.492475,-11.432,0.0,0.0,0.0,98.4,0.0,0.0,0.0,0.0,0.0,0.0,0.0,6960.5,0.0,55.0,0.0,122.3,0.0,0.0,0.0,0.0,0.0,0.0,1.0,0.0,16.806,16.806,0.0,0.0,0.0,55.0,616.79921,10000.0,85.000001,85.000001,85.000001,85.000001,395.0,0.0,0.0,0.0,1.0,166.665,46.188,46.188,74.86,74.86,34.0,0.625,39.292,0.45666666666667055,21.275,0.0,1766.134,-13.54,100.0,29.297,34.717,15.59,21.579,0.0,0.0,55.0,0.0,0.0,0.0,0.0,2617.0,4249.4,1226.625,2521.9,307.8005,301.4766666666667,322.427,318.98525,25.024,21.755,24.8179,23.4687,314.999998,314.999998,324.999988,324.999988,99.63767142857142,99.53021666666666,99.64208571428571,99.59154285714285,0.7269999999999999,0.623,0.6228333333333333,0.8336666666666667,-6.351666666666667,-3.9683333333333266,-6.618500000000001,-3.3340000000000005,57.4,36.969,56.112,47.6795,81.69800000000001,46.378,80.046,65.6455,78.461,44.514,78.502,63.329,76.213,43.402,77.9775,62.069,-1.126,0.9235,0.098225,0.085735,0.0,99.69,103.18,96.10666666666665,100.69666666666666,0.0,0.0
337,0.0,0.0,0.0,1.0,1.0,0.0,0.0,1.0,0.0,100.0,1.0,1.1856,26.0,0.0,0.0,0.0,57.999998,92.77833333333334,26.0,26.0,26.0,26.0,0.786,-2.3577000000000004,0.10585,305.923,-2.9144,-2.4015,-1.43405,-1.0493999999999999,-71.28999999999999,145.2625,187.58475,0.0,0.0,0.0,0.0,0.41883333333333334,-5.498166666666667,-5.498166666666667,-0.262,2.1243333333333334,-0.3771111111111112,1.032,32.684,0.1501,-0.40042500000000003,-13.072000000000001,0.0,0.0,0.0,96.73333333333333,0.0,0.0,0.0,0.0,0.0,0.0,0.0,7829.9,0.0,55.0,2.0,117.92,1.0,0.0,0.0,0.0,0.0,0.0,1.0,0.0,16.857,16.857,0.0,0.0,1.0,55.0,616.79921,10000.0,85.000001,85.000001,85.000001,85.000001,395.0,0.0,0.0,0.0,1.0,333.33500000000004,49.24,49.24,73.761,73.761,34.0,0.1875,23.582,6.536666666666669,20.567500000000003,0.0,1766.083,-15.615,100.0,28.387,32.849000000000004,16.021,21.061,0.0,0.0,0.0,0.0,0.0,0.0,0.0,2267.25,3365.3,2183.375,2388.5,308.815,304.646,320.1335,319.4325,25.0321,21.7595,24.8255,23.4743,314.999998,314.999998,324.999988,324.999988,99.63788571428572,99.53041666666667,99.64221428571429,99.59165714285714,0.8336666666666668,0.73525,0.7516666666666666,0.9456666666666667,-8.648333333333333,-5.033333333333331,-3.2935,-3.5280000000000005,57.451,36.9965,56.159,47.714,81.751,46.478,80.049,65.661,78.51,44.6075,78.50450000000001,63.3455,76.256,43.492,77.9775,62.086,-1.315,1.1244999999999998,0.09065500000000001,0.09022000000000001,0.0,93.695,98.605,96.36333333333334,97.10333333333332,0.0,0.0
338,0.0,0.0,0.0,1.0,1.0,0.0,0.0,1.0,0.0,100.0,1.0,1.1856,26.0,0.0,0.0,0.0,57.999998,87.10333333333334,26.0,26.0,26.0,26.0,0.9299999999999999,-1.7528000000000001,-0.0859,307.083,-3.09465,-2.270125,-1.61355,-0.8879,-69.62,144.79,187.599875,0.0,0.0,0.0,0.0,0.41983333333333334,-5.498166666666667,-5.498166666666667,-0.21080000000000002,-0.40900000000000003,-0.2909999999999999,-1.9,31.642,0.08610000000000001,-0.41090000000000004,-12.858,84.5,0.0,0.0,94.65,0.0,0.0,0.0,0.0,0.0,0.0,0.0,6411.4,0.0,55.0,2.0,114.16,0.0,0.0,0.0,0.0,0.0,0.0,1.0,0.0,16.911,16.911,0.0,0.0,0.0,55.0,616.79921,10000.0,85.000001,85.000001,85.000001,85.000001,395.0,0.0,0.0,0.0,1.0,166.665,51.239,51.239,74.234,74.234,34.0,3.4624999999999986,34.526,0.8033333333333346,4.205,0.0,1766.029,-22.21,100.0,25.844,32.214,15.735999999999999,22.395,0.0,0.0,0.0,0.0,0.0,0.0,0.0,1582.375,3501.7,1244.75,2521.6,310.562,304.00966666666665,322.2395,319.09325,25.0405,21.7642,24.8333,23.4803,314.999998,314.999998,324.999988,324.999988,99.63805714285714,99.53061666666666,99.64227142857143,99.59177142857143,1.21,1.0915,0.6611666666666667,0.8456666666666667,-5.311666666666667,-4.43333333333333,-5.9079999999999995,-7.227,57.503,37.0265,56.208,47.752,81.78,46.5825,80.0145,65.682,78.537,44.7055,78.471,63.368,76.279,43.5865,77.943,62.108666666666664,-1.7735,1.6019999999999999,0.09134500000000001,0.087525,0.0,93.125,95.965,93.4,95.90333333333334,0.0,0.0
339,0.0,0.0,0.0,1.0,1.0,0.0,0.0,1.0,0.0,100.0,1.0,1.1856,26.0,0.0,0.0,0.0,57.999998,82.995,26.0,26.0,26.0,26.0,0.7245555555555556,-2.1223,-0.1356,309.174,-3.0485,-2.3935,-1.5169000000000001,-0.9929,-68.25999999999999,144.425,187.612125,0.0,0.0,0.0,0.0,0.4206333333333333,-5.498166666666667,-5.498166666666667,-0.2883,-2.4726666666666666,-0.42688888888888865,-2.3,30.78,0.076,-0.398,-16.108,89.0,0.0,0.0,86.86333333333333,0.0,0.0,0.0,0.0,0.0,0.0,0.0,6429.5,0.0,55.0,2.0,111.00999999999999,1.0,0.0,0.0,0.0,0.0,0.0,1.0,0.0,16.956,16.956,0.0,0.0,1.0,55.0,616.79921,10000.0,85.000001,85.000001,85.000001,85.000001,395.0,0.0,0.0,0.0,1.0,333.33500000000004,53.574,53.574,75.424,75.424,34.0,0.10500000000000398,31.338,5.083333333333329,14.415,0.0,1765.982,-26.79,100.0,23.854,30.134,14.913999999999998,21.256999999999998,0.0,0.0,0.0,0.0,0.0,0.0,0.0,1591.375,3205.8,1378.375,1804.1,310.6785,304.982,321.90975,320.815,25.0472,21.7679,24.8397,23.4851,314.999998,314.999998,324.999988,324.999988,99.63815714285714,99.53078333333333,99.64232857142858,99.59187142857142,1.3703333333333334,1.2885,0.8191666666666666,1.0376666666666667,-8.976666666666667,-4.615000000000002,-2.3660000000000005,-3.681,57.545,37.0495,56.248,47.782,81.795,46.664,79.989,65.703,78.55,44.782,78.4465,63.39,76.288,43.66,77.917,62.131,-2.141,1.99,0.09549500000000001,0.086955,0.0,87.19,93.16499999999999,86.86333333333333,86.86333333333333,0.0,0.0
340,0.0,0.0,0.0,1.0,1.0,0.0,0.0,1.0,0.0,100.0,1.0,1.1856,26.0,0.0,0.0,0.0,57.999998,84.73333333333333,26.0,26.0,26.0,26.0,1.0261111111111112,-1.7444000000000002,-0.21905000000000002,310.608,-3.06685,-2.37,-1.5646499999999999,-0.9077,-66.76999999999998,144.045,187.62275,0.0,0.0,0.0,0.0,0.4215333333333333,-5.498166666666667,-5.498166666666667,-0.467,-3.5060000000000002,-0.4354444444444443,-0.5289999999999999,29.796999999999997,0.13140000000000002,-0.417875,-20.022,94.1,0.0,0.0,87.14,0.0,0.0,0.0,0.0,0.0,0.0,0.0,5835.7,0.0,55.0,2.0,107.48666666666668,0.0,0.0,0.0,0.0,0.0,0.0,0.0,0.0,17.007,17.007,0.0,0.0,0.0,55.0,616.79921,10000.0,85.000001,85.000001,85.000001,85.000001,395.0,0.0,0.0,0.0,1.0,166.665,54.214,54.214,77.59100000000001,77.59100000000001,34.0,4.482500000000002,37.448,0.18666666666666742,-0.932500000000001,0.0,1765.934,-29.395,100.0,22.541,29.046,13.501999999999999,20.14,0.0,0.0,0.0,0.0,0.0,0.0,0.0,1617.625,3516.1,778.0,1743.8,310.627,304.03066666666666,323.268,320.8445,25.0548,21.7721,24.8469,23.4905,314.999998,314.999998,324.999988,324.999988,99.63828571428571,99.53096666666667,99.6424,99.592,1.4126666666666665,1.36125,1.092,1.2968333333333333,-5.420000000000002,-4.44166666666667,-8.1335,-9.906,57.593,37.0755,56.293,47.8155,81.806,46.7465,79.9635,65.729,78.56,44.86,78.4215,63.4165,76.295,43.7345,77.891,62.157666666666664,-2.3615,2.235,0.09871500000000001,0.084625,0.0,87.255,90.565,85.88666666666667,88.39666666666668,0.0,0.0
341,1.0,0.0,0.0,1.0,1.0,0.0,0.0,1.0,0.0,100.0,1.0,1.1856,26.0,0.0,0.0,0.0,57.999998,82.52833333333334,26.0,26.0,26.0,26.0,0.9505555555555556,-1.8490000000000002,-0.10645,311.737,-3.08345,-2.362,-1.58985,-0.8142,-65.31,143.6975,187.629125,0.0,0.0,0.0,0.0,0.4224333333333333,-5.498166666666667,-5.498166666666667,-0.5886,-1.568,-0.42388888888888854,-0.19500000000000006,28.909,0.2242,-0.38020000000000004,-24.072,100.0,0.0,0.0,82.14,0.0,0.0,0.0,0.0,0.0,0.0,0.0,6087.9,0.0,55.0,0.0,104.28999999999999,1.0,0.0,0.0,0.0,0.0,0.0,0.0,0.0,17.058,17.058,0.0,0.0,1.0,55.0,616.79921,10000.0,85.000001,85.000001,85.000001,85.000001,395.0,0.0,0.0,0.0,1.0,166.665,55.42,55.42,79.269,79.269,34.0,4.497500000000002,39.416,-0.04333333333332945,0.47749999999999915,0.0,1765.882,-31.75,100.0,21.591,28.445999999999998,11.244,19.212,0.0,0.0,16.5,0.0,0.0,0.0,0.0,1396.75,3458.0,792.25,2206.5,311.1345,304.306,323.285,319.9815,25.0624,21.7763,24.854,23.4958,314.999998,314.999998,324.999988,324.999988,99.6384,99.53111666666666,99.64244285714285,99.59212857142857,1.4946666666666664,1.45975,1.55,1.733,-5.19166666666667,-4.221666666666671,-8.868500000000001,-8.468,57.64,37.102,56.338,47.849,81.815,46.825,79.928,65.75450000000001,78.568,44.933,78.387,63.4435,76.3,43.805,77.8555,62.184666666666665,-2.5345,2.411,0.09355500000000001,0.08447500000000001,0.0,84.515,88.215,79.11666666666667,85.16333333333333,0.0,0.0
342,1.0,0.0,0.0,1.0,1.0,0.0,0.0,1.0,0.0,100.0,1.0,1.1856,26.0,0.0,0.0,0.0,57.999998,82.93666666666667,26.0,26.0,26.0,26.0,1.1944444444444442,-1.8008000000000002,-0.1218,311.996,-3.14565,-2.373875,-1.64505,-0.7202,-63.97999999999999,143.4025,187.631625,0.0,0.0,0.0,0.0,0.42323333333333335,-5.498166666666667,-5.498166666666667,-0.6828000000000001,-1.8756666666666666,-0.39300000000000024,1.033,28.04,0.26890000000000003,-0.355625,-24.444000000000003,0.0,0.0,0.0,80.99000000000001,0.0,0.0,0.0,0.0,0.0,0.0,0.0,7809.1,0.0,55.0,0.0,101.14666666666668,0.0,0.0,0.0,0.0,0.0,0.0,0.0,0.0,17.106,17.106,0.0,0.0,0.0,55.0,616.79921,10000.0,85.000001,85.000001,85.000001,85.000001,395.0,0.0,0.0,0.0,1.0,166.665,55.634,55.634,79.971,79.971,34.0,5.890000000000001,39.3,-0.19333333333332803,25.9525,0.0,1765.834,-33.79,100.0,20.796,28.231,10.120999999999999,19.618000000000002,0.0,0.0,39.875,0.0,0.0,0.0,0.0,1345.375,3644.7,647.0,2443.9,311.275,303.81033333333335,323.54375,319.4015,25.0694,21.7802,24.8607,23.5009,314.999998,314.999998,324.999988,324.999988,99.6385,99.53128333333333,99.6425,99.59222857142858,1.6756666666666664,1.6484999999999999,1.716,1.8961666666666668,-4.725000000000001,-4.516666666666666,-9.5175,-3.6055,57.684,37.1265,56.379,47.8805,81.821,46.9065,79.9055,65.7715,78.57300000000001,45.01,78.365,63.462,76.302,43.8785,77.832,62.20333333333333,-2.6885,2.5745,0.10554500000000001,0.08911500000000001,0.0,82.05,85.535,78.29666666666667,83.68,0.0,0.0
343,0.0,0.0,0.0,1.0,1.0,0.0,0.0,1.0,0.0,100.0,1.0,1.1856,26.0,0.0,0.0,0.0,57.999998,86.99666666666667,26.0,26.0,26.0,26.0,1.2096666666666667,-1.9436,0.0824,311.478,-3.2359,-2.29225,-1.7354,-0.6866,-62.51999999999998,143.115,187.63175,0.0,0.0,0.0,0.0,0.4240666666666667,-5.498166666666667,-5.498166666666667,-0.7499,0.347,-0.33611111111111125,1.956,27.119,0.2368,-0.348625,-26.142,80.9,0.0,0.0,77.09333333333333,0.0,0.0,0.0,0.0,0.0,0.0,0.0,7746.3,0.0,55.0,1.0,97.78,1.0,0.0,0.0,0.0,0.0,0.0,0.0,0.0,17.16,17.16,0.0,0.0,1.0,55.0,616.79921,10000.0,85.000001,85.000001,85.000001,85.000001,395.0,0.0,0.0,0.0,1.0,166.665,54.825,54.825,79.025,79.025,34.0,2.0975000000000037,53.46,7.803333333333335,43.0775,0.0,1765.78,-36.665,100.0,20.462,28.912,9.261,20.256,0.0,0.0,0.0,0.0,0.0,0.0,0.0,1256.25,4214.0,821.375,2573.1,311.414,302.05733333333336,323.194,319.154,25.0773,21.7848,24.8682,23.5067,314.999998,314.999998,324.999988,324.999988,99.63861428571428,99.53148333333333,99.64254285714286,99.59234285714285,1.6676666666666664,1.64825,1.8318333333333332,2.001,-6.771666666666668,-4.049999999999997,-1.4809999999999999,-0.42100000000000026,57.733,37.155,56.426,47.9165,81.826,47.004,79.8735,65.79,78.578,45.1015,78.3335,63.482,76.304,43.966499999999996,77.7995,62.224666666666664,-2.8925,2.7765,0.10412,0.09098,0.0,77.55,83.16499999999999,76.84666666666666,77.34333333333333,0.0,0.0
344,1.0,0.0,0.0,1.0,1.0,0.0,0.0,1.0,0.0,100.0,1.0,1.1856,26.0,0.0,0.0,0.0,57.999998,79.525,26.0,26.0,26.0,26.0,1.041,-1.9555,-0.0786,312.073,-3.2094,-2.30725,-1.73475,-0.6952,-61.25999999999999,142.8975,187.63125,0.0,0.0,0.0,0.0,0.42483333333333334,-5.498166666666667,-5.498166666666667,-0.7587,-0.45533333333333337,-0.3403333333333336,-0.1399999999999999,26.294,0.2044,-0.322875,-24.748,85.7,0.0,0.0,74.6,0.0,0.0,0.0,0.0,0.0,0.0,0.0,7251.8,0.0,55.0,1.0,94.82,0.0,0.0,0.0,0.0,0.0,0.0,0.0,0.0,17.208,17.208,0.0,0.0,0.0,55.0,616.79921,10000.0,85.000001,85.000001,85.000001,85.000001,395.0,0.0,0.0,0.0,1.0,166.665,56.488,56.488,79.041,79.041,34.0,0.3200000000000003,39.748,9.590000000000003,35.2325,0.0,1765.732,-40.305,100.0,19.47,28.525,9.189,21.048000000000002,0.0,0.0,0.0,0.0,0.0,0.0,0.0,1103.75,3605.0,986.875,2399.6,311.93,303.8256666666667,322.81575,319.4725,25.0842,21.7888,24.8749,23.5118,314.999998,314.999998,324.999988,324.999988,99.63871428571429,99.53165,99.6426,99.59248571428571,1.9376666666666664,1.9162500000000002,1.79,1.965,-8.466666666666661,-4.469999999999999,-1.5730000000000004,-1.9170000000000003,57.776,37.18,56.468,47.949,81.829,47.0885,79.8415,65.8245,78.58,45.181,78.3025,63.5175,76.303,44.0425,77.7675,62.260333333333335,-3.148,3.0389999999999997,0.098275,0.08693500000000001,0.0,77.235,80.36,73.58,75.62333333333333,0.0,0.0
345,1.0,0.0,0.0,1.0,1.0,0.0,0.0,1.0,0.0,100.0,1.0,1.1856,26.0,0.0,0.0,0.0,57.999998,87.89333333333335,26.0,26.0,26.0,26.0,1.1384444444444446,-2.1155,0.03735,311.737,-3.1631,-2.322625,-1.7191,-0.6656,-60.03,142.7125,187.629125,0.0,0.0,0.0,0.0,0.4255666666666667,-5.498166666666667,-5.498166666666667,-0.8025,-0.5393333333333332,-0.36255555555555574,0.7000000000000002,25.474999999999998,0.1587,-0.299275,-26.544,90.5,0.0,0.0,71.58666666666667,0.0,0.0,0.0,0.0,0.0,0.0,0.0,6966.2,0.0,55.0,1.0,91.89333333333333,1.0,0.0,0.0,0.0,0.0,0.0,0.0,0.0,17.256,17.256,0.0,0.0,1.0,55.0,616.79921,10000.0,85.000001,85.000001,85.000001,85.000001,395.0,0.0,0.0,0.0,1.0,166.665,55.786,55.786,78.995,78.995,34.0,0.677500000000002,40.05,11.260000000000005,32.035,0.0,1765.684,-43.665,100.0,19.125999999999998,28.134999999999998,8.969000000000001,20.851,0.0,0.0,0.0,0.0,0.0,0.0,0.0,1459.75,3969.9,1084.875,2509.3,310.9665,302.844,322.649,319.278,25.0912,21.7927,24.8815,23.5169,314.999998,314.999998,324.999988,324.999988,99.6388,99.53183333333334,99.64262857142857,99.59261428571429,1.9916666666666667,2.009,1.8326666666666669,2.019833333333333,-8.288333333333334,-4.801666666666669,-1.2830000000000004,-2.8125,57.82,37.2045,56.509,47.9805,81.829,47.1735,79.809,65.8565,78.579,45.2605,78.2705,63.551,76.3,44.1195,77.735,62.294333333333334,-3.4665,3.371,0.10293000000000001,0.089285,0.0,71.72,77.655,70.58,72.59333333333333,0.0,0.0
346,1.0,0.0,0.0,1.0,1.0,0.0,0.0,1.0,0.0,100.0,1.0,1.1856,26.0,0.0,0.0,0.0,57.999998,79.57166666666666,26.0,26.0,26.0,26.0,1.1955555555555555,-1.9062999999999999,0.01005,311.905,-3.16425,-2.33825,-1.7469000000000001,-0.6571,-58.69,142.5475,187.6265,0.0,0.0,0.0,0.0,0.4263666666666667,-5.498166666666667,-5.498166666666667,-0.8525,-0.2230000000000001,-0.3448888888888888,0.714,24.506,0.11120000000000001,-0.3153,-27.94,95.9,0.0,0.0,68.07666666666667,0.0,0.0,0.0,0.0,0.0,0.0,0.0,6707.3,0.0,55.0,1.0,88.38333333333333,0.0,0.0,0.0,0.0,0.0,0.0,0.0,0.0,17.31,17.31,0.0,17.284,0.0,55.0,616.79921,10000.0,85.000001,85.000001,85.000001,85.000001,395.0,0.0,0.0,0.0,1.0,166.665,55.74,55.74,79.514,79.514,34.0,4.375,40.6,6.346666666666671,37.5625,0.0,1765.63,-46.81,100.0,19.409,28.254,8.796,21.353,0.0,0.0,0.0,0.0,0.0,0.0,0.0,1327.625,3982.0,838.75,2354.8,311.2625,302.7776666666667,323.14575,319.64225,25.099,21.7972,24.8889,23.5226,314.999998,314.999998,324.999988,324.999988,99.6389,99.53205,99.64268571428572,99.59277142857142,1.9666666666666668,1.99025,1.8771666666666669,2.047,-5.881666666666668,-4.791666666666671,-2.9320000000000004,-0.964,57.869,37.232,56.556,48.016,81.832,47.273,79.7765,65.8965,78.582,45.354,78.2385,63.5925,76.3,44.209,77.702,62.336,-3.702,3.6075,0.10411500000000001,0.088285,0.0,70.775,75.15,69.10333333333332,67.05,0.0,0.0
347,1.0,0.0,0.0,1.0,1.0,0.0,0.0,1.0,0.0,100.0,1.0,1.1856,26.0,0.0,0.0,0.0,57.999998,47.34,26.0,26.0,26.0,26.0,1.1514444444444445,-2.2314,-0.0213,312.18,-3.20095,-2.3373749999999998,-1.8002500000000001,-0.6089,-57.53999999999999,142.435,187.623875,0.0,0.0,0.0,0.0,0.4270333333333333,-5.498166666666667,-5.498166666666667,-0.8314,1.3086666666666666,-0.3203333333333336,0.488,23.653,0.0911,-0.28297500000000003,-31.474,100.0,0.0,0.0,67.37666666666667,0.0,0.0,0.0,0.0,0.0,0.0,0.0,6299.9,0.0,55.0,1.0,85.37666666666667,1.0,0.0,0.0,0.0,0.0,0.0,0.0,0.0,17.358,17.358,0.0,17.284,1.0,55.0,616.79921,10000.0,85.000001,85.000001,85.000001,85.000001,395.0,0.0,0.0,0.0,1.0,166.665,56.778,56.778,79.437,79.437,34.0,1.417500000000004,71.2,0.3100000000000023,1.545,0.0,1765.583,-47.515,100.0,18.792,27.889,8.503,21.364,0.0,0.0,0.0,0.0,0.0,0.0,0.0,1060.375,3889.5,744.75,2636.6,311.9565,303.02366666666666,323.34675,318.94,25.1059,21.8011,24.8955,23.5276,314.999998,314.999998,324.999988,324.999988,99.63897142857142,99.53218333333334,99.64271428571429,99.5929,1.6976666666666667,1.7417500000000001,2.0775,2.2228333333333334,-7.085000000000001,-1.9966666666666697,-7.911,-7.954000000000001,57.912,37.257,56.597,48.0475,81.826,47.341,79.744,65.9325,78.576,45.418,78.207,63.6295,76.292,44.2705,77.6695,62.373333333333335,-3.8025,3.7035,0.10085500000000001,0.087385,0.0,68.515,74.61,64.69,70.06666666666666,0.0,0.0
348,0.0,0.0,0.0,1.0,1.0,0.0,0.0,1.0,0.0,100.0,1.0,1.1856,26.0,0.0,0.0,0.0,57.999998,15.244999999999997,26.0,26.0,26.0,26.0,1.5886666666666667,-1.0313,0.09290000000000001,311.813,-3.2884,-2.236625,-1.8749,-0.5763,-56.43000000000001,142.3575,187.621125,0.0,0.0,0.0,0.0,0.4277,-5.498166666666667,-5.498166666666667,-0.7686000000000001,2.049,-0.25655555555555587,2.4720000000000004,22.922,-0.0053,-0.25995,-32.278000000000006,100.0,0.0,0.0,69.29666666666667,0.0,0.0,0.0,0.0,0.0,0.0,0.0,6479.5,0.0,55.0,1.0,82.63666666666667,0.0,0.0,0.0,0.0,0.0,0.0,0.0,0.0,17.406,17.406,0.0,17.284,0.0,55.0,616.79921,10000.0,85.000001,85.000001,85.000001,85.000001,395.0,0.0,0.0,0.0,1.0,166.665,57.831,57.831,77.438,77.438,34.0,3.1799999999999997,77.458,9.376666666666665,48.015,0.0,1765.534,-46.53,100.0,17.711,27.595,8.904,22.942,0.0,0.0,0.0,0.0,0.0,0.0,0.0,725.125,4026.8,962.25,2905.1,312.912,302.594,322.8205,318.306,25.1128,21.805,24.9021,23.5327,314.999998,314.999998,324.999988,324.999988,99.63901428571428,99.53226666666667,99.64275714285715,99.59301428571429,1.1686666666666667,1.2407500000000002,1.9761666666666668,2.1228333333333333,-1.3433333333333266,-0.6466666666666683,-1.9385000000000003,-1.2650000000000001,57.955,37.2815,56.638,48.0795,81.794,47.38,79.7175,65.9485,78.546,45.455,78.181,63.647,76.262,44.306,77.6425,62.391666666666666,-3.694,3.6135,0.10469500000000001,0.090645,0.0,70.28,73.57499999999999,67.82333333333332,70.77333333333333,0.0,0.0
349,0.0,0.0,0.0,1.0,1.0,0.0,0.0,1.0,0.0,100.0,1.0,1.1856,26.0,0.0,0.0,0.0,57.999998,0.0,26.0,26.0,26.0,26.0,1.2246666666666663,0.41600000000000015,-0.0357,312.302,-3.31655,-2.2022500000000003,-1.9008500000000002,-0.5873999999999999,-55.26999999999998,142.3175,187.6185,0.0,0.0,0.0,0.0,0.42836666666666673,-5.498166666666667,-5.498166666666667,-0.638,2.952,-0.25777777777777766,-4.291,22.663,-0.1107,-0.193075,-29.602,100.0,0.0,0.0,72.00666666666666,0.0,0.0,0.0,0.0,0.0,0.0,0.0,6732.8,0.0,55.0,1.0,81.53666666666666,1.0,0.0,0.0,0.0,0.0,0.0,0.0,0.0,17.457,17.457,0.0,17.284,1.0,55.0,616.79921,10000.0,85.000001,85.000001,85.000001,85.000001,395.0,0.0,0.0,0.0,1.0,333.33500000000004,61.768,61.768,74.57,74.57,34.0,0.6499999999999986,66.898,7.380000000000003,50.4,0.0,1765.482,-50.235,100.0,14.773,26.179,9.925999999999998,24.825,0.0,0.0,69.83333333333333,0.0,0.0,0.0,0.0,137.5,3373.5,1529.25,3139.4,314.609,304.33933333333334,321.739,317.68825,25.1201,21.8091,24.909,23.5383,314.999998,314.999998,324.999988,324.999988,99.63901428571428,99.53233333333333,99.64278571428571,99.5931,1.4033333333333338,1.4729999999999999,1.6018333333333332,1.7730000000000001,-0.2950000000000017,-0.06833333333332803,4.6375,1.6484999999999999,58.001,37.307,56.681,48.1145,81.74,47.41,79.6795,65.956,78.494,45.484,78.1435,63.656,76.213,44.334,77.6045,62.401666666666664,-3.9705000000000004,3.9105,0.11174,0.10043,0.0,70.315,72.985,71.96333333333334,72.05,0.0,0.0
350,0.0,0.0,0.0,1.0,1.0,0.0,0.0,1.0,0.0,100.0,1.0,1.1856,26.0,0.0,0.0,0.0,57.999998,0.0,26.0,26.0,26.0,26.0,1.2292222222222224,1.0231,0.0719,311.676,-3.08845,-2.6336250000000003,-1.7703,-0.8103,-54.099999999999994,142.3075,187.615,0.0,0.0,0.0,0.0,0.4290666666666667,-5.498166666666667,-5.498166666666667,-0.48210000000000003,3.057,-0.45444444444444443,-0.732,23.102,-0.1042,-0.12735000000000002,-31.651999999999997,100.0,0.0,0.0,75.68666666666667,0.0,0.0,0.0,0.0,0.0,0.0,0.0,7077.0,0.0,55.0,1.0,83.05666666666667,0.0,0.0,0.0,0.0,0.0,0.0,1.0,0.0,17.508,17.508,0.0,17.284,0.0,55.0,616.79921,10000.0,85.000001,85.000001,85.000001,85.000001,395.0,0.0,0.0,0.0,1.0,333.33500000000004,65.582,65.582,70.648,70.648,34.0,5.875,44.788,2.8299999999999983,30.835,0.0,1765.43,-65.14,100.0,12.975999999999999,21.986,14.989,26.328,0.0,0.0,96.09,0.0,0.0,0.0,0.0,538.25,2528.6,2370.125,3391.5,313.534,307.145,319.83,317.234,25.1274,21.8127,24.9161,23.5439,314.999998,314.999998,324.999988,324.999988,99.63902857142857,99.53241666666666,99.64291428571428,99.5932,2.327333333333333,2.4475000000000002,1.6646666666666667,1.836,-0.2466666666666697,-0.2466666666666697,8.5465,4.838,58.046,37.3295,56.726,48.149,81.687,47.447,79.693,65.9835,78.444,45.5185,78.156,63.6855,76.164,44.3675,77.6135,62.431333333333335,-5.016500000000001,5.0015,0.121645,0.11127500000000001,0.0,71.56,74.345,75.68666666666667,75.68666666666667,0.0,0.0
351,0.0,0.0,0.0,1.0,1.0,0.0,0.0,1.0,0.0,100.0,1.0,1.1856,26.0,0.0,0.0,0.0,57.999998,0.0,26.0,26.0,26.0,26.0,1.2294444444444443,1.117,0.02995,311.325,-3.1639,-2.7135,-1.8758,-0.7364999999999999,-52.97999999999999,142.3275,187.6125,0.0,0.0,0.0,0.0,0.4297333333333333,-5.498166666666667,-5.498166666666667,-0.4027,0.855,-0.3783333333333334,-0.10699999999999998,23.636,-0.0264,-0.124325,-36.144000000000005,100.0,0.0,0.0,78.73666666666668,0.0,0.0,0.0,0.0,0.0,0.0,0.0,7362.0,0.0,55.0,1.0,84.97333333333333,1.0,0.0,0.0,0.0,0.0,0.0,1.0,0.0,17.556,17.556,0.0,17.284,1.0,55.0,616.79921,10000.0,85.000001,85.000001,85.000001,85.000001,395.0,0.0,0.0,0.0,1.0,333.33500000000004,67.795,67.795,67.963,67.963,34.0,0.0,44.462,-0.12999999999999545,21.1,0.0,1765.383,-73.13499999999999,100.0,10.741999999999999,20.087,17.360999999999997,29.502,0.0,0.0,96.985,0.0,0.0,0.0,0.0,0.0,2887.6,1990.625,3717.5,315.0,306.068,320.579,316.36825,25.1341,21.8162,24.9229,23.5494,314.999998,314.999998,324.999988,324.999988,99.63902857142857,99.53251666666667,99.64308571428572,99.59338571428572,0.0,3.05825,2.0648333333333335,2.2265,0.0,-0.24166666666666714,10.781500000000001,6.5315,58.088,37.3515,56.768,48.1835,81.639,47.491,79.727,66.04,78.399,45.5595,78.188,63.742,76.12,44.4065,77.642,62.48766666666667,-5.702500000000001,5.718,0.12082500000000002,0.11930500000000001,0.0,72.255,76.06,78.73666666666668,78.73666666666668,0.0,0.0
352,0.0,0.0,0.0,1.0,1.0,0.0,0.0,1.0,0.0,100.0,1.0,1.1856,26.0,0.0,0.0,0.0,57.999998,0.0,26.0,26.0,26.0,26.0,1.472,0.7851000000000001,-0.04685,311.493,-3.091,-2.681875,-1.87965,-0.6436,-51.76999999999998,142.385,187.610375,0.0,0.0,0.0,0.0,0.43043333333333333,-5.498166666666667,-5.498166666666667,-0.3773,1.063,-0.3605555555555555,0.5590000000000002,24.098,0.12000000000000001,-0.107375,-42.402,100.0,0.0,0.0,78.85333333333332,0.0,0.0,0.0,0.0,0.0,0.0,0.0,7373.1,0.0,55.0,1.0,86.67333333333333,0.0,0.0,0.0,0.0,0.0,0.0,1.0,0.0,17.607,17.607,0.0,17.284,0.0,55.0,616.79921,10000.0,85.000001,85.000001,85.000001,85.000001,395.0,0.0,0.0,0.0,1.0,166.665,68.161,68.161,68.253,68.253,34.0,0.3400000000000034,43.626000000000005,0.6400000000000006,31.675,0.0,1765.332,-75.9,100.0,9.751999999999999,19.498,17.648,30.786,0.0,0.0,63.75333333333333,0.0,0.0,0.0,0.0,42.0,3080.9,1518.875,3439.2,314.813,305.414,321.64025,317.10325,25.1413,21.82,24.9299,23.5552,314.999998,314.999998,324.999988,324.999988,99.63904285714285,99.53265,99.64324285714285,99.59361428571428,3.137666666666667,3.3075,2.7798333333333334,2.8938333333333337,-0.5616666666666674,-0.26833333333333087,9.423,4.5895,58.133,37.375,56.812,48.2195,81.588,47.557,79.7575,66.1095,78.351,45.621,78.217,63.812,76.074,44.465,77.667,62.55733333333333,-5.9925,6.0125,0.11858,0.114665,0.0,73.92,77.805,78.85333333333332,78.85333333333332,0.0,0.0
353,0.0,0.0,0.0,1.0,1.0,0.0,0.0,1.0,0.0,100.0,1.0,1.1856,26.0,0.0,0.0,0.0,57.999998,0.0,26.0,26.0,26.0,26.0,1.754888888888889,0.5660000000000001,0.12805,310.867,-3.20965,-2.55525,-1.9775,-0.6174,-50.53,142.48,187.607125,0.0,0.0,0.0,0.0,0.4311666666666667,-5.498166666666667,-5.498166666666667,-0.37010000000000004,-0.5793333333333333,-0.24633333333333374,4.474,24.419,0.18780000000000002,-0.092125,-39.230000000000004,100.0,0.0,0.0,77.52,0.0,0.0,0.0,0.0,0.0,0.0,0.0,7248.3,0.0,55.0,1.0,87.85666666666667,1.0,0.0,0.0,0.0,0.0,0.0,1.0,0.0,17.658,17.658,0.0,17.284,1.0,55.0,616.79921,10000.0,85.000001,85.000001,85.000001,85.000001,395.0,0.0,0.0,0.0,1.0,333.33500000000004,68.32900000000001,68.32900000000001,66.376,66.376,34.0,0.0,36.15,9.053333333333327,59.6275,0.0,1765.282,-80.945,100.0,8.633,19.445,17.771,32.077,0.0,0.0,38.765,0.0,0.0,0.0,0.0,0.0,3532.1,1705.125,3857.8,315.0,304.30333333333334,321.1365,316.17175,25.1485,21.824,24.9369,23.561,314.999998,314.999998,324.999988,324.999988,99.63904285714285,99.53281666666666,99.64335714285714,99.59378571428572,0.0,3.997,2.720666666666667,2.8185000000000002,0.0,-0.16833333333332945,5.6235,1.999,58.178,37.4,56.856,48.256,81.529,47.638,79.7695,66.161,78.295,45.6965,78.2275,63.8645,76.021,44.5365,77.6745,62.61,-6.308,6.346,0.11391500000000002,0.101665,0.0,74.35499999999999,78.565,77.27666666666667,77.76333333333332,0.0,0.0
354,0.0,0.0,0.0,1.0,1.0,0.0,0.0,1.0,0.0,100.0,1.0,1.1856,26.0,0.0,0.0,0.0,57.999998,0.0,26.0,26.0,26.0,26.0,1.7296666666666667,0.4295,0.10775,310.837,-3.27375,-2.476,-2.1578,-0.4986999999999999,-49.359999999999985,142.61,187.604375,0.0,0.0,0.0,0.0,0.43186666666666673,-5.498166666666667,-5.498166666666667,-0.4086,-0.377,-0.17266666666666675,-1.116,24.599999999999998,0.14800000000000002,-0.11672500000000001,-37.93,100.0,0.0,0.0,77.83333333333333,0.0,0.0,0.0,0.0,0.0,0.0,0.0,7277.7,0.0,55.0,1.0,88.52,0.0,0.0,0.0,0.0,0.0,0.0,1.0,0.0,17.706,17.706,0.0,17.284,0.0,55.0,616.79921,10000.0,85.000001,85.000001,85.000001,85.000001,395.0,0.0,0.0,0.0,1.0,166.665,67.673,67.673,66.986,66.986,34.0,0.0,24.228,8.476666666666674,57.9675,0.0,1765.233,-87.5,100.0,8.504999999999999,20.56,16.583,33.514,0.0,0.0,27.34,0.0,0.0,0.0,0.0,0.0,3794.9,1496.125,3610.3,315.0,303.32033333333334,321.7795,316.7045,25.1551,21.828,24.9434,23.5665,314.999998,314.999998,324.999988,324.999988,99.63904285714285,99.53305,99.64344285714286,99.59394285714286,0.0,4.6185,2.5685000000000002,2.7083333333333335,0.0,-0.19166666666666998,5.166,1.704,58.22,37.425,56.896,48.2905,81.471,47.745,79.7565,66.202,78.24,45.7965,78.2145,63.9065,75.968,44.632,77.659,62.65266666666667,-6.8425,6.8715,0.11113500000000001,0.10440500000000001,0.0,74.35499999999999,78.985,77.55666666666667,78.11333333333333,0.0,0.0
355,0.0,0.0,0.0,1.0,1.0,0.0,0.0,1.0,0.0,100.0,1.0,1.1856,26.0,0.0,0.0,0.0,57.999998,0.0,26.0,26.0,26.0,26.0,1.7102222222222223,0.27280000000000015,-0.06515,310.989,-3.17245,-2.604875,-2.04145,-0.6478999999999999,-48.120000000000005,142.7925,187.60175,0.0,0.0,0.0,0.0,0.4326333333333333,-5.498166666666667,-5.498166666666667,-0.43570000000000003,-0.20066666666666677,-0.24833333333333352,-1.935,24.766,0.0886,-0.1303,-36.751999999999995,100.0,0.0,0.0,77.64,0.0,0.0,0.0,0.0,0.0,0.0,0.0,7259.6,0.0,55.0,1.0,89.13333333333333,1.0,0.0,0.0,0.0,0.0,0.0,1.0,0.0,17.757,17.757,0.0,17.284,1.0,55.0,616.79921,10000.0,85.000001,85.000001,85.000001,85.000001,395.0,0.0,0.0,0.0,1.0,166.665,67.352,67.352,67.474,67.474,34.0,0.23750000000000426,7.628,13.793333333333337,50.4275,0.0,1765.184,-95.155,100.0,8.408999999999999,20.923000000000002,16.491999999999997,33.509,0.0,0.0,19.806666666666665,0.0,0.0,0.0,0.0,110.375,3504.7,1567.875,3078.1,314.746,304.0156666666667,321.6065,317.824,25.1622,21.8324,24.9503,23.5723,314.999998,314.999998,324.999988,324.999988,99.63904285714285,99.53331666666666,99.64351428571429,99.59407142857143,5.078,5.23475,2.3325,2.4801666666666664,-2.3883333333333283,-0.2083333333333286,3.44,1.407,58.264,37.452,56.939,48.3265,81.41,47.8745,79.7415,66.235,78.184,45.9175,78.199,63.941,75.914,44.747,77.6415,62.687333333333335,-7.4745,7.5225,0.11270500000000001,0.10148000000000001,0.0,74.725,79.35499999999999,76.89,78.39333333333333,0.0,0.0
356,0.0,0.0,0.0,1.0,1.0,0.0,0.0,1.0,0.0,100.0,1.0,1.1856,26.0,0.0,0.0,0.0,57.999998,0.0,26.0,26.0,26.0,26.0,2.0311111111111115,0.11739999999999995,0.0219,311.203,-3.16175,-2.622125,-2.06965,-0.5652999999999999,-46.870000000000005,143.0225,187.59825,0.0,0.0,0.0,0.0,0.4334,-5.498166666666667,-5.498166666666667,-0.45020000000000004,-0.14533333333333331,-0.1985555555555556,1.8439999999999999,24.846,0.02,-0.11845,-37.766,100.0,0.0,0.0,76.58,0.0,0.0,0.0,0.0,0.0,0.0,0.0,7160.3,0.0,55.0,1.0,89.45,0.0,0.0,0.0,0.0,0.0,0.0,1.0,0.0,17.808,17.808,0.0,17.284,0.0,55.0,616.79921,10000.0,85.000001,85.000001,85.000001,85.000001,395.0,0.0,0.0,0.0,1.0,166.665,67.474,67.474,68.024,68.024,34.0,0.0,-0.6439999999999984,13.11,62.120000000000005,0.0,1765.133,-104.965,100.0,8.408999999999999,20.839,16.019,33.13,0.0,0.0,0.0,0.0,0.0,0.0,0.0,0.0,3765.5,1224.0,3455.8,315.0,303.4463333333333,322.297,317.029,25.1692,21.8367,24.9571,23.578,314.999998,314.999998,324.999988,324.999988,99.63905714285714,99.5336,99.64355714285715,99.5942,0.0,5.708,2.2316666666666665,2.3723333333333336,0.0,-0.25166666666666515,1.908,0.30800000000000005,58.307,37.4795,56.982,48.3625,81.358,48.018,79.716,66.2605,78.134,46.0505,78.1735,63.968,75.866,44.874,77.615,62.715333333333334,-8.182,8.2335,0.10709500000000001,0.09897,0.0,75.895,79.655,75.52333333333333,77.63333333333333,0.0,0.0
357,0.0,0.0,0.0,1.0,1.0,0.0,0.0,1.0,0.0,100.0,1.0,1.1856,26.0,0.0,0.0,0.0,57.999998,0.0,26.0,26.0,26.0,26.0,2.0796666666666668,-0.38849999999999996,0.059750000000000004,310.928,-3.26305,-2.4895,-2.2089,-0.41569999999999996,-45.71000000000001,143.28,187.594375,0.0,0.0,0.0,0.0,0.43410000000000004,-5.498166666666667,-5.498166666666667,-0.4998,-1.3903333333333334,-0.05900000000000016,1.8210000000000002,24.698,-0.1575,-0.135125,-40.11,100.0,0.0,0.0,75.15,0.0,0.0,0.0,0.0,0.0,0.0,0.0,7026.6,0.0,55.0,1.0,88.95333333333333,1.0,0.0,0.0,0.0,0.0,0.0,1.0,0.0,17.856,17.856,0.0,17.284,1.0,55.0,616.79921,10000.0,85.000001,85.000001,85.000001,85.000001,395.0,0.0,0.0,0.0,1.0,333.33500000000004,66.284,66.284,68.57300000000001,68.57300000000001,34.0,0.0,2.2780000000000022,8.25333333333333,70.30250000000001,0.0,1765.083,-110.125,100.0,8.489999999999998,22.211,14.443999999999999,33.89,0.0,0.0,0.0,0.0,0.0,0.0,0.0,0.0,4359.8,823.0,3803.6000000000004,315.0,301.652,323.17025,316.212,25.1758,21.8411,24.9635,23.5834,314.999998,314.999998,324.999988,324.999988,99.63905714285714,99.53391666666667,99.6436,99.5943,0.0,5.63825,1.9366666666666668,2.0685000000000002,0.0,-0.1700000000000017,-0.6560000000000001,-0.5585,58.349000000000004,37.5065,57.022,48.3965,81.3,48.1705,79.6785,66.2825,78.08,46.1925,78.1365,63.992,75.814,45.009,77.577,62.74,-8.6545,8.71,0.103415,0.087675,0.0,75.895,79.305,73.55333333333333,76.74666666666667,0.0,0.0
358,0.0,0.0,0.0,1.0,1.0,0.0,0.0,1.0,0.0,100.0,1.0,1.1856,26.0,0.0,0.0,0.0,57.999998,0.0,26.0,26.0,26.0,26.0,2.061,-0.35419999999999996,0.024650000000000002,311.188,-3.1228,-2.5195,-2.1271500000000003,-0.4639,-44.5,143.6025,187.59025,0.0,0.0,0.0,0.0,0.43483333333333335,-5.498166666666667,-5.498166666666667,-0.5508000000000001,-0.9213333333333333,-0.16422222222222205,-1.21,24.581,-0.2106,-0.1431,-43.924,100.0,0.0,0.0,74.87,0.0,0.0,0.0,0.0,0.0,0.0,0.0,7000.5,0.0,55.0,1.0,88.53333333333333,0.0,0.0,0.0,0.0,0.0,0.0,1.0,0.0,17.907,17.907,0.0,17.284,0.0,55.0,616.79921,10000.0,85.000001,85.000001,85.000001,85.000001,395.0,0.0,0.0,0.0,1.0,333.33500000000004,65.872,65.872,69.229,69.229,34.0,0.09499999999999886,2.261999999999997,17.64333333333333,55.410000000000004,0.0,1765.031,-113.865,100.0,8.576,22.785,13.600999999999999,33.367,0.0,0.0,0.0,0.0,0.0,0.0,0.0,46.0,3879.8,1448.875,3153.3,314.8805,303.02166666666665,321.8665,317.7165,25.1827,21.8457,24.9703,23.5892,314.999998,314.999998,324.999988,324.999988,99.63905714285714,99.53426666666667,99.64362857142856,99.59441428571428,5.344333333333333,5.5832500000000005,2.0776666666666666,2.199,0.26833333333333087,-0.18166666666667197,-0.41100000000000003,-0.6070000000000002,58.392,37.536,57.064,48.4325,81.24,48.3325,79.639,66.302,78.023,46.3435,78.098,64.0135,75.76,45.1525,77.5375,62.76233333333333,-8.987,9.039000000000001,0.10749,0.08688000000000001,0.0,75.85499999999999,79.17,73.23333333333332,76.50999999999999,0.0,0.0
359,0.0,0.0,0.0,1.0,1.0,0.0,0.0,1.0,0.0,100.0,1.0,1.1856,26.0,0.0,0.0,0.0,57.999998,0.0,26.0,26.0,26.0,26.0,1.7455555555555557,-0.3413999999999999,0.015000000000000001,311.462,-3.2188,-2.49,-2.1685,-0.43209999999999993,-43.29999999999998,143.97,187.585125,0.0,0.0,0.0,0.0,0.4355666666666667,-5.498166666666667,-5.498166666666667,-0.5957,-0.5700000000000001,-0.12188888888888894,1.8940000000000001,24.469,-0.19990000000000002,-0.14602500000000002,-47.342,100.0,0.0,0.0,75.30666666666667,0.0,0.0,0.0,0.0,0.0,0.0,0.0,7041.3,0.0,55.0,1.0,88.11333333333333,1.0,0.0,0.0,0.0,0.0,0.0,1.0,0.0,17.958,17.958,0.0,17.284,1.0,55.0,616.79921,10000.0,85.000001,85.000001,85.000001,85.000001,395.0,0.0,0.0,0.0,1.0,333.33500000000004,65.781,65.781,69.672,69.672,34.0,0.0,3.4259999999999984,10.906666666666666,63.06,0.0,1764.982,-116.81,100.0,8.948,22.851,13.419999999999998,32.59,0.0,0.0,16.214999999999996,0.0,0.0,0.0,0.0,0.0,4233.9,939.625,3504.6,315.0,302.142,322.8935,316.9945,25.1896,21.8504,24.977,23.5948,314.999998,314.999998,324.999988,324.999988,99.63905714285714,99.5346,99.64367142857142,99.59452857142857,0.0,5.58175,2.2838333333333334,2.3836666666666666,0.0,-0.13333333333332575,0.18599999999999994,-0.03750000000000009,58.435,37.565,57.107,48.4675,81.184,48.492,79.603,66.322,77.97,46.492,78.0625,64.0345,75.708,45.294,77.5015,62.784666666666666,-9.238,9.2975,0.10293500000000001,0.09386000000000001,0.0,75.67,78.985,73.67,76.94,0.0,0.0
360,1.0,0.0,0.0,1.0,1.0,0.0,0.0,1.0,0.0,100.0,1.0,1.1856,26.0,0.0,0.0,0.0,57.999998,56.03666666666667,26.0,26.0,26.0,26.0,2.0751111111111116,-1.1259000000000001,-0.076,312.057,-3.2027,-2.51975,-2.11335,-0.46699999999999997,-42.19,144.3575,187.579875,0.0,0.0,0.0,0.0,0.4362666666666667,-5.498166666666667,-5.498166666666667,-0.6191,-1.396,-0.14322222222222214,0.9740000000000002,24.267,-0.1506,-0.146625,-47.156000000000006,100.0,0.0,0.0,72.35333333333332,0.0,0.0,0.0,0.0,0.0,0.0,0.0,6765.1,0.0,55.0,1.0,87.48333333333333,0.0,0.0,0.0,0.0,0.0,0.0,0.0,0.0,18.006,18.006,0.0,17.284,0.0,55.0,616.79921,10000.0,85.000001,85.000001,85.000001,85.000001,395.0,0.0,0.0,0.0,1.0,166.665,67.078,67.078,69.534,69.534,34.0,0.0,-3.4140000000000015,9.916666666666671,53.5375,0.0,1764.934,-119.135,100.0,8.971,22.747,13.166999999999998,32.852000000000004,0.0,0.0,0.0,0.0,0.0,0.0,0.0,0.0,3793.8,1110.625,3442.6,315.0,303.406,322.48975,317.0495,25.1961,21.8547,24.9834,23.6002,314.999998,314.999998,324.999988,324.999988,99.63905714285714,99.53491666666666,99.6437,99.59465714285714,0.0,5.917,2.4458333333333337,2.5346666666666664,0.0,0.06666666666666998,-2.9835000000000003,-1.9365,58.476,37.592,57.146,48.5015,81.126,48.643,79.57300000000001,66.351,77.915,46.6325,78.033,64.0655,75.656,45.4275,77.4705,62.81666666666666,-9.442,9.512,0.10529000000000001,0.08507500000000001,0.0,55.86,78.41,70.08333333333333,74.62333333333333,0.0,0.0
361,0.0,0.0,0.0,1.0,1.0,0.0,0.0,1.0,0.0,100.0,1.0,1.1856,26.0,0.0,0.0,0.0,57.999998,65.09833333333333,26.0,26.0,26.0,26.0,2.0243333333333338,-1.2376,-0.015050000000000001,311.829,-3.26605,-2.4383749999999997,-2.1786000000000003,-0.4122,-41.06,144.81,187.57325,0.0,0.0,0.0,0.0,0.437,-5.498166666666667,-5.498166666666667,-0.7411,-2.083666666666667,-0.11577777777777776,-3.629,23.663,-0.1085,-0.16390000000000002,-51.523999999999994,100.0,0.0,0.0,68.56,0.0,0.0,0.0,0.0,0.0,0.0,0.0,6410.6,0.0,55.0,1.0,85.32,1.0,0.0,0.0,0.0,0.0,0.0,0.0,0.0,18.057,18.057,0.0,17.284,1.0,55.0,616.79921,10000.0,85.000001,85.000001,85.000001,85.000001,395.0,0.0,0.0,0.0,1.0,166.665,64.224,64.224,71.213,71.213,34.0,0.0,3.6519999999999975,-0.06333333333333258,37.0525,0.0,1764.884,-118.34,100.0,9.120999999999999,24.112,11.791,32.365,0.0,0.0,0.0,0.0,0.0,0.0,0.0,0.0,4632.0,384.0,3162.6,315.0,300.7323333333333,324.16675,317.5885,25.2029,21.8595,24.9901,23.6058,314.999998,314.999998,324.999988,324.999988,99.63905714285714,99.53528333333334,99.64374285714285,99.5948,0.0,5.58375,2.8973333333333335,2.9441666666666664,0.0,-0.6299999999999955,-8.245000000000001,-2.9555,58.518,37.622,57.188,48.5365,81.065,48.8115,79.539,66.384,77.858,46.79,77.9995,64.1005,75.601,45.5775,77.436,62.852,-9.374500000000001,9.426,0.10364000000000001,0.080445,0.0,11.909999999999997,76.555,65.21333333333332,71.91,0.0,0.0
362,0.0,0.0,0.0,1.0,1.0,0.0,0.0,1.0,0.0,100.0,1.0,1.1856,26.0,0.0,0.0,0.0,57.999998,83.08666666666667,26.0,26.0,26.0,26.0,2.0202222222222224,-1.6668,0.032600000000000004,311.066,-3.0472,-2.6185,-1.9846,-0.5313,-39.91,145.3225,187.565,0.0,0.0,0.0,0.0,0.4377333333333333,-5.498166666666667,-5.498166666666667,-0.8664000000000001,-1.6973333333333334,-0.28511111111111154,-2.056,22.811,0.0213,-0.193775,-55.32600000000001,100.0,0.0,0.0,65.91666666666667,0.0,0.0,0.0,0.0,0.0,0.0,0.0,6163.3,0.0,55.0,1.0,82.28666666666666,0.0,0.0,0.0,0.0,0.0,0.0,0.0,0.0,18.111,18.111,0.0,17.284,0.0,55.0,616.79921,10000.0,85.000001,85.000001,85.000001,85.000001,395.0,0.0,0.0,0.0,1.0,166.665,60.745,60.745,72.128,72.128,34.0,-0.09499999999999886,18.516,-0.46999999999999886,15.469999999999999,0.0,1764.829,-111.42,100.0,10.605,25.586,11.472999999999999,29.773,0.0,0.0,0.0,0.0,0.0,0.0,0.0,619.375,4559.4,948.875,2601.2,313.283,300.778,322.8835,318.95125,25.2101,21.8647,24.9972,23.6116,314.999998,314.999998,324.999988,324.999988,99.63925714285715,99.53565,99.6438,99.59494285714285,4.6803333333333335,5.00425,3.5911666666666666,3.58,-90.28999999999999,-0.34166666666666856,-7.883000000000001,-3.99,58.563,37.653999999999996,57.232,48.5725,81.166,48.985,79.52,66.424,77.952,46.9515,77.9805,64.142,75.685,45.732,77.415,62.894666666666666,-8.889,8.916,0.09326000000000001,0.08565,0.0,8.120000000000005,70.725,63.593333333333334,68.24,0.0,0.0
363,1.0,0.0,0.0,1.0,1.0,0.0,0.0,1.0,0.0,100.0,1.0,1.1856,26.0,0.0,0.0,0.0,57.999998,79.81166666666667,26.0,26.0,26.0,26.0,1.9217777777777778,-1.9748,0.028800000000000003,311.066,-3.2067,-2.5095,-2.0358,-0.46729999999999994,-39.00999999999999,145.7725,187.558125,0.0,0.0,0.0,0.0,0.4383333333333333,-5.498166666666667,-5.498166666666667,-0.9214,-0.5476666666666667,-0.3105555555555557,-0.0009999999999998899,22.009999999999998,0.18780000000000002,-0.20315,-56.492,100.0,0.0,0.0,64.34,0.0,0.0,0.0,0.0,0.0,0.0,0.0,6016.0,0.0,55.0,1.0,79.45666666666666,1.0,0.0,0.0,0.0,0.0,0.0,0.0,0.0,18.156,18.156,0.0,17.284,1.0,55.0,616.79921,10000.0,85.000001,85.000001,85.000001,85.000001,395.0,0.0,0.0,0.0,1.0,333.33500000000004,59.83,59.83,72.647,72.647,34.0,-0.1075000000000017,0.8079999999999998,4.203333333333333,-1.3674999999999997,0.0,1764.784,-103.42,100.0,12.298,26.558,10.854,28.02,0.0,0.0,0.0,0.0,0.0,0.0,0.0,561.875,4552.1,1031.25,2909.8,313.4645,300.901,322.742,318.36225,25.2162,21.869,25.003,23.6163,314.999998,314.999998,324.999988,324.999988,99.63954285714286,99.53593333333333,99.64385714285714,99.59511428571429,4.154666666666667,4.49375,4.291333333333333,4.224833333333333,-61.04166666666667,-5.475000000000001,-3.5335,-6.308,58.601,37.681,57.269,48.6015,81.326,49.118,79.5015,66.4695,78.102,47.0755,77.9615,64.1885,75.82,45.85,77.395,62.94133333333333,-8.2865,8.2895,0.10254500000000001,0.0834,0.0,27.569999999999993,67.66499999999999,61.213333333333324,67.46666666666667,0.0,0.0
364,0.0,0.0,0.0,1.0,1.0,0.0,0.0,1.0,0.0,100.0,1.0,1.1856,26.0,0.0,0.0,0.0,57.999998,64.63,26.0,26.0,26.0,26.0,1.9603333333333337,-1.6207,-0.158,311.874,-3.30305,-2.34625,-2.0250000000000004,-0.4915999999999999,-38.04999999999998,146.3025,187.550875,0.0,0.0,0.0,0.0,0.4389666666666667,-5.498166666666667,-5.498166666666667,-0.9604,-0.954,-0.2884444444444445,-3.158,21.177,0.25470000000000004,-0.20615,-51.162,100.0,0.0,0.0,61.82666666666667,0.0,0.0,0.0,0.0,0.0,0.0,0.0,5781.0,0.0,55.0,1.0,76.41666666666666,0.0,0.0,0.0,0.0,0.0,0.0,0.0,0.0,18.207,18.207,0.0,17.284,0.0,55.0,616.79921,10000.0,85.000001,85.000001,85.000001,85.000001,395.0,0.0,0.0,0.0,1.0,166.665,60.852,60.852,73.166,73.166,34.0,0.0,7.618000000000002,0.9866666666666717,10.1225,0.0,1764.733,-98.205,100.0,12.472,27.039,9.992999999999999,28.29,0.0,0.0,0.0,0.0,0.0,0.0,0.0,0.0,4317.7,769.625,2946.6,315.0,301.5756666666667,323.3135,318.076,25.223,21.8737,25.0097,23.6217,314.999998,314.999998,324.999988,324.999988,99.63962857142857,99.53623333333333,99.64391428571429,99.5953,0.0,4.43925,4.313666666666667,4.253333333333333,0.0,-4.725000000000001,-5.2195,-3.8975,58.644,37.7105,57.311,48.6355,81.338,49.252,79.4765,66.5285,78.112,47.201,77.9375,64.2485,75.827,45.97,77.369,63.00233333333333,-7.7885,7.784,0.10296500000000001,0.07969000000000001,0.0,4.799999999999997,65.735,59.09,64.56333333333333,0.0,0.0
365,0.0,0.0,0.0,1.0,1.0,0.0,0.0,1.0,0.0,100.0,1.0,1.1856,26.0,0.0,0.0,0.0,57.999998,75.43333333333334,26.0,26.0,26.0,26.0,1.8210000000000002,-1.8274,0.0459,311.554,-3.28555,-2.3421250000000002,-1.90195,-0.5855999999999999,-37.150000000000006,146.8525,187.54275,0.0,0.0,0.0,0.0,0.43960000000000005,-5.498166666666667,-5.498166666666667,-1.0361,-0.8326666666666669,-0.3570000000000002,-0.8859999999999999,20.303,0.2119,-0.213375,-48.282,100.0,0.0,0.0,58.906666666666666,0.0,0.0,0.0,0.0,0.0,0.0,0.0,5507.9,0.0,55.0,1.0,73.29666666666665,1.0,0.0,0.0,0.0,0.0,0.0,0.0,0.0,18.258,18.258,0.0,17.284,1.0,55.0,616.79921,10000.0,85.000001,85.000001,85.000001,85.000001,395.0,0.0,0.0,0.0,1.0,333.33500000000004,59.052,59.052,73.517,73.517,34.0,-0.022500000000000853,7.375999999999998,0.3500000000000014,3.0024999999999995,0.0,1764.68,-95.575,100.0,13.158999999999999,27.416,9.972000000000001,27.233,0.0,0.0,0.0,0.0,0.0,0.0,0.0,239.375,4695.3,716.625,2592.0,314.4125,300.589,323.311,318.944,25.2299,21.8784,25.0163,23.627,314.999998,314.999998,324.999988,324.999988,99.6399,99.53653333333334,99.64397142857143,99.59547142857143,3.9880000000000004,4.24775,4.1335,4.0920000000000005,-86.47833333333334,-5.339999999999996,-6.099,-5.3705,58.687,37.74,57.352,48.669,81.477,49.391,79.454,66.575,78.242,47.331,77.9145,64.297,75.943,46.0945,77.345,63.051,-7.627,7.6065000000000005,0.099625,0.079805,0.0,5.944999999999993,62.64,57.45666666666666,60.35666666666667,0.0,0.0
366,1.0,0.0,0.0,1.0,1.0,0.0,0.0,1.0,0.0,100.0,1.0,1.1856,26.0,0.0,0.0,0.0,57.999998,44.105,26.0,26.0,26.0,26.0,2.074555555555556,-1.6108,0.12535000000000002,311.386,-3.26535,-2.2748749999999998,-1.89905,-0.624,-36.359999999999985,147.3875,187.53525,0.0,0.0,0.0,0.0,0.4401666666666667,-5.498166666666667,-5.498166666666667,-1.0501,0.24166666666666659,-0.46899999999999986,-1.4969999999999999,19.496,0.0984,-0.19792500000000002,-46.472,100.0,0.0,0.0,57.620000000000005,0.0,0.0,0.0,0.0,0.0,0.0,0.0,5387.5,0.0,55.0,1.0,70.36333333333334,0.0,0.0,0.0,0.0,0.0,0.0,0.0,0.0,18.306,18.306,0.0,17.284,0.0,55.0,616.79921,10000.0,85.000001,85.000001,85.000001,85.000001,395.0,0.0,0.0,0.0,1.0,166.665,58.502,58.502,73.303,73.303,34.0,-0.05250000000000199,43.36,3.730000000000004,18.02,0.0,1764.635,-93.645,100.0,13.270999999999999,27.978,9.797,26.178,0.0,0.0,0.0,0.0,0.0,0.0,0.0,558.625,4605.0,1110.625,2607.6,313.5905,300.95433333333335,322.60975,318.92025,25.2364,21.8829,25.0225,23.632,314.999998,314.999998,324.999988,324.999988,99.64005714285715,99.53676666666667,99.64401428571429,99.5956,3.553,3.8375000000000004,3.8623333333333334,3.841,-98.155,-2.719999999999999,-4.69,-2.9110000000000005,58.727,37.768,57.391,48.7,81.57300000000001,49.494,79.4325,66.6065,78.331,47.4275,77.8935,64.3295,76.022,46.187,77.3225,63.08433333333333,-7.445,7.4245,0.09799500000000001,0.08922000000000001,0.0,2.375,62.06,55.32333333333332,59.91666666666667,0.0,0.0
367,0.0,0.0,0.0,1.0,1.0,0.0,0.0,1.0,0.0,100.0,1.0,1.1856,26.0,0.0,0.0,0.0,57.999998,18.683333333333334,26.0,26.0,26.0,26.0,1.996888888888889,-0.9163,-0.08415,312.164,-3.41765,-2.135375,-2.02735,-0.4082,-35.579999999999984,147.9725,187.528,0.0,0.0,0.0,0.0,0.4407333333333333,-5.498166666666667,-5.498166666666667,-1.0115,2.611666666666667,-0.3177777777777777,0.08000000000000007,18.87,-0.1666,-0.1955,-46.842,100.0,0.0,0.0,56.63666666666667,0.0,0.0,0.0,0.0,0.0,0.0,0.0,5295.7,0.0,55.0,1.0,68.03333333333333,1.0,0.0,0.0,0.0,0.0,0.0,0.0,0.0,18.357,18.357,0.0,17.284,1.0,55.0,616.79921,10000.0,85.000001,85.000001,85.000001,85.000001,395.0,0.0,0.0,0.0,1.0,166.665,60.364,60.364,72.845,72.845,34.0,0.0,88.886,1.3833333333333329,47.33,0.0,1764.584,-92.235,100.0,12.821,28.552,9.562000000000001,26.694,0.0,0.0,0.0,0.0,0.0,0.0,0.0,0.0,4576.2,284.375,3231.0,315.0,300.6383333333333,324.4,317.596,25.2433,21.8877,25.029,23.6373,314.999998,314.999998,324.999988,324.999988,99.64017142857143,99.53695,99.64405714285714,99.59571428571428,0.0,2.7035,3.121,3.1368333333333336,0.0,-0.8416666666666686,-3.636,-0.9045000000000001,58.771,37.798,57.432,48.733,81.612,49.5735,79.4015,66.6305,78.367,47.503,77.863,64.355,76.053,46.2595,77.2915,63.11033333333334,-7.301,7.2765,0.10272,0.09091500000000001,0.0,0.0,61.394999999999996,54.05,59.22333333333333,0.0,0.0
368,0.0,0.0,0.0,1.0,1.0,0.0,0.0,1.0,0.0,100.0,1.0,1.1856,26.0,0.0,0.0,0.0,57.999998,1.2616666666666703,26.0,26.0,26.0,26.0,2.051,-0.6860999999999999,0.09945000000000001,312.408,-3.44415,-2.147125,-2.1189,-0.4083,-34.849999999999994,148.5825,187.52075,0.0,0.0,0.0,0.0,0.4413,-5.498166666666667,-5.498166666666667,-0.8714000000000001,1.8123333333333334,-0.3418888888888887,1.189,18.476,-0.42150000000000004,-0.153375,-42.944,100.0,0.0,0.0,56.593333333333334,0.0,0.0,0.0,0.0,0.0,0.0,0.0,5291.5,0.0,55.0,1.0,66.59333333333333,0.0,0.0,0.0,0.0,0.0,0.0,0.0,0.0,18.408,18.408,0.0,17.284,0.0,55.0,616.79921,10000.0,85.000001,85.000001,85.000001,85.000001,395.0,0.0,0.0,0.0,1.0,166.665,64.911,64.911,68.436,68.436,34.0,0.0,78.976,26.99333333333334,67.34,0.0,1764.533,-92.21000000000001,100.0,12.206,26.632,10.207999999999998,28.38,0.0,0.0,0.0,0.0,0.0,0.0,0.0,0.0,3849.4,2009.75,3659.1,315.0,303.198,320.698,316.552,25.2502,21.8922,25.0356,23.6428,314.999998,314.999998,324.999988,324.999988,99.64017142857143,99.53706666666666,99.64408571428571,99.59582857142857,0.0,2.1195,2.138,2.2223333333333337,0.0,0.020000000000003126,-0.18900000000000006,-0.3165,58.814,37.8265,57.472,48.767,81.555,49.6205,79.3675,66.6485,78.313,47.5475,77.83,64.375,76.001,46.3025,77.257,63.131,-7.249,7.2395000000000005,0.10805000000000001,0.09276500000000001,0.0,0.0,60.58,54.93666666666667,58.25,0.0,0.0
369,0.0,0.0,0.0,1.0,1.0,0.0,0.0,1.0,0.0,100.0,1.0,1.1856,26.0,0.0,0.0,0.0,57.999998,0.0,26.0,26.0,26.0,26.0,1.3378888888888887,0.5493000000000001,-0.0978,313.919,-3.3127,-2.37,-1.96795,-0.5569999999999999,-34.16,149.2225,187.514125,0.0,0.0,0.0,0.0,0.44186666666666674,-5.498166666666667,-5.498166666666667,-0.7866000000000001,3.308,-0.5760000000000001,-11.479000000000001,18.578,-0.44,-0.110875,-44.404,100.0,0.0,0.0,60.0,0.0,0.0,0.0,0.0,0.0,0.0,0.0,5610.0,0.0,55.0,1.0,66.83,1.0,0.0,0.0,0.0,0.0,0.0,0.0,0.0,18.459,18.459,0.0,17.284,1.0,55.0,616.79921,10000.0,85.000001,85.000001,85.000001,85.000001,395.0,0.0,0.0,0.0,1.0,166.665,67.612,67.612,70.328,70.328,34.0,0.0,54.618,2.520000000000003,37.192499999999995,0.0,1764.482,-101.14,100.0,11.504999999999999,24.089,10.989999999999998,29.149,0.0,0.0,55.98166666666667,0.0,0.0,0.0,0.0,0.0,3134.4,1583.875,2734.4,315.0,305.174,321.7125,318.583,25.257,21.8966,25.0421,23.6482,314.999998,314.999998,324.999988,324.999988,99.64017142857143,99.53715,99.64412857142857,99.59591428571429,0.0,2.826,2.305,2.383,0.0,-0.15333333333332888,8.067,2.7795,58.856,37.854,57.513,48.801,81.497,49.66,79.339,66.6575,78.259,47.585,77.8015,64.3855,75.949,46.339,77.228,63.14266666666666,-7.934,7.95,0.112655,0.10287,0.0,0.0,60.875,59.67,60.32666666666667,0.0,0.0
370,0.0,0.0,0.0,1.0,1.0,0.0,0.0,1.0,0.0,100.0,1.0,1.1856,26.0,0.0,0.0,0.0,57.999998,0.0,26.0,26.0,26.0,26.0,1.5616666666666665,0.5263,0.0468,312.012,-3.01715,-2.77175,-1.7796500000000002,-0.7726999999999999,-33.47999999999999,149.9,187.5055,0.0,0.0,0.0,0.0,0.44243333333333335,-5.498166666666667,-5.498166666666667,-0.6858000000000001,0.956,-0.8486666666666665,0.29000000000000004,18.901,-0.4506,-0.054725,-41.53,100.0,0.0,0.0,59.33666666666667,0.0,0.0,0.0,0.0,0.0,0.0,0.0,5548.0,0.0,55.0,1.0,68.00666666666666,0.0,0.0,0.0,0.0,0.0,0.0,1.0,0.0,18.51,18.51,0.0,17.284,0.0,55.0,616.79921,10000.0,85.000001,85.000001,85.000001,85.000001,395.0,0.0,0.0,0.0,1.0,166.665,67.673,67.673,66.284,66.284,34.0,0.0,32.77,22.093333333333334,52.245,0.0,1764.431,-117.74000000000001,100.0,9.780999999999999,20.828,15.853,28.47,0.0,0.0,48.685,0.0,0.0,0.0,0.0,0.0,3217.6,2373.375,3263.4,315.0,305.159,319.791,317.57225,25.2638,21.9007,25.0487,23.6535,314.999998,314.999998,324.999988,324.999988,99.64017142857143,99.53726666666667,99.6442,99.596,0.0,3.92225,1.841,1.9498333333333333,0.0,-0.17166666666666686,3.1310000000000002,1.887,58.899,37.8795,57.554,48.8345,81.44,49.7085,79.331,66.666,78.204,47.6305,77.7935,64.3955,75.897,46.382,77.218,63.153,-8.9765,9.037500000000001,0.11715500000000001,0.09923000000000001,0.0,0.0,61.595,58.016666666666666,60.656666666666666,0.0,0.0
371,0.0,0.0,0.0,1.0,1.0,0.0,0.0,1.0,0.0,100.0,1.0,1.1856,26.0,0.0,0.0,0.0,57.999998,0.0,26.0,26.0,26.0,26.0,2.0124444444444443,-0.3375,0.12685000000000002,310.455,-3.0849,-2.674125,-1.90365,-0.6579999999999999,-32.859999999999985,150.5675,187.49775,0.0,0.0,0.0,0.0,0.443,-5.498166666666667,-5.498166666666667,-0.6907,0.5996666666666667,-0.734777777777778,2.3970000000000002,18.974,-0.6048,-0.0966,-45.798,100.0,0.0,0.0,58.03999999999999,0.0,0.0,0.0,0.0,0.0,0.0,0.0,5426.7,0.0,55.0,1.0,68.37666666666667,1.0,0.0,0.0,0.0,0.0,0.0,1.0,0.0,18.558,18.558,0.0,17.284,1.0,55.0,616.79921,10000.0,85.000001,85.000001,85.000001,85.000001,395.0,0.0,0.0,0.0,1.0,166.665,63.965,63.965,66.681,66.681,34.0,-0.007500000000000284,39.56,12.659999999999997,56.505,0.0,1764.383,-127.285,100.0,9.318000000000001,22.408,16.227,29.558,0.0,0.0,0.0,0.0,0.0,0.0,0.0,92.0,4515.2,1211.125,3201.6,314.7925,301.1976666666667,322.2045,317.55975,25.2701,21.905,25.0548,23.6586,314.999998,314.999998,324.999988,324.999988,99.64021428571428,99.53745,99.64424285714286,99.59605714285715,3.8083333333333336,4.30825,1.629,1.7291666666666667,-93.46333333333334,-0.18166666666667197,-0.12050000000000027,-0.34750000000000014,58.938,37.906,57.593,48.8665,81.44,49.7935,79.3035,66.6685,78.205,47.7095,77.7665,64.4,75.895,46.4565,77.1905,63.158,-9.9695,10.041500000000001,0.1044,0.09400000000000001,0.0,4.1499999999999915,62.1,56.28999999999999,59.78666666666666,0.0,0.0
372,0.0,0.0,0.0,1.0,1.0,0.0,0.0,1.0,0.0,100.0,1.0,1.1856,26.0,0.0,0.0,0.0,57.999998,0.0,26.0,26.0,26.0,26.0,2.043,-0.33529999999999993,0.0181,310.516,-3.1340500000000002,-2.588125,-2.0554,-0.5504,-32.23999999999998,151.3075,187.49175,0.0,0.0,0.0,0.0,0.4435666666666667,-5.498166666666667,-5.498166666666667,-0.6358,2.5663333333333336,-0.6962222222222221,-2.696,18.805,-0.7619,-0.11682500000000001,-54.343999999999994,100.0,0.0,0.0,57.55,0.0,0.0,0.0,0.0,0.0,0.0,0.0,5381.0,0.0,55.0,1.0,67.78333333333333,0.0,0.0,0.0,0.0,0.0,0.0,1.0,0.0,18.609,18.609,0.0,17.284,0.0,55.0,616.79921,10000.0,85.000001,85.000001,85.000001,85.000001,395.0,0.0,0.0,0.0,1.0,166.665,64.011,64.011,67.505,67.505,34.0,0.0,65.25,12.986666666666665,61.965,0.0,1764.331,-129.20499999999998,100.0,9.396999999999998,24.517,14.335,30.562,0.0,0.0,0.0,0.0,0.0,0.0,0.0,0.0,4211.5,1200.625,3401.3,315.0,301.723,322.5265,317.04525,25.2769,21.9098,25.0613,23.664,314.999998,314.999998,324.999988,324.999988,99.64027142857142,99.53766666666667,99.64425714285714,99.59614285714285,0.0,3.35625,1.8965,1.973,0.0,-0.10333333333333172,-0.3719999999999999,-0.40200000000000014,58.981,37.936,57.633,48.9,81.445,49.884,79.2615,66.6705,78.21,47.7935,77.7255,64.4035,75.897,46.537,77.149,63.16266666666667,-10.224,10.2855,0.10294,0.09167,0.0,10.004999999999995,62.225,55.45,59.64999999999999,0.0,0.0
373,0.0,0.0,0.0,1.0,1.0,0.0,0.0,1.0,0.0,100.0,1.0,1.1856,26.0,0.0,0.0,0.0,57.999998,0.0,26.0,26.0,26.0,26.0,1.5791111111111116,0.2925,0.0456,311.844,-2.97815,-2.8365,-1.937,-0.6361,-31.689999999999998,152.0275,187.487375,0.0,0.0,0.0,0.0,0.4441333333333333,-5.498166666666667,-5.498166666666667,-0.5567,2.0363333333333333,-0.8406666666666665,-3.624,18.926,-0.6756,-0.0999,-54.478,100.0,0.0,0.0,59.39999999999999,0.0,0.0,0.0,0.0,0.0,0.0,0.0,5554.1,0.0,55.0,1.0,68.14,1.0,0.0,0.0,0.0,0.0,0.0,1.0,0.0,18.657,18.657,0.0,17.284,1.0,55.0,616.79921,10000.0,85.000001,85.000001,85.000001,85.000001,395.0,0.0,0.0,0.0,1.0,166.665,67.505,67.505,66.849,66.849,34.0,0.0,27.602,16.59666666666668,51.1225,0.0,1764.283,-137.12,100.0,9.309999999999999,22.842,14.943999999999999,30.721,0.0,0.0,32.870000000000005,0.0,0.0,0.0,0.0,0.0,3241.1,1773.625,3079.4,315.0,304.83233333333334,321.20425,317.91925,25.2832,21.914,25.0673,23.6691,314.999998,314.999998,324.999988,324.999988,99.64027142857142,99.53781666666667,99.6443,99.59622857142857,0.0,4.175,2.1948333333333334,2.2571666666666665,0.0,-0.14833333333332632,3.1705,1.412,59.02,37.9625,57.671,48.932,81.391,49.949,79.236,66.6785,78.158,47.854,77.7005,64.413,75.848,46.594,77.123,63.173,-10.7995,10.89,0.110185,0.097015,0.0,10.004999999999995,62.46,57.67,61.129999999999995,0.0,0.0
374,0.0,0.0,0.0,1.0,1.0,0.0,0.0,1.0,0.0,100.0,1.0,1.1856,26.0,0.0,0.0,0.0,57.999998,0.0,26.0,26.0,26.0,26.0,2.123111111111111,0.0374000000000001,0.06375,310.928,-2.83675,-2.9046250000000002,-1.9858500000000001,-0.6271,-31.139999999999986,152.825,187.481875,0.0,0.0,0.0,0.0,0.44470000000000004,-5.498166666666667,-5.498166666666667,-0.5487000000000001,-0.05600000000000005,-0.863777777777778,1.755,19.041,-0.6154000000000001,-0.0784,-52.644,100.0,0.0,0.0,58.45666666666666,0.0,0.0,0.0,0.0,0.0,0.0,0.0,5465.9,0.0,55.0,1.0,68.59333333333333,0.0,0.0,0.0,0.0,0.0,0.0,1.0,0.0,18.708,18.708,0.0,17.284,0.0,55.0,616.79921,10000.0,85.000001,85.000001,85.000001,85.000001,395.0,0.0,0.0,0.0,1.0,166.665,66.284,66.284,67.108,67.108,34.0,0.0,-1.7040000000000006,24.620000000000005,58.737500000000004,0.0,1764.231,-153.475,100.0,9.123999999999999,21.591,15.427,30.878,0.0,0.0,0.0,0.0,0.0,0.0,0.0,0.0,3764.7,1858.375,3270.9,315.0,303.5713333333333,320.97025,317.4065,25.2899,21.9183,25.0737,23.6745,314.999998,314.999998,324.999988,324.999988,99.64027142857142,99.538,99.64434285714286,99.5963,0.0,5.707,2.198,2.2618333333333336,0.0,-0.2733333333333263,0.7875000000000001,0.32099999999999995,59.062,37.9895,57.711,48.966,81.333,50.0395,79.21,66.6885,78.104,47.938,77.6745,64.425,75.797,46.673,77.096,63.18533333333333,-11.9635,12.086,0.11135,0.09562000000000001,0.0,10.004999999999995,62.519999999999996,56.483333333333334,60.42999999999999,0.0,0.0
375,0.0,0.0,0.0,1.0,1.0,0.0,0.0,1.0,0.0,100.0,1.0,1.1856,26.0,0.0,0.0,0.0,57.999998,0.0,26.0,26.0,26.0,26.0,2.1876666666666664,-0.42599999999999993,0.1179,310.257,-2.9951,-2.779,-2.1664000000000003,-0.4462999999999999,-30.659999999999997,153.5975,187.47675,0.0,0.0,0.0,0.0,0.4452666666666667,-5.498166666666667,-5.498166666666667,-0.5959,0.396,-0.7349999999999999,0.0040000000000000036,18.896,-0.7468,-0.11422500000000001,-57.18,100.0,0.0,0.0,57.743333333333325,0.0,0.0,0.0,0.0,0.0,0.0,0.0,5399.1,0.0,55.0,1.0,68.11666666666666,1.0,0.0,0.0,0.0,0.0,0.0,1.0,0.0,18.756,18.756,0.0,17.284,1.0,55.0,616.79921,10000.0,85.000001,85.000001,85.000001,85.000001,395.0,0.0,0.0,0.0,1.0,333.33500000000004,63.766,63.766,68.405,68.405,34.0,0.0,-2.3640000000000043,9.540000000000006,67.96000000000001,0.0,1764.184,-162.0,100.0,9.177,23.576,13.721,31.912,0.0,0.0,0.0,0.0,0.0,0.0,0.0,0.0,4781.8,887.375,3688.2,315.0,300.28266666666667,323.128,316.522,25.2962,21.9229,25.0797,23.6797,314.999998,314.999998,324.999988,324.999988,99.64027142857142,99.53828333333334,99.64438571428572,99.59638571428572,0.0,5.8180000000000005,2.137,2.1993333333333336,0.0,-0.15833333333333144,-0.38149999999999995,-0.36549999999999994,59.101,38.018,57.748,48.998,81.279,50.1685,79.1715,66.698,78.053,48.057,77.637,64.4355,75.748,46.7855,77.05799999999999,63.196666666666665,-12.782,12.912,0.106645,0.09084500000000001,0.0,10.004999999999995,62.3,55.523333333333326,59.963333333333324,0.0,0.0
376,0.0,0.0,0.0,1.0,1.0,0.0,0.0,1.0,0.0,100.0,1.0,1.1856,26.0,0.0,0.0,0.0,57.999998,27.835,26.0,26.0,26.0,26.0,2.0394444444444444,-0.8144,-0.024800000000000003,310.425,-2.96935,-2.8036250000000003,-2.0905,-0.4484,-30.19999999999999,154.435,187.472875,0.0,0.0,0.0,0.0,0.4458333333333333,-5.498166666666667,-5.498166666666667,-0.5963,1.2176666666666667,-0.8180000000000001,-3.77,18.548,-0.7867000000000001,-0.12635000000000002,-62.274,100.0,0.0,0.0,55.91666666666667,0.0,0.0,0.0,0.0,0.0,0.0,0.0,5228.5,0.0,55.0,1.0,66.94,0.0,0.0,0.0,0.0,0.0,0.0,1.0,0.0,18.807,18.807,0.0,17.284,0.0,55.0,616.79921,10000.0,85.000001,85.000001,85.000001,85.000001,395.0,0.0,0.0,0.0,1.0,333.33500000000004,62.531,62.531,69.992,69.992,34.0,-0.022500000000000853,4.52,9.763333333333335,43.785000000000004,0.0,1764.131,-162.0,100.0,9.498999999999999,25.138,12.564,31.59,0.0,0.0,0.0,0.0,0.0,0.0,0.0,251.0,4441.7,1015.625,2809.6,314.457,301.37,322.88575,318.5605,25.3028,21.9277,25.086,23.6851,314.999998,314.999998,324.999988,324.999988,99.6403,99.53858333333334,99.6444,99.59647142857143,4.344,5.25325,2.524,2.5275,-99.95,-2.049999999999997,-2.327,-1.42,59.143,38.0485,57.788,49.0315,81.248,50.3015,79.1325,66.7075,78.024,48.18,77.599,64.447,75.719,46.9015,77.0195,63.20933333333333,-12.8585,12.982000000000001,0.10147500000000001,0.08760000000000001,0.0,0.0,60.35,53.28333333333333,58.55333333333333,0.0,0.0
377,0.0,0.0,0.0,1.0,1.0,0.0,0.0,1.0,0.0,100.0,1.0,1.1856,26.0,0.0,0.0,0.0,57.999998,9.295000000000002,26.0,26.0,26.0,26.0,2.067,-0.6698,-0.050300000000000004,311.081,-2.83995,-2.710375,-2.08315,-0.47719999999999996,-29.799999999999983,155.28,187.469125,0.0,0.0,0.0,0.0,0.44643333333333335,-5.498166666666667,-5.498166666666667,-0.5514,0.9716666666666667,-0.8251111111111116,2.739,18.144,-0.7683,-0.09847500000000001,-62.728,100.0,0.0,0.0,55.24666666666667,0.0,0.0,0.0,0.0,0.0,0.0,0.0,5165.7,0.0,55.0,1.0,65.43666666666665,1.0,0.0,0.0,0.0,0.0,0.0,1.0,0.0,18.858,18.858,0.0,17.284,1.0,55.0,616.79921,10000.0,85.000001,85.000001,85.000001,85.000001,395.0,0.0,0.0,0.0,1.0,333.33500000000004,64.011,64.011,70.923,70.923,34.0,0.0,12.555999999999997,12.950000000000003,55.265,0.0,1764.082,-162.0,100.0,10.423,24.613,12.187000000000001,30.519,0.0,0.0,0.0,0.0,0.0,0.0,0.0,0.0,3966.9,1069.125,3270.8,315.0,303.36,322.557,317.4935,25.3095,21.9324,25.0923,23.6903,314.999998,314.999998,324.999988,324.999988,99.6404,99.53883333333333,99.64442857142858,99.59657142857142,0.0,5.00975,2.6416666666666666,2.6015,0.0,-0.9183333333333294,-0.9795000000000003,-0.7425000000000002,59.184,38.0775,57.827,49.0645,81.283,50.411500000000004,79.098,66.718,78.057,48.282,77.5655,64.4595,75.747,46.9975,76.985,63.22233333333333,-12.862,12.982000000000001,0.103175,0.08857000000000001,0.0,0.0,60.035,52.716666666666654,57.77666666666667,0.0,0.0
378,0.0,0.0,0.0,1.0,1.0,0.0,0.0,1.0,0.0,100.0,1.0,1.1856,26.0,0.0,0.0,0.0,57.999998,3.8816666666666677,26.0,26.0,26.0,26.0,2.235,-0.5592999999999999,0.0546,309.784,-3.0184,-2.635,-2.2405,-0.2913,-29.47,156.08,187.4655,0.0,0.0,0.0,0.0,0.44696666666666673,-5.498166666666667,-5.498166666666667,-0.538,1.8146666666666667,-0.681777777777778,-0.7549999999999999,17.899,-0.8503000000000001,-0.1217,-65.524,100.0,0.0,0.0,54.616666666666674,0.0,0.0,0.0,0.0,0.0,0.0,0.0,5106.9,0.0,55.0,1.0,64.56,0.0,0.0,0.0,0.0,0.0,0.0,1.0,0.0,18.906,18.906,0.0,17.284,0.0,55.0,616.79921,10000.0,85.000001,85.000001,85.000001,85.000001,395.0,0.0,0.0,0.0,1.0,166.665,61.432,61.432,70.908,70.908,34.0,0.0,38.114,4.50333333333333,65.6925,0.0,1764.035,-162.0,100.0,10.365,26.195,11.238,31.801000000000002,0.0,0.0,0.0,0.0,0.0,0.0,0.0,0.0,4883.1,462.25,3688.4,315.0,299.86766666666665,323.95025,316.456,25.3157,21.9371,25.0983,23.6955,314.999998,314.999998,324.999988,324.999988,99.6404,99.53906666666667,99.64444285714286,99.59665714285714,0.0,4.4815000000000005,2.6438333333333337,2.598,0.0,-0.423333333333332,-0.8465000000000003,-0.4590000000000001,59.223,38.1065,57.864,49.0965,81.23,50.516,79.06,66.733,78.007,48.379,77.5285,64.4765,75.699,47.0895,76.9475,63.24,-12.863,12.976,0.111655,0.08657000000000001,0.0,0.0,59.795,51.95,57.28666666666666,0.0,0.0
379,0.0,0.0,0.0,1.0,1.0,0.0,0.0,1.0,0.0,100.0,1.0,1.1856,26.0,0.0,0.0,0.0,57.999998,0.0,26.0,26.0,26.0,26.0,1.8930000000000002,0.21740000000000004,0.1254,310.074,-2.9794,-2.839,-2.06805,-0.4577,-29.159999999999997,156.9925,187.463125,0.0,0.0,0.0,0.0,0.4475666666666667,-5.498166666666667,-5.498166666666667,-0.4182,3.5356666666666667,-0.8678888888888889,-5.159000000000001,17.849999999999998,-0.788,-0.113125,-66.166,100.0,0.0,0.0,56.019999999999996,0.0,0.0,0.0,0.0,0.0,0.0,0.0,5237.9,0.0,55.0,1.0,64.29333333333334,1.0,0.0,0.0,0.0,0.0,0.0,1.0,0.0,18.96,18.96,0.0,17.284,1.0,55.0,616.79921,10000.0,85.000001,85.000001,85.000001,85.000001,395.0,0.0,0.0,0.0,1.0,166.665,64.026,64.026,69.077,69.077,34.0,0.0,22.84,19.09666666666668,52.792500000000004,0.0,1763.981,-162.0,100.0,10.327,25.549,11.565999999999999,32.231,0.0,0.0,27.261666666666663,0.0,0.0,0.0,0.0,0.0,3772.4,1871.125,3408.2,315.0,303.255,321.00225,317.09525,25.3226,21.9422,25.1049,23.7012,314.999998,314.999998,324.999988,324.999988,99.6404,99.53928333333333,99.64448571428571,99.59678571428572,0.0,4.59575,3.0498333333333334,2.9803333333333337,0.0,-0.18500000000000227,3.046,1.343,59.266,38.1385,57.906,49.1325,81.17,50.6155,79.026,66.754,77.95,48.4715,77.4945,64.4995,75.645,47.177,76.913,63.264,-12.8615,12.980500000000001,0.11622500000000001,0.09775500000000001,0.0,0.0,59.805,53.78666666666666,58.25333333333333,0.0,0.0
380,0.0,0.0,0.0,1.0,1.0,0.0,0.0,1.0,0.0,100.0,1.0,1.1856,26.0,0.0,0.0,0.0,57.999998,1.6583333333333314,26.0,26.0,26.0,26.0,2.116,-0.35429999999999995,0.1434,310.638,-2.9118,-2.737625,-2.321,-0.4608,-28.930000000000007,157.8175,187.46225,0.0,0.0,0.0,0.0,0.4481,-5.498166666666667,-5.498166666666667,-0.38520000000000004,-1.217,-0.7985555555555557,4.569,17.825,-0.8242,-0.11582500000000001,-60.583999999999996,100.0,0.0,0.0,54.42666666666666,0.0,0.0,0.0,0.0,0.0,0.0,0.0,5089.1,0.0,55.0,1.0,64.27,0.0,0.0,0.0,0.0,0.0,0.0,0.0,0.0,19.008,19.008,0.0,17.284,0.0,55.0,616.79921,10000.0,85.000001,85.000001,85.000001,85.000001,395.0,0.0,0.0,0.0,1.0,333.33500000000004,65.536,65.536,70.129,70.129,34.0,0.0,18.692,12.083333333333329,54.8675,0.0,1763.93,-162.0,100.0,10.18,22.949,12.663999999999998,33.968,0.0,0.0,0.0,0.0,0.0,0.0,0.0,0.0,4222.5,1032.125,2963.6,315.0,302.6016666666667,322.656,317.24125,25.3287,21.9464,25.1108,23.7063,314.999998,314.999998,324.999988,324.999988,99.6404,99.53946666666667,99.64452857142857,99.59687142857143,0.0,4.883,2.2323333333333335,2.2681666666666667,0.0,-0.23166666666666913,-0.21850000000000014,-0.3650000000000002,59.304,38.165,57.943,49.1645,81.116,50.6935,79.001,66.772,77.9,48.5435,77.47,64.5185,75.597,47.245,76.8875,63.284,-12.8595,12.993,0.10259000000000001,0.08830500000000001,0.0,0.0,59.22,52.106666666666655,56.75,0.0,0.0
381,0.0,0.0,0.0,1.0,1.0,0.0,0.0,1.0,0.0,100.0,1.0,1.1856,26.0,0.0,0.0,0.0,57.999998,0.0,26.0,26.0,26.0,26.0,1.9435555555555557,-0.07469999999999999,0.029750000000000002,310.593,-2.91615,-2.7817499999999997,-2.24885,-0.34719999999999995,-28.73999999999998,158.65,187.46025,0.0,0.0,0.0,0.0,0.44863333333333333,-5.498166666666667,-5.498166666666667,-0.3337,4.007,-0.7966666666666664,-6.5,17.727,-0.7259,-0.071175,-67.084,100.0,0.0,0.0,55.35666666666667,0.0,0.0,0.0,0.0,0.0,0.0,0.0,5175.9,0.0,55.0,1.0,63.863333333333344,1.0,0.0,0.0,0.0,0.0,0.0,0.0,0.0,19.056,19.056,0.0,17.284,1.0,55.0,616.79921,10000.0,85.000001,85.000001,85.000001,85.000001,395.0,0.0,0.0,0.0,1.0,166.665,64.453,64.453,70.755,70.755,34.0,0.0,24.012,10.036666666666676,58.370000000000005,0.0,1763.884,-162.0,100.0,10.019,24.63,10.779,31.902,0.0,0.0,16.275,0.0,0.0,0.0,0.0,0.0,4077.8,1106.625,3818.8,315.0,302.0606666666667,322.764,316.2425,25.3348,21.9511,25.1166,23.7113,314.999998,314.999998,324.999988,324.999988,99.6404,99.53968333333333,99.64454285714285,99.59697142857142,0.0,4.67875,3.3773333333333335,3.2640000000000002,0.0,-0.07499999999999574,2.4505,0.625,59.342,38.1945,57.979,49.1955,81.063,50.7915,78.9575,66.785,77.85,48.6345,77.4275,64.5335,75.549,47.331,76.8445,63.3,-12.859,12.9835,0.11113500000000001,0.092935,0.0,0.0,59.42,53.17333333333333,57.53666666666666,0.0,0.0
382,0.0,0.0,0.0,1.0,1.0,0.0,0.0,1.0,0.0,100.0,1.0,1.1856,26.0,0.0,0.0,0.0,57.999998,0.0,26.0,26.0,26.0,26.0,1.7952222222222223,-0.15049999999999997,-0.0161,310.577,-2.76965,-3.029375,-2.13605,-0.46109999999999995,-28.590000000000003,159.545,187.458875,0.0,0.0,0.0,0.0,0.44920000000000004,-5.498166666666667,-5.498166666666667,-0.2933,-0.7823333333333333,-0.9015555555555559,1.819,17.765,-0.6837000000000001,-0.08635000000000001,-59.71,100.0,0.0,0.0,54.603333333333325,0.0,0.0,0.0,0.0,0.0,0.0,0.0,5105.6,0.0,55.0,1.0,64.01333333333334,0.0,0.0,0.0,0.0,0.0,0.0,0.0,0.0,19.107,19.107,0.0,17.284,0.0,55.0,616.79921,10000.0,85.000001,85.000001,85.000001,85.000001,395.0,0.0,0.0,0.0,1.0,166.665,65.826,65.826,69.931,69.931,34.0,0.0,4.436,15.239999999999995,61.097500000000004,0.0,1763.834,-162.0,100.0,9.756,22.652,13.55,32.792,0.0,0.0,5.726666666666667,0.0,0.0,0.0,0.0,0.0,3643.1,1182.625,3513.5,315.0,304.054,322.23925,316.87,25.3412,21.9556,25.1228,23.7167,314.999998,314.999998,324.999988,324.999988,99.6404,99.53986666666667,99.64458571428571,99.5971,0.0,5.336,2.7238333333333333,2.6938333333333335,0.0,-0.1316666666666677,0.46799999999999997,0.11949999999999994,59.383,38.2225,58.018,49.2295,81.007,50.878,78.938,66.809,77.796,48.7145,77.408,64.559,75.498,47.406,76.8235,63.326,-12.858,12.9985,0.10527,0.09501000000000001,0.0,0.0,58.964999999999996,52.346666666666664,56.86333333333333,0.0,0.0
383,0.0,0.0,0.0,1.0,1.0,0.0,0.0,1.0,0.0,100.0,1.0,1.1856,26.0,0.0,0.0,0.0,57.999998,0.0,26.0,26.0,26.0,26.0,1.926222222222222,-0.5878,-0.0309,310.364,-2.7149,-2.98025,-2.028,-0.5343,-28.47999999999999,160.495,187.457875,0.0,0.0,0.0,0.0,0.44980000000000003,-5.498166666666667,-5.498166666666667,-0.36360000000000003,0.906,-0.9338888888888888,-0.18700000000000006,17.604,-0.6913,-0.10792500000000001,-62.224,100.0,0.0,0.0,53.86,0.0,0.0,0.0,0.0,0.0,0.0,0.0,5035.9,0.0,55.0,1.0,63.486666666666665,1.0,0.0,0.0,0.0,0.0,0.0,0.0,0.0,19.161,19.161,0.0,17.284,1.0,55.0,616.79921,10000.0,85.000001,85.000001,85.000001,85.000001,395.0,0.0,0.0,0.0,1.0,166.665,62.164,62.164,72.113,72.113,34.0,-0.12250000000000227,11.121999999999996,11.189999999999998,24.235,0.0,1763.78,-162.0,100.0,10.453,23.926,12.370999999999999,32.201,0.0,0.0,0.0,0.0,0.0,0.0,0.0,806.375,4191.0,947.75,1708.5,312.9895,302.038,322.91275,320.622,25.348,21.9607,25.1294,23.7223,314.999998,314.999998,324.999988,324.999988,99.64054285714286,99.54013333333333,99.64462857142857,99.5972,4.169666666666667,5.1355,2.8988333333333336,2.8953333333333338,-83.91833333333334,-0.2049999999999983,-0.10650000000000004,-0.4504999999999999,59.425,38.2545,58.059,49.2645,81.057,50.994,78.898,66.8235,77.844,48.8215,77.369,64.5755,75.54,47.506,76.784,63.343333333333334,-12.864,12.99,0.10709500000000001,0.09140500000000001,0.0,10.299999999999997,58.635,51.53,56.18666666666667,0.0,0.0
384,0.0,0.0,0.0,1.0,1.0,0.0,0.0,1.0,0.0,100.0,1.0,1.1856,26.0,0.0,0.0,0.0,57.999998,0.0,26.0,26.0,26.0,26.0,2.341,-0.3948999999999999,0.17945,308.701,-2.8169,-2.7635,-2.31585,-0.24109999999999998,-28.439999999999998,161.28,187.457625,0.0,0.0,0.0,0.0,0.45030000000000003,-5.498166666666667,-5.498166666666667,-0.2999,2.081,-0.6683333333333334,5.9270000000000005,17.401,-0.8026000000000001,-0.1212,-64.066,100.0,0.0,0.0,53.29666666666665,0.0,0.0,0.0,0.0,0.0,0.0,0.0,4983.4,0.0,55.0,1.0,62.739999999999995,0.0,0.0,0.0,0.0,0.0,0.0,0.0,0.0,19.206,19.206,0.0,17.284,0.0,55.0,616.79921,10000.0,85.000001,85.000001,85.000001,85.000001,395.0,0.0,0.0,0.0,1.0,166.665,61.981,61.981,71.365,71.365,34.0,0.0,35.894,7.789999999999999,81.395,0.0,1763.734,-162.0,100.0,11.144,25.313,11.576999999999998,33.568,0.0,0.0,0.0,0.0,0.0,0.0,0.0,0.0,4613.6,708.0,4392.1,315.0,300.922,323.4235,314.922,25.3537,21.9651,25.1348,23.7271,314.999998,314.999998,324.999988,324.999988,99.6407,99.54033333333334,99.64464285714286,99.5973,0.0,4.43775,2.6963333333333335,2.6471666666666667,0.0,-0.1283333333333303,-0.28549999999999986,-0.3134999999999999,59.461,38.2815,58.092,49.2945,81.121,51.082,78.8655,66.8405,77.905,48.903,77.337,64.594,75.595,47.5825,76.752,63.36266666666667,-12.865,12.9785,0.10612500000000001,0.08762500000000001,0.0,25.319999999999993,58.345,50.77666666666666,55.81999999999999,0.0,0.0
385,0.0,0.0,0.0,1.0,1.0,0.0,0.0,1.0,0.0,100.0,1.0,1.1856,26.0,0.0,0.0,0.0,57.999998,0.0,26.0,26.0,26.0,26.0,1.6790000000000003,0.28059999999999996,-0.045250000000000005,310.989,-2.81445,-2.80725,-2.14705,-0.39769999999999994,-28.439999999999998,162.2225,187.45975,0.0,0.0,0.0,0.0,0.4508666666666667,-5.498166666666667,-5.498166666666667,-0.22210000000000002,2.0923333333333334,-0.7903333333333333,-5.322,17.46,-0.6980000000000001,-0.103175,-63.0,100.0,0.0,0.0,55.06999999999999,0.0,0.0,0.0,0.0,0.0,0.0,0.0,5149.0,0.0,55.0,1.0,62.873333333333335,1.0,0.0,0.0,0.0,0.0,0.0,0.0,0.0,19.26,19.26,0.0,17.284,1.0,55.0,616.79921,10000.0,85.000001,85.000001,85.000001,85.000001,395.0,0.0,0.0,0.0,1.0,166.665,66.65,66.65,70.908,70.908,34.0,0.0,10.964000000000002,11.866666666666674,42.8225,0.0,1763.681,-162.0,100.0,10.911999999999999,23.368,11.381999999999998,34.502,0.0,0.0,21.634999999999998,0.0,0.0,0.0,0.0,0.0,3384.6,1638.625,3002.9,315.0,304.7626666666667,321.5745,317.9625,25.360500000000002,21.9701,25.1413,23.7328,314.999998,314.999998,324.999988,324.999988,99.6407,99.54053333333333,99.64467142857143,99.59742857142857,0.0,4.995,3.1366666666666667,3.095666666666667,0.0,-0.19833333333333059,4.3105,1.6245,59.503,38.313,58.133,49.3305,81.061,51.1695,78.831,66.8645,77.849,48.984,77.303,64.62,75.541,47.6595,76.7165,63.38966666666666,-12.8645,12.993,0.11565,0.09756500000000001,0.0,25.319999999999993,58.26,53.093333333333334,57.04333333333332,0.0,0.0
386,0.0,0.0,0.0,1.0,1.0,0.0,0.0,1.0,0.0,100.0,1.0,1.1856,26.0,0.0,0.0,0.0,57.999998,0.0,26.0,26.0,26.0,26.0,2.0941111111111113,-0.1328999999999999,-0.04465,310.303,-2.6618,-3.012875,-2.1767000000000003,-0.43309999999999993,-28.47999999999999,163.0625,187.460125,0.0,0.0,0.0,0.0,0.4514,-5.498166666666667,-5.498166666666667,-0.17700000000000002,1.6760000000000002,-0.8715555555555556,0.35599999999999987,17.528,-0.6306,-0.05545,-60.062,100.0,0.0,0.0,54.129999999999995,0.0,0.0,0.0,0.0,0.0,0.0,0.0,5061.4,0.0,55.0,1.0,63.16,0.0,0.0,0.0,0.0,0.0,0.0,0.0,0.0,19.308,19.308,0.0,17.284,0.0,55.0,616.79921,10000.0,85.000001,85.000001,85.000001,85.000001,395.0,0.0,0.0,0.0,1.0,333.33500000000004,64.88,64.88,72.327,72.327,34.0,-0.07249999999999801,2.2319999999999958,13.593333333333334,52.9525,0.0,1763.631,-162.0,100.0,10.18,22.468,12.334,32.75,0.0,0.0,0.0,0.0,0.0,0.0,0.0,318.0,3476.0,1230.25,3333.7,314.2445,304.21,322.4075,317.38175,25.3665,21.9744,25.147,23.7378,314.999998,314.999998,324.999988,324.999988,99.64071428571428,99.54071666666667,99.64472857142857,99.59751428571428,4.5326666666666675,5.4365000000000006,3.0366666666666666,3.0001666666666664,-49.315,-0.17499999999999716,1.7235,0.36349999999999993,59.541,38.34,58.169,49.361,81.023,51.253,78.80799999999999,66.88,77.813,49.061,77.28,64.637,75.506,47.732,76.6925,63.407333333333334,-12.8605,12.9975,0.11368,0.09552500000000001,0.0,27.959999999999994,58.275,52.0,56.263333333333335,0.0,0.0
387,0.0,0.0,0.0,1.0,1.0,0.0,0.0,1.0,0.0,100.0,1.0,1.1856,26.0,0.0,0.0,0.0,57.999998,0.0,26.0,26.0,26.0,26.0,2.3911111111111114,-0.5681,0.16735,308.182,-2.6353999999999997,-2.777,-2.3602499999999997,-0.2076,-28.569999999999993,163.8925,187.46075,0.0,0.0,0.0,0.0,0.4519333333333333,-5.498166666666667,-5.498166666666667,-0.1565,1.9849999999999999,-0.5994444444444444,5.929,17.3,-0.8133,-0.107425,-63.25,100.0,0.0,0.0,53.013333333333335,0.0,0.0,0.0,0.0,0.0,0.0,0.0,4956.7,0.0,55.0,1.0,62.39333333333333,1.0,0.0,0.0,0.0,0.0,0.0,0.0,0.0,19.356,19.356,0.0,17.284,1.0,55.0,616.79921,10000.0,85.000001,85.000001,85.000001,85.000001,395.0,0.0,0.0,0.0,1.0,333.33500000000004,61.188,61.188,71.411,71.411,34.0,-0.2049999999999983,39.696,6.203333333333333,78.6825,0.0,1763.584,-162.0,100.0,11.318,24.851,11.506,34.153999999999996,0.0,0.0,0.0,0.0,0.0,0.0,0.0,267.875,5071.4,597.25,4238.6,314.318,299.49133333333333,323.69925,315.33625,25.3725,21.979,25.1527,23.7429,314.999998,314.999998,324.999988,324.999988,99.64081428571428,99.54093333333333,99.64474285714286,99.59761428571429,3.4176666666666673,4.48725,2.5715,2.5525,-9.618333333333332,-0.06833333333332803,-0.14100000000000001,-0.27300000000000013,59.578,38.369,58.205,49.393,81.04,51.3505,78.7725,66.897,77.829,49.151,77.24549999999999,64.656,75.52,47.8165,76.657,63.427,-12.869,12.980500000000001,0.10769000000000001,0.08826500000000001,0.0,48.48,57.915,50.56,55.463333333333324,0.0,0.0
388,0.0,0.0,0.0,1.0,1.0,0.0,0.0,1.0,0.0,100.0,1.0,1.1856,26.0,0.0,0.0,0.0,57.999998,0.0,26.0,26.0,26.0,26.0,1.8914444444444443,0.14129999999999998,0.09670000000000001,308.655,-2.7797,-2.807125,-2.265,-0.268,-28.710000000000008,164.7625,187.465625,0.0,0.0,0.0,0.0,0.45246666666666674,-5.498166666666667,-5.498166666666667,-0.024200000000000003,4.629,-0.649777777777778,-2.776,17.326,-0.8058000000000001,-0.14170000000000002,-67.358,100.0,0.0,0.0,55.226666666666674,0.0,0.0,0.0,0.0,0.0,0.0,0.0,5163.7,0.0,55.0,1.0,62.42666666666666,0.0,0.0,0.0,0.0,0.0,0.0,0.0,0.0,19.407,19.407,0.0,17.284,0.0,55.0,616.79921,10000.0,85.000001,85.000001,85.000001,85.000001,395.0,0.0,0.0,0.0,1.0,333.33500000000004,62.347,62.347,72.632,72.632,34.0,7.189999999999998,32.774,3.2733333333333334,50.405,0.0,1763.532,-162.0,100.0,11.717,25.628,11.640999999999998,34.980000000000004,0.0,0.0,44.858333333333334,0.0,0.0,0.0,0.0,621.75,3783.8,778.875,3276.5,313.3505,303.16766666666666,323.0655,317.38575,25.3788,21.984,25.1588,23.7483,314.999998,314.999998,324.999988,324.999988,99.64081428571428,99.54113333333333,99.64478571428572,99.59774285714286,3.0940000000000003,4.2215,3.1216666666666666,3.0106666666666664,-0.18999999999999773,-0.21999999999999886,5.664,1.309,59.618,38.4,58.242,49.427,80.994,51.4395,78.7405,66.919,77.786,49.234,77.214,64.68,75.478,47.8945,76.625,63.452333333333335,-12.871,12.9785,0.11514,0.09767500000000001,0.0,52.78,58.305,53.81666666666666,56.63666666666667,0.0,0.0
389,0.0,0.0,0.0,1.0,1.0,0.0,0.0,1.0,0.0,100.0,1.0,1.1856,26.0,0.0,0.0,0.0,57.999998,0.0,26.0,26.0,26.0,26.0,1.9944444444444445,0.3985000000000001,0.1481,309.326,-2.5705,-3.0220000000000002,-2.3142500000000004,-0.29089999999999994,-28.909999999999997,165.63,187.471625,0.0,0.0,0.0,0.0,0.453,-5.498166666666667,-5.498166666666667,0.2533,4.8293333333333335,-0.6433333333333335,3.995,17.493,-0.6762,-0.06635,-65.652,100.0,0.0,0.0,55.39666666666666,0.0,0.0,0.0,0.0,0.0,0.0,0.0,5179.7,0.0,55.0,1.0,62.97333333333334,1.0,0.0,0.0,0.0,0.0,0.0,0.0,0.0,19.458,19.458,0.0,17.284,1.0,55.0,616.79921,10000.0,85.000001,85.000001,85.000001,85.000001,395.0,0.0,0.0,0.0,1.0,166.665,67.596,67.596,68.939,68.939,34.0,0.0,15.644000000000002,12.616666666666674,70.9375,0.0,1763.482,-162.0,100.0,11.487,23.048,12.370000000000001,35.0,0.0,0.0,50.10666666666667,0.0,0.0,0.0,0.0,0.0,3212.3,1839.25,4560.7,315.0,305.163,320.967,314.51625,25.3852,21.9886,25.1648,23.7537,314.999998,314.999998,324.999988,324.999988,99.64082857142857,99.5413,99.64484285714286,99.59787142857142,0.0,4.6770000000000005,3.337,3.2238333333333338,0.0,-0.14000000000000057,4.604,1.5735000000000001,59.657,38.429,58.28,49.461,80.94800000000001,51.508,78.7265,66.9505,77.743,49.297,77.1995,64.713,75.436,47.954,76.6085,63.486666666666665,-12.868,12.9945,0.11763000000000001,0.09616000000000001,0.0,52.975,58.725,53.53666666666666,57.256666666666675,0.0,0.0
390,0.0,0.0,0.0,1.0,1.0,0.0,0.0,1.0,0.0,100.0,1.0,1.1856,26.0,0.0,0.0,0.0,57.999998,0.0,26.0,26.0,26.0,26.0,1.7531111111111115,0.13200000000000012,0.08660000000000001,309.769,-2.7649,-3.063375,-2.4076,-0.18999999999999995,-29.150000000000006,166.4925,187.479375,0.0,0.0,0.0,0.0,0.45353333333333334,-5.498166666666667,-5.498166666666667,0.3532,1.6803333333333335,-0.5394444444444444,-0.75,17.639,-0.5943,-0.0345,-60.578,100.0,0.0,0.0,56.383333333333326,0.0,0.0,0.0,0.0,0.0,0.0,0.0,5272.0,0.0,55.0,1.0,63.51666666666665,0.0,0.0,0.0,0.0,0.0,0.0,1.0,0.0,19.509,19.509,0.0,17.284,0.0,55.0,616.79921,10000.0,85.000001,85.000001,85.000001,85.000001,395.0,0.0,0.0,0.0,1.0,166.665,67.062,67.062,71.274,71.274,34.0,0.0,1.0659999999999954,1.4033333333333289,61.6375,0.0,1763.431,-162.0,100.0,10.192,21.454,12.54,35.993,0.0,0.0,27.658333333333335,0.0,0.0,0.0,0.0,0.0,3695.7,752.5,3843.7,315.0,303.5063333333333,323.366,316.12275,25.3914,21.9933,25.1708,23.7592,314.999998,314.999998,324.999988,324.999988,99.64082857142857,99.54148333333333,99.64488571428572,99.59801428571429,0.0,5.51325,3.1523333333333334,3.0871666666666666,0.0,-0.18833333333333258,7.2795000000000005,1.067,59.696,38.458,58.318,49.495,80.892,51.591,78.7025,66.9805,77.69,49.3735,77.176,64.7455,75.386,48.0255,76.5835,63.519666666666666,-12.8605,13.0035,0.112375,0.093585,0.0,52.975,58.574999999999996,55.620000000000005,57.14666666666666,0.0,0.0
391,0.0,0.0,0.0,1.0,1.0,0.0,0.0,1.0,0.0,100.0,1.0,1.1856,26.0,0.0,0.0,0.0,57.999998,0.0,26.0,26.0,26.0,26.0,2.086777777777778,-0.33109999999999995,0.027950000000000003,309.921,-2.6714,-3.041375,-2.24845,-0.14349999999999996,-29.419999999999987,167.29500000000002,187.485625,0.0,0.0,0.0,0.0,0.45403333333333334,-5.498166666666667,-5.498166666666667,0.3592,-0.7886666666666668,-0.5325555555555557,3.0090000000000003,17.596999999999998,-0.7177,-0.01665,-57.226000000000006,100.0,0.0,0.0,53.79333333333334,0.0,0.0,0.0,0.0,0.0,0.0,0.0,5029.799999999999,0.0,55.0,1.0,63.42666666666666,1.0,0.0,0.0,0.0,0.0,0.0,1.0,0.0,19.557,19.557,0.0,17.284,1.0,55.0,616.79921,10000.0,85.000001,85.000001,85.000001,85.000001,395.0,0.0,0.0,0.0,1.0,333.33500000000004,66.681,66.681,71.96000000000001,71.96000000000001,34.0,0.0,2.998000000000001,6.616666666666674,60.0375,0.0,1763.381,-162.0,100.0,9.390999999999998,21.346,12.312999999999999,35.927,0.0,0.0,0.0,0.0,0.0,0.0,0.0,0.0,3716.7,546.75,3361.3,315.0,303.76166666666666,323.2935,317.18925,25.3973,21.9977,25.1764,23.7643,314.999998,314.999998,324.999988,324.999988,99.64082857142857,99.54168333333334,99.64491428571428,99.59811428571429,0.0,5.41475,2.4585,2.4158333333333335,0.0,-0.16166666666666885,-0.2755000000000001,-0.30900000000000016,59.733,38.4855,58.353,49.527,80.839,51.6805,78.672,66.9985,77.64,49.456,77.1455,64.7655,75.338,48.1025,76.552,63.54066666666667,-12.8575,13.0045,0.10524000000000001,0.09023,0.0,52.975,58.3,51.56,56.02666666666667,0.0,0.0
392,0.0,0.0,0.0,1.0,1.0,0.0,0.0,1.0,0.0,100.0,1.0,1.1856,26.0,0.0,0.0,0.0,57.999998,0.0,26.0,26.0,26.0,26.0,2.1286666666666667,0.18490000000000006,0.279,307.434,-2.6755,-3.02375,-2.32795,-0.3114,-29.75,168.13,187.492375,0.0,0.0,0.0,0.0,0.45456666666666673,-5.498166666666667,-5.498166666666667,0.3265,-0.07200000000000006,-0.5348888888888887,3.2350000000000003,17.666999999999998,-0.7902,-0.09582500000000001,-60.15,100.0,0.0,0.0,55.39333333333333,0.0,0.0,0.0,0.0,0.0,0.0,0.0,5179.4,0.0,55.0,1.0,63.636666666666656,0.0,0.0,0.0,0.0,0.0,0.0,1.0,0.0,19.608,19.608,0.0,17.284,0.0,55.0,616.79921,10000.0,85.000001,85.000001,85.000001,85.000001,395.0,0.0,0.0,0.0,1.0,333.33500000000004,63.736,63.736,69.839,69.839,34.0,4.7450000000000045,14.489999999999998,16.71666666666667,73.1625,0.0,1763.331,-162.0,100.0,10.283999999999999,22.768,13.056999999999999,36.169,0.0,0.0,49.71333333333333,0.0,0.0,0.0,0.0,536.25,4018.4,1766.375,4063.8,313.512,302.564,321.097,315.6395,25.4035,22.0026,25.1824,23.7697,314.999998,314.999998,324.999988,324.999988,99.64084285714286,99.5419,99.64495714285714,99.59822857142858,4.023666666666667,4.948,2.3615,2.3963333333333336,-0.211666666666666,-0.2849999999999966,3.1814999999999998,1.209,59.772,38.516,58.39,49.5605,80.798,51.7815,78.6435,67.017,77.601,49.549,77.117,64.7855,75.301,48.1895,76.523,63.562,-12.8605,12.995000000000001,0.115415,0.103165,0.0,53.805,58.735,53.523333333333326,57.263333333333335,0.0,0.0
393,0.0,0.0,0.0,1.0,1.0,0.0,0.0,1.0,0.0,100.0,1.0,1.1856,26.0,0.0,0.0,0.0,57.999998,0.0,26.0,26.0,26.0,26.0,1.5364444444444443,0.2048000000000001,-0.09275,309.769,-2.6897,-3.0536250000000003,-2.0936500000000002,-0.09859999999999991,-30.109999999999985,168.9025,187.5035,0.0,0.0,0.0,0.0,0.45503333333333335,-5.498166666666667,-5.498166666666667,0.2837,0.19166666666666665,-0.4991111111111115,-5.941000000000001,17.751,-0.7374,-0.14677500000000002,-63.714,100.0,0.0,0.0,57.50333333333333,0.0,0.0,0.0,0.0,0.0,0.0,0.0,5376.799999999999,0.0,55.0,1.0,63.92999999999999,1.0,0.0,0.0,0.0,0.0,0.0,1.0,0.0,19.656,19.656,0.0,17.284,1.0,55.0,616.79921,10000.0,85.000001,85.000001,85.000001,85.000001,395.0,0.0,0.0,0.0,1.0,166.665,65.399,65.399,72.495,72.495,34.0,0.4624999999999986,11.796,-0.6499999999999986,35.435,0.0,1763.285,-162.0,100.0,10.092,22.781,12.474,36.464,0.0,0.0,6.866666666666667,0.0,0.0,0.0,0.0,89.875,3509.5,1176.875,2370.9,314.823,304.027,322.9295,319.00025,25.4093,22.0072,25.188,23.7749,314.999998,314.999998,324.999988,324.999988,99.64085714285714,99.5421,99.645,99.59832857142857,3.9716666666666667,4.93975,2.8945,2.9561666666666664,0.08166666666667055,-0.26166666666667027,11.8485,1.3159999999999998,59.808,38.545,58.425,49.593,80.752,51.8675,78.613,67.0345,77.55799999999999,49.628,77.0875,64.805,75.259,48.2635,76.492,63.582,-12.8605,12.9955,0.110365,0.09706000000000001,0.0,54.015,59.135,57.04666666666667,57.963333333333324,0.0,0.0
394,0.0,0.0,0.0,1.0,1.0,0.0,0.0,1.0,0.0,100.0,1.0,1.1856,26.0,0.0,0.0,0.0,57.999998,0.0,26.0,26.0,26.0,26.0,1.8000000000000003,-0.10459999999999992,-0.1262,311.157,-2.5323,-3.209,-2.0944000000000003,-0.45389999999999997,-30.539999999999992,169.71,187.51375,0.0,0.0,0.0,0.0,0.45556666666666673,-5.498166666666667,-5.498166666666667,0.25570000000000004,-0.76,-0.6223333333333336,0.6030000000000002,17.871,-0.5945,-0.0925,-60.714,100.0,0.0,0.0,55.099999999999994,0.0,0.0,0.0,0.0,0.0,0.0,0.0,5152.1,0.0,55.0,1.0,64.38333333333334,0.0,0.0,0.0,0.0,0.0,0.0,1.0,0.0,19.707,19.707,0.0,17.284,0.0,55.0,616.79921,10000.0,85.000001,85.000001,85.000001,85.000001,395.0,0.0,0.0,0.0,1.0,333.33500000000004,67.261,67.261,72.891,72.891,34.0,0.6625000000000014,-1.264000000000003,11.25,41.9825,0.0,1763.232,-162.0,100.0,9.556000000000001,20.603,13.235,33.178,0.0,0.0,6.9183333333333294,0.0,0.0,0.0,0.0,164.75,3028.0,944.375,2811.6,314.619,305.744,322.6305,318.5125,25.4154,22.0118,25.1939,23.7801,314.999998,314.999998,324.999988,324.999988,99.64085714285714,99.54226666666666,99.64504285714285,99.59842857142857,4.718333333333333,5.599,3.1191666666666666,3.0608333333333335,-0.41833333333332945,-0.1283333333333303,0.9215,0.3554999999999999,59.846000000000004,38.5735,58.462,49.6255,80.699,51.9475,78.5935,67.0505,77.508,49.7015,77.0675,64.823,75.211,48.332,76.4705,63.601,-12.859,13.01,0.10817,0.096915,0.0,54.144999999999996,59.254999999999995,52.86666666666666,57.33666666666667,0.0,0.0
395,0.0,0.0,0.0,1.0,1.0,0.0,0.0,1.0,0.0,100.0,1.0,1.1856,26.0,0.0,0.0,0.0,57.999998,0.0,26.0,26.0,26.0,26.0,2.2151111111111113,-0.22319999999999995,0.2177,309.845,-2.6095,-3.147125,-2.17755,-0.37959999999999994,-31.0,170.4925,187.52,0.0,0.0,0.0,0.0,0.4561,-5.498166666666667,-5.498166666666667,0.22710000000000002,-0.31499999999999995,-0.49444444444444446,8.452,17.794,-0.5711,-0.056225000000000004,-62.75,100.0,0.0,0.0,54.61,0.0,0.0,0.0,0.0,0.0,0.0,0.0,5106.1,0.0,55.0,1.0,64.11333333333334,1.0,0.0,0.0,0.0,0.0,0.0,1.0,0.0,19.758,19.758,0.0,17.284,1.0,55.0,616.79921,10000.0,85.000001,85.000001,85.000001,85.000001,395.0,0.0,0.0,0.0,1.0,333.33500000000004,65.353,65.353,72.43299999999999,72.43299999999999,34.0,2.522500000000001,3.620000000000001,16.406666666666666,64.605,0.0,1763.182,-162.0,100.0,9.869,20.971,12.058,32.338,0.0,0.0,3.0450000000000017,0.0,0.0,0.0,0.0,391.75,3832.2,1328.0,4072.5,313.9765,303.447,321.99925,315.8205,25.4215,22.0165,25.1998,23.7853,314.999998,314.999998,324.999988,324.999988,99.64087142857143,99.54248333333334,99.64508571428571,99.59854285714286,4.443333333333333,5.3717500000000005,3.2651666666666666,3.188,-0.046666666666666856,-0.19999999999999574,0.22699999999999987,-0.01949999999999985,59.885,38.6035,58.499,49.6585,80.661,52.0405,78.5585,67.072,77.473,49.787,77.0335,64.846,75.177,48.411500000000004,76.436,63.62466666666667,-12.8585,13.007,0.11048000000000001,0.09577500000000001,0.0,54.129999999999995,59.225,52.209999999999994,57.006666666666675,0.0,0.0
396,0.0,0.0,0.0,1.0,1.0,0.0,0.0,1.0,0.0,100.0,1.0,1.1856,26.0,0.0,0.0,0.0,57.999998,0.0,26.0,26.0,26.0,26.0,1.9489999999999998,-0.28679999999999994,-0.047900000000000005,309.86,-2.79945,-2.913625,-2.2188,-0.24969999999999992,-31.5,171.245,187.527875,0.0,0.0,0.0,0.0,0.4566,-5.498166666666667,-5.498166666666667,0.1655,-0.585,-0.3215555555555558,-3.2750000000000004,17.68,-0.62,-0.12452500000000001,-62.328,100.0,0.0,0.0,54.11,0.0,0.0,0.0,0.0,0.0,0.0,0.0,5059.5,0.0,55.0,1.0,63.71333333333334,0.0,0.0,0.0,0.0,0.0,0.0,1.0,0.0,19.809,19.809,0.0,17.284,0.0,55.0,616.79921,10000.0,85.000001,85.000001,85.000001,85.000001,395.0,0.0,0.0,0.0,1.0,166.665,64.636,64.636,72.968,72.968,34.0,0.3325000000000031,5.283999999999999,9.200000000000003,55.065,0.0,1763.131,-162.0,100.0,9.828,23.052,11.120999999999999,34.631,0.0,0.0,1.80833333333333,0.0,0.0,0.0,0.0,100.0,3965.7,871.75,3553.1,314.8775,302.72566666666665,323.21875,316.76525,25.4276,22.0216,25.2057,23.7908,314.999998,314.999998,324.999988,324.999988,99.64088571428572,99.54273333333333,99.6451,99.59868571428571,4.432,5.36775,3.2446666666666664,3.1951666666666667,0.6600000000000037,-0.12666666666666515,-0.11850000000000005,-0.2410000000000001,59.922,38.635,58.535,49.6925,80.609,52.1495,78.5195,67.1025,77.424,49.8875,76.99549999999999,64.8785,75.13,48.506,76.3975,63.65833333333333,-12.857000000000001,12.9955,0.10632000000000001,0.09324,0.0,54.04,58.79,51.67999999999999,56.54333333333332,0.0,0.0
397,0.0,0.0,0.0,1.0,1.0,0.0,0.0,1.0,0.0,100.0,1.0,1.1856,26.0,0.0,0.0,0.0,57.999998,0.0,26.0,26.0,26.0,26.0,1.8617777777777778,-0.3393999999999999,-0.1683,310.776,-2.73065,-3.006125,-2.2718,-0.31899999999999995,-32.00999999999999,171.92000000000002,187.536125,0.0,0.0,0.0,0.0,0.45706666666666673,-5.498166666666667,-5.498166666666667,0.1158,-0.23233333333333328,-0.36111111111111116,0.9090000000000003,17.555,-0.6741,-0.126025,-63.903999999999996,100.0,0.0,0.0,53.599999999999994,0.0,0.0,0.0,0.0,0.0,0.0,0.0,5011.6,0.0,55.0,1.0,63.27333333333334,1.0,0.0,0.0,0.0,0.0,0.0,1.0,0.0,19.857,19.857,0.0,17.284,1.0,55.0,616.79921,10000.0,85.000001,85.000001,85.000001,85.000001,395.0,0.0,0.0,0.0,1.0,333.33500000000004,64.835,64.835,74.387,74.387,34.0,0.7325000000000017,13.296,4.920000000000002,48.980000000000004,0.0,1763.082,-162.0,100.0,10.078,22.851,10.960999999999999,33.427,0.0,0.0,0.03833333333332689,0.0,0.0,0.0,0.0,102.125,3793.8,502.625,3185.3,314.633,303.4096666666667,323.8545,317.72825,25.4333,22.0263,25.2112,23.7957,314.999998,314.999998,324.999988,324.999988,99.64088571428572,99.54293333333334,99.64512857142857,99.59878571428571,3.9670000000000005,4.95475,3.1246666666666667,3.068,0.2433333333333323,-0.086666666666666,-0.43400000000000016,-0.375,59.958,38.6645,58.57,49.7235,80.565,52.239,78.4865,67.1195,77.383,49.97,76.963,64.897,75.091,48.583,76.3645,63.67766666666667,-12.858,12.997,0.10830500000000001,0.09027500000000001,0.0,53.504999999999995,58.56,51.093333333333334,56.103333333333325,0.0,0.0
398,0.0,0.0,0.0,1.0,1.0,0.0,0.0,1.0,0.0,100.0,1.0,1.1856,26.0,0.0,0.0,0.0,57.999998,0.0,26.0,26.0,26.0,26.0,2.2436666666666665,-0.3519,-0.01225,310.791,-2.7536,-2.9827500000000002,-2.29175,-0.2703,-32.59,172.6,187.54275,0.0,0.0,0.0,0.0,0.45756666666666673,-5.498166666666667,-5.498166666666667,0.1034,-0.017000000000000126,-0.30166666666666675,3.864,17.416,-0.7355,-0.084125,-64.936,100.0,0.0,0.0,53.216666666666654,0.0,0.0,0.0,0.0,0.0,0.0,0.0,4975.9,0.0,55.0,1.0,62.78333333333333,0.0,0.0,0.0,0.0,0.0,0.0,1.0,0.0,19.908,19.908,0.0,17.284,0.0,55.0,616.79921,10000.0,85.000001,85.000001,85.000001,85.000001,395.0,0.0,0.0,0.0,1.0,166.665,64.941,64.941,74.127,74.127,34.0,0.0,22.844,7.730000000000004,57.315,0.0,1763.032,-162.0,100.0,9.822,22.817,10.207,32.831,0.0,0.0,0.0,0.0,0.0,0.0,0.0,0.0,3894.7,720.25,3550.1,315.0,303.17833333333334,323.403,316.971,25.4393,22.0312,25.217,23.801,314.999998,314.999998,324.999988,324.999988,99.64088571428572,99.54311666666666,99.64514285714286,99.5989,0.0,4.596,3.0506666666666664,2.992,0.0,-0.13333333333332575,-0.39749999999999996,-0.375,59.996,38.695,58.606,49.756,80.515,52.3245,78.4475,67.1385,77.335,50.049,76.925,64.918,75.045,48.657,76.3255,63.699666666666666,-12.861,12.993,0.10441500000000001,0.09356500000000001,0.0,53.214999999999996,58.315,50.65666666666665,55.77666666666667,0.0,0.0
399,0.0,0.0,0.0,1.0,1.0,0.0,0.0,1.0,0.0,100.0,1.0,1.1856,26.0,0.0,0.0,0.0,57.999998,0.0,26.0,26.0,26.0,26.0,2.2674444444444446,-0.3758,0.12565,310.654,-2.91685,-2.81525,-2.3813500000000003,-0.1623,-33.16999999999999,173.2,187.54825,0.0,0.0,0.0,0.0,0.45806666666666673,-5.498166666666667,-5.498166666666667,0.0743,-0.4790000000000001,-0.16533333333333333,1.354,17.287,-0.8647,-0.096025,-65.41399999999999,100.0,0.0,0.0,52.81,0.0,0.0,0.0,0.0,0.0,0.0,0.0,4937.9,0.0,55.0,1.0,62.33666666666666,1.0,0.0,0.0,0.0,0.0,0.0,1.0,0.0,19.956,19.956,0.0,17.284,1.0,55.0,616.79921,10000.0,85.000001,85.000001,85.000001,85.000001,395.0,0.0,0.0,0.0,1.0,166.665,65.079,65.079,73.349,73.349,34.0,0.0,40.376,6.380000000000003,71.27000000000001,0.0,1762.985,-162.0,100.0,9.780000000000001,23.373,9.658000000000001,33.83,0.0,0.0,0.0,0.0,0.0,0.0,0.0,0.0,4198.3,625.375,3977.3,315.0,302.084,323.70375,315.955,25.4449,22.036,25.2224,23.806,314.999998,314.999998,324.999988,324.999988,99.64088571428572,99.54331666666667,99.64515714285714,99.599,0.0,4.13425,2.708666666666667,2.6715,0.0,-0.006666666666667709,-0.4575,-0.3730000000000002,60.031,38.725,58.64,49.7875,80.462,52.403,78.4085,67.157,77.286,50.1215,76.8865,64.9385,74.998,48.725,76.2875,63.721000000000004,-12.857000000000001,12.9885,0.10695,0.08348000000000001,0.0,53.214999999999996,57.975,50.21333333333334,55.406666666666666,0.0,0.0
400,0.0,0.0,0.0,1.0,1.0,0.0,0.0,1.0,0.0,100.0,1.0,1.1856,26.0,0.0,0.0,0.0,57.999998,0.0,26.0,26.0,26.0,26.0,2.198777777777778,-0.35019999999999996,-0.039,311.218,-2.8738,-2.878375,-2.31945,-0.28469999999999995,-33.81999999999999,173.7925,187.554,0.0,0.0,0.0,0.0,0.45853333333333335,-5.498166666666667,-5.498166666666667,0.0386,-0.45500000000000007,-0.21499999999999986,-1.593,17.16,-0.9427000000000001,-0.0989,-66.736,100.0,0.0,0.0,52.44666666666666,0.0,0.0,0.0,0.0,0.0,0.0,0.0,4903.7,0.0,55.0,1.0,61.89333333333333,0.0,0.0,0.0,0.0,0.0,0.0,0.0,0.0,20.007,20.007,0.0,17.284,0.0,55.0,616.79921,10000.0,85.000001,85.000001,85.000001,85.000001,395.0,0.0,0.0,0.0,1.0,333.33500000000004,65.72,65.72,73.532,73.532,34.0,0.0,44.568,11.340000000000003,57.8325,0.0,1762.931,-162.0,100.0,9.669999999999998,23.28,9.48,33.753,0.0,0.0,0.0,0.0,0.0,0.0,0.0,0.0,3702.3,958.75,3319.3,315.0,303.44433333333336,322.88525,317.316,25.4509,22.041,25.2282,23.8113,314.999998,314.999998,324.999988,324.999988,99.64088571428572,99.54346666666666,99.64518571428572,99.59909999999999,0.0,3.72875,2.6296666666666666,2.5831666666666666,0.0,-0.07166666666666544,-0.29700000000000015,-0.3454999999999999,60.068,38.7565,58.676,49.8205,80.407,52.4745,78.3675,67.1705,77.234,50.1875,76.8465,64.954,74.94800000000001,48.787,76.247,63.73766666666667,-12.858,12.9955,0.10898500000000001,0.09040000000000001,0.0,53.214999999999996,57.754999999999995,49.84,55.05,0.0,0.0
401,0.0,0.0,0.0,1.0,1.0,0.0,0.0,1.0,0.0,100.0,1.0,1.1856,26.0,0.0,0.0,0.0,57.999998,0.0,26.0,26.0,26.0,26.0,2.1204444444444444,-0.34819999999999995,0.0019,311.172,-2.82635,-2.9057500000000003,-2.28965,-0.2835,-34.5,174.3375,187.55875,0.0,0.0,0.0,0.0,0.45903333333333335,-5.498166666666667,-5.498166666666667,-0.024,-1.31,-0.2102222222222223,0.637,17.044,-0.9897,-0.0955,-67.52199999999999,100.0,0.0,0.0,52.076666666666654,0.0,0.0,0.0,0.0,0.0,0.0,0.0,4869.1,0.0,55.0,1.0,61.486666666666665,1.0,0.0,0.0,0.0,0.0,0.0,0.0,0.0,20.058,20.058,0.0,17.284,1.0,55.0,616.79921,10000.0,85.000001,85.000001,85.000001,85.000001,395.0,0.0,0.0,0.0,1.0,333.33500000000004,65.17,65.17,74.066,74.066,34.0,0.0,54.268,8.99666666666667,60.347500000000004,0.0,1762.882,-162.0,100.0,9.633,22.909,9.828,33.114,0.0,0.0,0.0,0.0,0.0,0.0,0.0,0.0,3906.5,805.625,3411.8,315.0,303.07933333333335,323.248,317.18725,25.4568,22.046,25.2339,23.8166,314.999998,314.999998,324.999988,324.999988,99.64088571428572,99.54361666666667,99.6452,99.5992,0.0,3.4545000000000003,2.508,2.4758333333333336,0.0,-0.061666666666667425,-0.3450000000000002,-0.3780000000000001,60.105000000000004,38.7875,58.712,49.8535,80.351,52.536,78.329,67.1795,77.181,50.244,76.8085,64.965,74.898,48.8405,76.2085,63.74933333333333,-12.8535,12.993,0.10656,0.08408,0.0,53.214999999999996,57.48,49.42333333333333,54.72666666666666,0.0,0.0
402,0.0,0.0,0.0,1.0,1.0,0.0,0.0,1.0,0.0,100.0,1.0,1.1856,26.0,0.0,0.0,0.0,57.999998,0.0,26.0,26.0,26.0,26.0,2.1654444444444443,-0.3488,0.024800000000000003,310.959,-2.79735,-2.8998749999999998,-2.26525,-0.31199999999999994,-35.21000000000001,174.8375,187.56275,0.0,0.0,0.0,0.0,0.45953333333333335,-5.498166666666667,-5.498166666666667,-0.0823,-0.2616666666666667,-0.20833333333333348,-0.135,16.935,-1.0281,-0.10505,-69.778,100.0,0.0,0.0,51.75666666666666,0.0,0.0,0.0,0.0,0.0,0.0,0.0,4839.4,0.0,55.0,1.0,61.099999999999994,0.0,0.0,0.0,0.0,0.0,0.0,0.0,0.0,20.109,20.109,0.0,17.284,0.0,55.0,616.79921,10000.0,85.000001,85.000001,85.000001,85.000001,395.0,0.0,0.0,0.0,1.0,166.665,64.194,64.194,74.127,74.127,34.0,1.3100000000000023,75.37,9.483333333333334,55.9025,0.0,1762.832,-154.54,100.0,9.693000000000001,23.396,9.753999999999998,32.701,0.0,0.0,0.0,0.0,0.0,0.0,0.0,253.25,3971.5,828.25,3228.5,314.383,302.7096666666667,323.15175,317.5645,25.4627,22.0511,25.2396,23.8218,314.999998,314.999998,324.999988,324.999988,99.64088571428572,99.54375,99.64521428571429,99.59928571428571,1.303,2.61,2.5831666666666666,2.5445,0.326666666666668,-0.03833333333332689,-0.3599999999999999,-0.4005000000000001,60.142,38.819,58.748,49.886,80.298,52.5925,78.2885,67.188,77.131,50.2965,76.7695,64.9755,74.85,48.8895,76.169,63.761,-12.397,12.525,0.10551,0.089895,0.0,51.769999999999996,57.324999999999996,49.013333333333335,54.5,0.0,0.0
403,0.0,0.0,0.0,1.0,1.0,0.0,0.0,1.0,0.0,100.0,1.0,1.1856,26.0,0.0,0.0,0.0,57.999998,0.0,26.0,26.0,26.0,26.0,1.4106666666666667,0.274,0.10515000000000001,311.279,-2.89035,-2.831,-2.0692000000000004,-0.5103,-35.900000000000006,175.27,187.566375,0.0,0.0,0.0,0.0,0.46,-5.498166666666667,-5.498166666666667,-0.0687,1.1916666666666667,-0.3688888888888888,-6.258,16.998,-0.8199000000000001,-0.09755,-63.342,100.0,0.0,0.0,53.30666666666666,0.0,0.0,0.0,0.0,0.0,0.0,0.0,4984.2,0.0,55.0,1.0,61.22333333333334,1.0,0.0,0.0,0.0,0.0,0.0,0.0,0.0,20.157,20.157,0.0,17.284,1.0,55.0,616.79921,10000.0,85.000001,85.000001,85.000001,85.000001,395.0,0.0,0.0,0.0,1.0,333.33500000000004,65.704,65.704,73.395,73.395,34.0,-2.969999999999999,54.629999999999995,15.590000000000003,50.89,0.0,1762.782,-117.065,100.0,9.937999999999999,22.338,10.873999999999999,31.61,0.0,0.0,34.403333333333336,0.0,0.0,0.0,0.0,409.375,3177.4,1624.125,3215.2,314.0145,305.1046666666667,321.6415,317.63475,25.4681,22.0557,25.245,23.8266,314.999998,314.999998,324.999988,324.999988,99.64088571428572,99.54381666666667,99.64524285714286,99.59937142857143,-0.18466666666666676,0.8135000000000001,2.8655,2.8193333333333337,-0.16166666666666885,-0.023333333333326323,3.125,1.2165,60.176,38.848,58.781,49.9165,80.248,52.6095,78.2585,67.1985,77.084,50.313,76.74,64.9875,74.804,48.9045,76.1385,63.774,-9.4575,9.517,0.11562000000000001,0.094975,0.0,51.83,57.155,51.17999999999999,55.42999999999999,0.0,0.0
404,0.0,0.0,0.0,1.0,1.0,0.0,0.0,1.0,0.0,100.0,1.0,1.1856,26.0,0.0,0.0,0.0,57.999998,0.0,26.0,26.0,26.0,26.0,1.1028888888888888,0.6283000000000001,-0.1461,311.813,-2.90375,-2.915,-1.86735,-0.7121999999999999,-36.66,175.705,187.570125,0.0,0.0,0.0,0.0,0.4605,-5.498166666666667,-5.498166666666667,-0.041,0.8653333333333333,-0.5593333333333335,-1.781,17.287,-0.5858,-0.0855,-47.891999999999996,100.0,0.0,0.0,55.17666666666666,0.0,0.0,0.0,0.0,0.0,0.0,0.0,5159.2,0.0,55.0,1.0,62.19,0.0,0.0,0.0,0.0,0.0,0.0,0.0,0.0,20.208,20.208,0.0,17.284,0.0,55.0,616.79921,10000.0,85.000001,85.000001,85.000001,85.000001,395.0,0.0,0.0,0.0,1.0,166.665,67.978,67.978,72.311,72.311,34.0,-3.6325000000000003,33.188,10.193333333333328,45.487500000000004,0.0,1762.732,-82.095,100.0,10.355,19.172,14.245999999999999,30.244,0.0,0.0,83.90166666666667,0.0,0.0,0.0,0.0,448.25,2499.9,1923.625,3059.5,313.6845,307.37166666666667,320.86775,318.026,25.4739,22.0603,25.2507,23.8318,314.999998,314.999998,324.999988,324.999988,99.64088571428572,99.54383333333334,99.64531428571429,99.59944285714286,-0.17799999999999994,0.41025,2.1765,2.2545,-0.3299999999999983,0.10500000000000398,5.404,2.3545,60.212,38.8765,58.817,49.9485,80.195,52.6025,78.242,67.206,77.034,50.3065,76.7235,64.997,74.757,48.8985,76.12049999999999,63.78366666666667,-6.837,6.873,0.11575,0.10030000000000001,0.0,52.99,56.995,54.04333333333332,56.31,0.0,0.0
405,0.0,0.0,0.0,1.0,1.0,0.0,0.0,1.0,0.0,100.0,1.0,1.1856,26.0,0.0,0.0,0.0,57.999998,0.0,26.0,26.0,26.0,26.0,0.8487777777777779,0.9793000000000001,-0.08735000000000001,312.042,-2.98585,-2.875375,-1.82585,-0.7884,-37.400000000000006,176.1,187.573125,0.0,0.0,0.0,0.0,0.461,-5.498166666666667,-5.498166666666667,-0.026600000000000002,0.6946666666666667,-0.6311111111111112,-1.745,17.698999999999998,-0.41250000000000003,-0.069075,-37.562,100.0,0.0,0.0,58.133333333333326,0.0,0.0,0.0,0.0,0.0,0.0,0.0,5435.6,0.0,55.0,1.0,63.629999999999995,1.0,0.0,0.0,0.0,0.0,0.0,0.0,0.0,20.256,20.256,0.0,17.284,1.0,55.0,616.79921,10000.0,85.000001,85.000001,85.000001,85.000001,395.0,0.0,0.0,0.0,1.0,333.33500000000004,69.336,69.336,70.984,70.984,34.0,-2.799999999999997,29.77,0.480000000000004,33.4675,0.0,1762.683,-64.13,100.0,10.004,17.32,16.273,29.448,0.0,0.0,100.0,0.0,0.0,0.0,0.0,456.25,2296.3,2073.375,3096.9,313.699,307.9696666666667,320.476,317.9275,25.4794,22.0645,25.256,23.8366,314.999998,314.999998,324.999988,324.999988,99.6409,99.54383333333334,99.64541428571428,99.59952857142858,0.06266666666666643,0.40375000000000005,1.7741666666666667,1.901,-0.28666666666666885,-0.15333333333332888,10.0595,4.0634999999999994,60.246,38.903,58.85,49.9785,80.146,52.593,78.2445,67.2135,76.988,50.298,76.7255,65.0055,74.712,48.8905,76.12,63.793,-5.2425,5.2775,0.113555,0.11002,0.0,54.519999999999996,57.745,58.133333333333326,58.133333333333326,0.0,0.0
406,0.0,0.0,0.0,1.0,1.0,0.0,0.0,1.0,0.0,100.0,1.0,1.1856,26.0,0.0,0.0,0.0,57.999998,0.0,26.0,26.0,26.0,26.0,0.735888888888889,1.0871,0.08305,311.966,-3.0074,-2.919625,-1.7518500000000001,-0.9125,-38.22,176.515,187.576,0.0,0.0,0.0,0.0,0.4615,-5.498166666666667,-5.498166666666667,-0.0239,0.1143333333333334,-0.7153333333333336,-0.44700000000000006,18.238,-0.2692,-0.067275,-29.552,100.0,0.0,0.0,59.849999999999994,0.0,0.0,0.0,0.0,0.0,0.0,0.0,5596.1,0.0,55.0,1.0,65.55,0.0,0.0,0.0,0.0,0.0,0.0,0.0,0.0,20.307,20.307,0.0,17.284,0.0,55.0,616.79921,10000.0,85.000001,85.000001,85.000001,85.000001,395.0,0.0,0.0,0.0,1.0,166.665,70.175,70.175,69.748,69.748,34.0,-4.094999999999999,26.686,1.3533333333333317,25.2775,0.0,1762.632,-50.035,100.0,9.907,15.644,18.436999999999998,29.139,0.0,0.0,100.0,0.0,0.0,0.0,0.0,802.0,2061.6,2409.875,2955.4,312.851,308.79533333333336,319.753,318.2855,25.4851,22.0688,25.2617,23.8418,314.999998,314.999998,324.999988,324.999988,99.6409,99.54385,99.64554285714286,99.59962857142857,0.22066666666666634,0.4357500000000001,1.4745,1.6533333333333333,-0.22333333333332916,-0.1566666666666663,9.343499999999999,4.8185,60.282,38.93,58.886,50.011,80.094,52.5815,78.267,67.2305,76.939,50.2875,76.7465,65.0235,74.665,48.8805,76.138,63.811,-4.015499999999999,4.0395,0.12443000000000001,0.11937,0.0,56.44,59.01,59.849999999999994,59.849999999999994,0.0,0.0
407,0.0,0.0,0.0,1.0,1.0,0.0,0.0,1.0,0.0,100.0,1.0,1.1856,26.0,0.0,0.0,0.0,57.999998,0.0,26.0,26.0,26.0,26.0,0.6636666666666668,1.1005000000000003,-0.07825,311.707,-3.01915,-2.792375,-1.69055,-0.9201,-39.06999999999999,176.9225,187.579375,0.0,0.0,0.0,0.0,0.46203333333333335,-5.498166666666667,-5.498166666666667,-0.0291,0.44499999999999995,-0.7124444444444444,0.2240000000000002,18.791999999999998,-0.1872,-0.084875,-23.71,100.0,0.0,0.0,61.59,0.0,0.0,0.0,0.0,0.0,0.0,0.0,5758.9,0.0,55.0,1.0,67.53666666666666,1.0,0.0,0.0,0.0,0.0,0.0,0.0,0.0,20.358,20.358,0.0,17.284,1.0,55.0,616.79921,10000.0,85.000001,85.000001,85.000001,85.000001,395.0,0.0,0.0,0.0,1.0,333.33500000000004,70.236,70.236,68.939,68.939,34.0,-4.420000000000002,27.346,1.5933333333333337,22.18,0.0,1762.581,-37.19,100.0,9.968,15.088,19.891,29.106,0.0,0.0,100.0,0.0,0.0,0.0,0.0,846.375,2193.5,2230.375,3032.8,312.6385,308.32866666666666,320.1225,318.065,25.4908,22.0732,25.2675,23.8469,314.999998,314.999998,324.999988,324.999988,99.6409,99.54385,99.64567142857143,99.59974285714286,0.22699999999999987,0.38375000000000004,1.197,1.3996666666666668,-0.22999999999999687,-0.07000000000000028,8.685,5.186,60.317,38.957,58.922,50.0435,80.043,52.5695,78.2825,67.2495,76.891,50.2765,76.7615,65.0435,74.619,48.87,76.15,63.831,-3.059,3.0789999999999997,0.12528,0.11495000000000001,0.0,58.405,60.4,61.59,61.59,0.0,0.0
408,0.0,0.0,0.0,1.0,1.0,0.0,0.0,1.0,0.0,100.0,1.0,1.1856,26.0,0.0,0.0,0.0,57.999998,0.0,26.0,26.0,26.0,26.0,0.5742222222222222,1.1554000000000002,-0.1131,311.981,-3.02395,-2.842,-1.66635,-0.9815,-39.900000000000006,177.3075,187.582875,0.0,0.0,0.0,0.0,0.46256666666666674,-5.498166666666667,-5.498166666666667,-0.011600000000000001,0.6686666666666667,-0.7465555555555556,-0.4039999999999999,19.323,-0.1315,-0.07765,-19.66,100.0,0.0,0.0,63.45333333333333,0.0,0.0,0.0,0.0,0.0,0.0,0.0,5933.1,0.0,55.0,1.0,69.44333333333334,0.0,0.0,0.0,0.0,0.0,0.0,0.0,0.0,20.406,20.406,0.0,17.284,0.0,55.0,616.79921,10000.0,85.000001,85.000001,85.000001,85.000001,395.0,0.0,0.0,0.0,1.0,166.665,71.167,71.167,68.344,68.344,34.0,-3.4624999999999986,24.028,1.5433333333333294,17.6175,0.0,1762.534,-30.705,100.0,9.768,14.358,20.73,28.895,0.0,0.0,100.0,0.0,0.0,0.0,0.0,770.375,1961.1,2318.375,2949.1,312.8275,309.02666666666664,319.88425,318.238,25.4961,22.0772,25.2729,23.8518,314.999998,314.999998,324.999988,324.999988,99.6409,99.54386666666667,99.64578571428571,99.59985714285715,0.28633333333333333,0.37949999999999995,1.0493333333333332,1.2551666666666668,-0.1599999999999966,-0.19500000000000028,8.538,5.6899999999999995,60.351,38.9825,58.955,50.074,79.995,52.5575,78.2965,67.27,76.845,50.266,76.775,65.065,74.576,48.86,76.161,63.852666666666664,-2.472,2.4955,0.11449500000000001,0.12150000000000001,0.0,60.195,61.925,63.45333333333333,63.45333333333333,0.0,0.0
409,0.0,0.0,0.0,1.0,1.0,0.0,0.0,1.0,0.0,100.0,1.0,1.1856,26.0,0.0,0.0,0.0,57.999998,0.0,26.0,26.0,26.0,26.0,0.508,1.174,0.0317,312.424,-3.02,-2.8440000000000003,-1.60345,-1.0233,-40.81,177.7125,187.586125,0.0,0.0,0.0,0.0,0.4631666666666667,-5.498166666666667,-5.498166666666667,0.0132,0.4796666666666666,-0.7805555555555559,-0.26,19.904,-0.085,-0.051575,-16.602,100.0,0.0,0.0,65.57333333333332,0.0,0.0,0.0,0.0,0.0,0.0,0.0,6131.1,0.0,55.0,1.0,71.53333333333333,1.0,0.0,0.0,0.0,0.0,0.0,0.0,0.0,20.457,20.457,0.0,17.284,1.0,55.0,616.79921,10000.0,85.000001,85.000001,85.000001,85.000001,395.0,0.0,0.0,0.0,1.0,166.665,72.22,72.22,68.13,68.13,34.0,-2.894999999999996,19.948,1.1600000000000037,12.7425,0.0,1762.484,-26.405,100.0,9.472000000000001,13.536,21.483,28.481,0.0,0.0,100.0,0.0,0.0,0.0,0.0,787.875,1625.8999999999999,2411.125,2802.7,312.9105,309.9836666666667,319.74675,318.54525,25.5018,22.0815,25.2786,23.857,314.999998,314.999998,324.999988,324.999988,99.6409,99.54388333333333,99.64592857142857,99.59997142857142,0.3460000000000001,0.42525000000000013,0.8695,1.0905,-0.24833333333332774,-0.2083333333333286,8.613,6.271,60.386,39.009,58.991,50.1065,79.944,52.544,78.3145,67.296,76.798,50.254,76.7925,65.092,74.53,48.8485,76.1755,63.879,-2.091,2.1185,0.12238500000000001,0.12030500000000001,0.0,62.15,63.585,65.57333333333332,65.57333333333332,0.0,0.0
410,0.0,0.0,0.0,1.0,1.0,0.0,0.0,1.0,0.0,100.0,1.0,1.1856,26.0,0.0,0.0,0.0,57.999998,0.0,26.0,26.0,26.0,26.0,0.494,1.2052,-0.1095,311.996,-3.0103,-2.830375,-1.5905,-1.0409,-41.75999999999999,178.12,187.588625,0.0,0.0,0.0,0.0,0.46373333333333333,-5.498166666666667,-5.498166666666667,0.0142,-0.015000000000000124,-0.7718888888888888,0.8580000000000001,20.511,-0.060700000000000004,-0.0489,-14.914,100.0,0.0,0.0,67.47333333333333,0.0,0.0,0.0,0.0,0.0,0.0,0.0,6308.7,0.0,55.0,1.0,73.71,0.0,0.0,0.0,0.0,0.0,0.0,1.0,0.0,20.508,20.508,0.0,17.284,0.0,55.0,616.79921,10000.0,85.000001,85.000001,85.000001,85.000001,395.0,0.0,0.0,0.0,1.0,166.665,72.083,72.083,67.352,67.352,34.0,-2.924999999999997,22.994,1.1899999999999977,13.26,0.0,1762.432,-23.2,100.0,9.407,13.108,22.36,28.442,0.0,0.0,100.0,0.0,0.0,0.0,0.0,881.375,1818.6999999999998,2451.75,3069.6,312.6255,309.5353333333333,319.6625,318.03375,25.5074,22.0857,25.2845,23.8623,314.999998,314.999998,324.999988,324.999988,99.64091428571429,99.54388333333333,99.64607142857143,99.60011428571428,0.3839999999999999,0.4575,0.805,1.0223333333333333,-0.1599999999999966,-0.11833333333333229,8.379000000000001,6.381,60.421,39.036,59.028,50.139,79.893,52.5315,78.3365,67.329,76.75,50.2425,76.814,65.125,74.484,48.838,76.194,63.91166666666667,-1.842,1.8725,0.117165,0.12254000000000001,0.0,64.08500000000001,65.38,67.47333333333333,67.47333333333333,0.0,0.0
411,0.0,0.0,0.0,1.0,1.0,0.0,0.0,1.0,0.0,100.0,1.0,1.1856,26.0,0.0,0.0,0.0,57.999998,0.0,26.0,26.0,26.0,26.0,0.4793333333333334,1.2243,0.020200000000000003,311.813,-3.05255,-2.833875,-1.5986500000000001,-1.0996,-42.69,178.5025,187.59175,0.0,0.0,0.0,0.0,0.4643333333333333,-5.498166666666667,-5.498166666666667,-0.0012000000000000001,-0.04400000000000004,-0.7554444444444446,1.138,21.091,-0.0509,-0.0741,-14.122,100.0,0.0,0.0,69.43333333333332,0.0,0.0,0.0,0.0,0.0,0.0,0.0,6492.1,0.0,55.0,1.0,75.79666666666665,1.0,0.0,0.0,0.0,0.0,0.0,1.0,0.0,20.556,20.556,0.0,17.284,1.0,55.0,616.79921,10000.0,85.000001,85.000001,85.000001,85.000001,395.0,0.0,0.0,0.0,1.0,166.665,71.899,71.899,67.078,67.078,34.0,-2.6599999999999966,25.951999999999998,0.9533333333333331,12.807500000000001,0.0,1762.384,-22.165,100.0,9.604,12.817,22.925,28.689,0.0,0.0,100.0,0.0,0.0,0.0,0.0,896.125,1969.0,2350.375,3126.5,312.466,309.07,319.804,317.9285,25.5126,22.0898,25.2899,23.8672,314.999998,314.999998,324.999988,324.999988,99.64091428571429,99.5439,99.6462,99.60025714285715,0.4283333333333337,0.49675,0.7336666666666667,0.9673333333333334,-0.125,-0.24166666666666714,8.3235,6.485,60.454,39.061,59.062,50.17,79.847,52.521,78.357,67.362,76.706,50.233,76.8335,65.1585,74.44200000000001,48.829,76.2105,63.94433333333333,-1.7435,1.773,0.12097000000000001,0.115765,0.0,65.955,67.215,69.43333333333332,69.43333333333332,0.0,0.0
412,0.0,0.0,0.0,1.0,1.0,0.0,0.0,1.0,0.0,100.0,1.0,1.1856,26.0,0.0,0.0,0.0,57.999998,0.0,26.0,26.0,26.0,26.0,0.48777777777777787,1.1605000000000003,-0.0154,312.332,-3.08605,-2.81625,-1.5857999999999999,-1.1026,-43.69999999999999,178.91,187.5955,0.0,0.0,0.0,0.0,0.4649666666666667,-5.498166666666667,-5.498166666666667,-0.0118,0.18699999999999994,-0.7717777777777779,-0.45500000000000007,21.7,-0.0279,-0.07917500000000001,-14.136000000000001,100.0,0.0,0.0,72.10333333333332,0.0,0.0,0.0,0.0,0.0,0.0,0.0,6741.8,0.0,55.0,1.0,77.99666666666666,0.0,0.0,0.0,0.0,0.0,0.0,1.0,0.0,20.607,20.607,0.0,17.284,0.0,55.0,616.79921,10000.0,85.000001,85.000001,85.000001,85.000001,395.0,0.0,0.0,0.0,1.0,166.665,72.372,72.372,67.673,67.673,34.0,-2.6075000000000017,23.754,0.4966666666666697,7.6975,0.0,1762.333,-21.775,100.0,9.317,12.501,22.981,28.71,0.0,0.0,100.0,0.0,0.0,0.0,0.0,1039.25,1768.9,2262.75,2717.9,312.233,309.477,320.05675,318.71425,25.5182,22.0941,25.2958,23.8725,314.999998,314.999998,324.999988,324.999988,99.64092857142857,99.54391666666666,99.64635714285714,99.6004,0.47066666666666634,0.5367500000000001,0.7406666666666667,0.9911666666666666,-0.19666666666666544,-0.1566666666666663,9.2475,7.384,60.489,39.088,59.099000000000004,50.2035,79.797,52.5105,78.3825,67.4035,76.66,50.2235,76.858,65.2,74.397,48.8195,76.232,63.985,-1.7035,1.7429999999999999,0.120135,0.12075500000000002,0.0,67.905,69.08500000000001,72.10333333333332,72.10333333333332,0.0,0.0
413,0.0,0.0,0.0,1.0,1.0,0.0,0.0,1.0,0.0,100.0,1.0,1.1856,26.0,0.0,0.0,0.0,57.999998,0.0,26.0,26.0,26.0,26.0,0.5050000000000001,1.1926,-0.024800000000000003,312.485,-3.0237,-2.794125,-1.53525,-1.1142,-44.81,179.34,187.598875,0.0,0.0,0.0,0.0,0.46563333333333334,-5.498166666666667,-5.498166666666667,-0.006500000000000001,0.495,-0.7785555555555557,-0.29699999999999993,22.342,0.017400000000000002,-0.052775,-15.192,100.0,0.0,0.0,75.16,0.0,0.0,0.0,0.0,0.0,0.0,0.0,7027.7,0.0,55.0,1.0,80.3,1.0,0.0,0.0,0.0,0.0,0.0,1.0,0.0,20.661,20.661,0.0,17.284,1.0,55.0,616.79921,10000.0,85.000001,85.000001,85.000001,85.000001,395.0,0.0,0.0,0.0,1.0,166.665,72.815,72.815,67.276,67.276,34.0,-1.5974999999999966,23.504,0.060000000000002274,4.345,0.0,1762.279,-21.47,100.0,9.036000000000001,12.273,22.957,28.333,0.0,0.0,100.0,0.0,0.0,0.0,0.0,939.25,1716.1,2471.5,2860.3,312.4625,309.607,319.7175,318.5,25.524,22.0986,25.302,23.8782,314.999998,314.999998,324.999988,324.999988,99.64092857142857,99.54391666666666,99.64654285714286,99.6006,0.5166666666666666,0.5820000000000001,0.8996666666666666,1.1480000000000001,-0.2083333333333286,-0.17666666666666941,10.7405,8.789,60.525,39.1165,59.137,50.2385,79.744,52.4995,78.4225,67.4605,76.61,50.214,76.897,65.257,74.349,48.8105,76.267,64.04066666666667,-1.6804999999999999,1.721,0.12083500000000001,0.11713000000000001,0.0,69.87,71.14,75.16,75.16,0.0,0.0
414,0.0,0.0,0.0,1.0,1.0,0.0,0.0,1.0,0.0,100.0,1.0,1.1856,26.0,0.0,0.0,0.0,57.999998,0.0,26.0,26.0,26.0,26.0,0.5404444444444443,1.25,0.0466,311.935,-3.0624,-2.830125,-1.595,-1.0949,-45.75999999999999,179.6975,187.601,0.0,0.0,0.0,0.0,0.46623333333333333,-5.498166666666667,-5.498166666666667,-0.013800000000000002,0.19899999999999995,-0.7264444444444442,2.4219999999999997,22.902,0.057,-0.05745,-16.002000000000002,100.0,0.0,0.0,76.96000000000001,0.0,0.0,0.0,0.0,0.0,0.0,0.0,7195.9,0.0,55.0,1.0,82.31666666666666,0.0,0.0,0.0,0.0,0.0,0.0,1.0,0.0,20.706,20.706,0.0,17.284,0.0,55.0,616.79921,10000.0,85.000001,85.000001,85.000001,85.000001,395.0,0.0,0.0,0.0,1.0,333.33500000000004,72.174,72.174,66.727,66.727,34.0,-0.9024999999999963,29.772,0.07000000000000028,5.387499999999999,0.0,1762.232,-21.465,100.0,9.122,12.328,23.362000000000002,28.53,0.0,0.0,100.0,0.0,0.0,0.0,0.0,932.625,2044.0,2339.875,3164.2,312.2445,308.7253333333333,319.84925,317.83575,25.5289,22.1024,25.3072,23.8829,314.999998,314.999998,324.999988,324.999988,99.64094285714286,99.54393333333333,99.64671428571428,99.60078571428572,0.5836666666666668,0.64625,1.0305,1.2615,-0.11833333333333229,-0.22333333333332916,10.701,8.722000000000001,60.555,39.14,59.17,50.268,79.69800000000001,52.4915,78.4705,67.5245,76.566,50.2065,76.9435,65.32,74.306,48.8035,76.3095,64.10233333333333,-1.679,1.712,0.1199,0.12323500000000001,0.0,71.555,72.935,76.96000000000001,76.96000000000001,0.0,0.0
415,0.0,0.0,0.0,1.0,1.0,0.0,0.0,1.0,0.0,100.0,1.0,1.1856,26.0,0.0,0.0,0.0,57.999998,0.0,26.0,26.0,26.0,26.0,0.6174444444444445,1.2416,0.012750000000000001,311.905,-3.1513,-2.7898750000000003,-1.6612,-1.1118999999999999,-46.879999999999995,180.1,187.6035,0.0,0.0,0.0,0.0,0.4669333333333333,-5.498166666666667,-5.498166666666667,-0.033800000000000004,-0.31366666666666676,-0.7083333333333335,-1.022,23.533,0.1022,-0.06557500000000001,-17.066,100.0,0.0,0.0,79.12,0.0,0.0,0.0,0.0,0.0,0.0,0.0,7397.9,0.0,55.0,1.0,84.59,1.0,0.0,0.0,0.0,0.0,0.0,1.0,0.0,20.757,20.757,0.0,17.284,1.0,55.0,616.79921,10000.0,85.000001,85.000001,85.000001,85.000001,395.0,0.0,0.0,0.0,1.0,333.33500000000004,72.357,72.357,66.147,66.147,34.0,-0.7325000000000017,29.134,0.026666666666670835,5.2375,0.0,1762.182,-21.14,100.0,8.568000000000001,12.892999999999999,23.38,29.184,0.0,0.0,100.0,0.0,0.0,0.0,0.0,1006.125,1962.5,2426.5,3087.9,312.427,308.822,319.73375,317.9275,25.5343,22.1068,25.3131,23.8884,314.999998,314.999998,324.999988,324.999988,99.64094285714286,99.54396666666666,99.64692857142857,99.60101428571429,0.6163333333333334,0.68625,1.1906666666666668,1.4201666666666668,-0.21333333333333115,-0.1700000000000017,10.7965,8.788,60.589,39.1675,59.207,50.3025,79.65,52.486,78.5185,67.5945,76.521,50.202,76.99,65.39,74.263,48.799,76.3515,64.17066666666666,-1.652,1.6865,0.11944,0.1237,0.0,73.495,74.945,79.12,79.12,0.0,0.0
416,0.0,0.0,0.0,1.0,1.0,0.0,0.0,1.0,0.0,100.0,1.0,1.1856,26.0,0.0,0.0,0.0,57.999998,0.0,26.0,26.0,26.0,26.0,0.6385555555555558,1.1776,-0.041,312.332,-3.1261,-2.7666250000000003,-1.59785,-1.0207,-48.099999999999994,180.5225,187.606125,0.0,0.0,0.0,0.0,0.46766666666666673,-5.498166666666667,-5.498166666666667,-0.0653,-0.23199999999999998,-0.7043333333333335,0.08400000000000007,24.18,0.1694,-0.0661,-18.082,100.0,0.0,0.0,82.06666666666666,0.0,0.0,0.0,0.0,0.0,0.0,0.0,7673.4,0.0,55.0,1.0,86.92999999999999,0.0,0.0,0.0,0.0,0.0,0.0,1.0,0.0,20.811,20.811,0.0,17.284,0.0,55.0,616.79921,10000.0,85.000001,85.000001,85.000001,85.000001,395.0,0.0,0.0,0.0,1.0,166.665,72.571,72.571,66.742,66.742,34.0,0.045000000000001705,30.764,-0.45666666666667055,2.3025,0.0,1762.13,-20.62,100.0,8.448999999999998,12.714,23.229,29.292,0.0,0.0,100.0,0.0,0.0,0.0,0.0,947.0,2019.6,2195.375,2861.9,312.536,308.7676666666667,320.20475,318.4125,25.54,22.1114,25.3194,23.8942,314.999998,314.999998,324.999988,324.999988,99.64094285714286,99.54398333333333,99.64715714285714,99.60127142857142,0.6696666666666666,0.7570000000000001,1.3635,1.5893333333333333,-0.2183333333333266,-0.17499999999999716,11.7985,9.6865,60.625,39.1965,59.246,50.339,79.597,52.480000000000004,78.5765,67.6785,76.471,50.1965,77.0465,65.473,74.215,48.794,76.403,64.25166666666667,-1.6075,1.6480000000000001,0.11604,0.127345,0.0,75.495,77.02,82.06666666666666,82.06666666666666,0.0,0.0
417,0.0,0.0,0.0,1.0,1.0,0.0,0.0,1.0,0.0,100.0,1.0,1.1856,26.0,0.0,0.0,0.0,57.999998,0.0,26.0,26.0,26.0,26.0,0.681888888888889,1.1687000000000003,-0.038450000000000005,312.286,-3.1923,-2.7182500000000003,-1.6590500000000001,-0.9827,-49.139999999999986,180.87,187.608,0.0,0.0,0.0,0.0,0.4683333333333333,-5.498166666666667,-5.498166666666667,-0.0776,-0.11766666666666681,-0.6291111111111114,2.519,24.715,0.2054,-0.06905,-18.106,100.0,0.0,0.0,82.74333333333334,0.0,0.0,0.0,0.0,0.0,0.0,0.0,7736.5,0.0,55.0,1.0,88.85333333333332,1.0,0.0,0.0,0.0,0.0,0.0,1.0,0.0,20.856,20.856,0.0,17.284,1.0,55.0,616.79921,10000.0,85.000001,85.000001,85.000001,85.000001,395.0,0.0,0.0,0.0,1.0,333.33500000000004,72.83,72.83,66.513,66.513,34.0,0.4025000000000034,33.616,0.28999999999999915,8.1425,0.0,1762.083,-20.14,100.0,8.378,12.852,23.194,29.602,0.0,0.0,100.0,0.0,0.0,0.0,0.0,584.375,2166.2,2018.375,3274.9,313.2805,308.4873333333333,320.511,317.634,25.5448,22.1153,25.3246,23.8991,314.999998,314.999998,324.999988,324.999988,99.64095714285715,99.544,99.64734285714286,99.60145714285714,0.7426666666666666,0.81,1.4098333333333333,1.643,-0.240000000000002,-0.19833333333333059,10.251000000000001,8.194500000000001,60.655,39.2205,59.278999999999996,50.3695,79.553,52.4775,78.6225,67.7435,76.43,50.1945,77.091,65.5375,74.175,48.792,76.4435,64.315,-1.5605,1.6,0.12497500000000002,0.12546000000000002,0.0,77.125,78.725,82.74333333333334,82.74333333333334,0.0,0.0
418,0.0,0.0,0.0,1.0,1.0,0.0,0.0,1.0,0.0,100.0,1.0,1.1856,26.0,0.0,0.0,0.0,57.999998,0.0,26.0,26.0,26.0,26.0,0.7214444444444443,1.1886,0.01,312.088,-3.2004,-2.710875,-1.6543,-1.0355,-50.359999999999985,181.255,187.6095,0.0,0.0,0.0,0.0,0.46906666666666674,-5.498166666666667,-5.498166666666667,-0.098,0.03466666666666662,-0.6533333333333333,-0.8089999999999999,25.317,0.26430000000000003,-0.06705,-19.036,100.0,0.0,0.0,85.60666666666667,0.0,0.0,0.0,0.0,0.0,0.0,0.0,8004.3,0.0,55.0,1.0,91.02,0.0,0.0,0.0,0.0,0.0,0.0,1.0,0.0,20.907,20.907,0.0,17.284,0.0,55.0,616.79921,10000.0,85.000001,85.000001,85.000001,85.000001,395.0,0.0,0.0,0.0,1.0,333.33500000000004,72.418,72.418,66.238,66.238,34.0,0.6950000000000003,32.608,-0.4933333333333323,3.2275,0.0,1762.031,-18.945,100.0,8.169999999999998,13.229,22.811999999999998,30.078,0.0,0.0,100.0,0.0,0.0,0.0,0.0,932.5,2078.6,2413.875,2966.7,312.573,308.526,319.76825,318.22875,25.5501,22.1198,25.3305,23.9047,314.999998,314.999998,324.999988,324.999988,99.64097142857143,99.54403333333333,99.64755714285714,99.60172857142857,0.7469999999999999,0.8162500000000001,1.5853333333333333,1.8073333333333332,-0.23499999999999943,-0.18333333333333002,11.484,9.359,60.688,39.249,59.316,50.4045,79.502,52.4765,78.6775,67.831,76.382,50.194,77.144,65.6245,74.129,48.7915,76.4915,64.4,-1.4765000000000001,1.513,0.12066,0.12728,0.0,79.025,80.65,85.60666666666667,85.60666666666667,0.0,0.0
419,0.0,0.0,0.0,1.0,1.0,0.0,0.0,1.0,0.0,100.0,1.0,1.1856,26.0,0.0,0.0,0.0,57.999998,0.0,26.0,26.0,26.0,26.0,0.8134444444444444,1.2469000000000001,0.03135,311.646,-3.2375,-2.6491249999999997,-1.7025000000000001,-0.997,-51.609999999999985,181.63,187.61075,0.0,0.0,0.0,0.0,0.4698333333333333,-5.498166666666667,-5.498166666666667,-0.09630000000000001,0.22133333333333338,-0.6004444444444443,2.396,25.923,0.3174,-0.0678,-18.824,100.0,0.0,0.0,86.43333333333334,0.0,0.0,0.0,0.0,0.0,0.0,0.0,8081.7,0.0,55.0,1.0,93.2,1.0,0.0,0.0,0.0,0.0,0.0,1.0,0.0,20.958,20.958,0.0,17.284,1.0,55.0,616.79921,10000.0,85.000001,85.000001,85.000001,85.000001,395.0,0.0,0.0,0.0,1.0,333.33500000000004,72.342,72.342,65.781,65.781,34.0,0.7199999999999989,37.29,0.730000000000004,10.6275,0.0,1761.98,-17.31,100.0,8.389,13.323,22.915,30.429000000000002,0.0,0.0,100.0,0.0,0.0,0.0,0.0,661.875,2341.8,2356.5,3494.1,313.1145,307.9703333333333,319.84325,317.08225,25.5554,22.1243,25.3365,23.9104,314.999998,314.999998,324.999988,324.999988,99.64097142857143,99.54405,99.64778571428572,99.60197142857143,0.7883333333333336,0.8515000000000001,1.6523333333333332,1.8703333333333334,-0.240000000000002,-0.15333333333332888,9.9155,7.891,60.721000000000004,39.277,59.353,50.44,79.452,52.476,78.738,67.9195,76.335,50.194,77.2025,65.712,74.083,48.7915,76.545,64.48566666666667,-1.3615,1.3975,0.12056000000000001,0.12308000000000001,0.0,80.895,82.525,86.43333333333334,86.43333333333334,0.0,0.0
420,0.0,0.0,0.0,1.0,1.0,0.0,0.0,1.0,0.0,100.0,1.0,1.1856,26.0,0.0,0.0,0.0,57.999998,0.0,26.0,26.0,26.0,26.0,0.7872222222222223,1.2106,0.03395,311.615,-3.318,-2.604375,-1.74025,-0.9615,-52.81999999999999,181.9725,187.61225,0.0,0.0,0.0,0.0,0.47056666666666674,-5.498166666666667,-5.498166666666667,-0.0901,0.613,-0.5682222222222224,-0.3599999999999999,26.487,0.35350000000000004,-0.06620000000000001,-19.146,100.0,0.0,0.0,89.07,0.0,0.0,0.0,0.0,0.0,0.0,0.0,8328.2,0.0,55.0,1.0,95.23333333333333,0.0,0.0,0.0,0.0,0.0,0.0,0.0,0.0,21.006,21.006,0.0,17.284,0.0,55.0,616.79921,10000.0,85.000001,85.000001,85.000001,85.000001,395.0,0.0,0.0,0.0,1.0,333.33500000000004,72.159,72.159,65.674,65.674,34.0,0.5174999999999983,39.674,-0.1700000000000017,6.1899999999999995,0.0,1761.932,-16.175,100.0,8.146,13.921,22.65,30.875,0.0,0.0,100.0,0.0,0.0,0.0,0.0,564.875,2465.4,2213.25,3483.6,313.387,307.5373333333333,320.23375,317.09125,25.5604,22.1287,25.3421,23.9158,314.999998,314.999998,324.999988,324.999988,99.64098571428572,99.54408333333333,99.64797142857142,99.60222857142857,0.7923333333333336,0.8527500000000001,1.7368333333333332,1.9546666666666668,-0.22666666666666657,-0.18166666666667197,10.8725,8.8065,60.752,39.3045,59.388,50.474,79.404,52.4785,78.7875,68.0055,76.289,50.197,77.25,65.7975,74.039,48.7945,76.588,64.56933333333333,-1.27,1.301,0.11884000000000002,0.12860000000000002,0.0,82.64,84.345,89.07,89.07,0.0,0.0
421,0.0,0.0,0.0,1.0,1.0,0.0,0.0,1.0,0.0,100.0,1.0,1.1856,26.0,0.0,0.0,0.0,57.999998,0.0,26.0,26.0,26.0,26.0,0.7756666666666667,1.2457000000000003,0.0222,311.569,-3.3512,-2.705,-1.7074,-1.0189,-54.139999999999986,182.3275,187.613875,0.0,0.0,0.0,0.0,0.4713666666666667,-5.498166666666667,-5.498166666666667,-0.0728,0.3576666666666666,-0.5961111111111115,0.5460000000000003,27.104,0.41300000000000003,-0.060950000000000004,-18.286,100.0,0.0,0.0,91.26333333333332,0.0,0.0,0.0,0.0,0.0,0.0,0.0,8533.3,0.0,55.0,1.0,97.45333333333332,1.0,0.0,0.0,0.0,0.0,0.0,0.0,0.0,21.057,21.057,0.0,17.284,1.0,55.0,616.79921,10000.0,85.000001,85.000001,85.000001,85.000001,395.0,0.0,0.0,0.0,1.0,333.33500000000004,72.51,72.51,65.399,65.399,34.0,0.667500000000004,33.396,-0.2633333333333283,4.6375,0.0,1761.881,-14.61,100.0,8.384999999999998,13.72,23.106,31.12,0.0,0.0,100.0,0.0,0.0,0.0,0.0,686.875,2116.6,2520.875,3273.5,313.1555,308.561,319.548,317.518,25.5656,22.1333,25.3482,23.9216,314.999998,314.999998,324.999988,324.999988,99.64098571428572,99.54411666666667,99.64822857142858,99.60251428571429,0.8043333333333336,0.85175,1.731,1.9558333333333333,-0.2566666666666677,-0.13666666666667027,10.99,9.077,60.785,39.333,59.427,50.5095,79.353,52.4795,78.8595,68.105,76.242,50.198,77.3195,65.8955,73.993,48.7955,76.6515,64.66566666666667,-1.137,1.166,0.12480500000000001,0.1259,0.0,84.61,86.2,91.26333333333332,91.26333333333332,0.0,0.0
422,0.0,0.0,0.0,1.0,1.0,0.0,0.0,1.0,0.0,100.0,1.0,1.1856,26.0,0.0,0.0,0.0,57.999998,0.0,26.0,26.0,26.0,26.0,0.796888888888889,1.2404000000000002,0.0932,310.867,-3.58495,-2.823,-1.7909000000000002,-0.9668,-55.5,182.67000000000002,187.6155,0.0,0.0,0.0,0.0,0.47216666666666673,-5.498166666666667,-5.498166666666667,-0.0724,0.30299999999999994,-0.536,1.379,27.721,0.461,-0.0692,-18.454,100.0,0.0,0.0,93.36333333333333,0.0,0.0,0.0,0.0,0.0,0.0,0.0,8729.7,0.0,55.0,1.0,99.68,0.0,0.0,0.0,0.0,0.0,0.0,0.0,0.0,21.108,21.108,0.0,17.284,0.0,55.0,616.79921,10000.0,85.000001,85.000001,85.000001,85.000001,395.0,0.0,0.0,0.0,1.0,166.665,71.487,71.487,66.116,66.116,34.0,0.5,37.282,-0.28999999999999915,5.0975,0.0,1761.831,-12.95,100.0,8.786000000000001,13.902,23.222,31.653,0.0,0.0,100.0,0.0,0.0,0.0,0.0,1086.75,2277.7,2283.625,3592.9,312.1485,307.9596666666667,320.0125,316.851,25.5709,22.1379,25.3543,23.9274,314.999998,314.999998,324.999988,324.999988,99.641,99.54415,99.64847142857143,99.60282857142857,0.8026666666666666,0.8652500000000001,1.8276666666666668,2.0408333333333335,-0.1666666666666714,-0.2083333333333286,10.9875,9.11,60.818,39.362,59.465,50.5465,79.303,52.4825,78.929,68.216,76.194,50.201,77.3865,66.0055,73.947,48.7985,76.7125,64.77366666666667,-1.0234999999999999,1.056,0.11752000000000001,0.12063000000000001,0.0,86.575,88.155,93.36333333333333,93.36333333333333,0.0,0.0
423,0.0,0.0,0.0,1.0,1.0,0.0,0.0,1.0,0.0,100.0,1.0,1.1856,26.0,0.0,0.0,0.0,57.999998,0.0,26.0,26.0,26.0,26.0,0.7912222222222223,1.2399,0.0097,310.806,-3.3013,-2.58025,-1.72675,-0.968,-56.81,182.98000000000002,187.617625,0.0,0.0,0.0,0.0,0.4729666666666667,-5.498166666666667,-5.498166666666667,-0.061900000000000004,0.6333333333333333,-0.5529999999999999,-0.0129999999999999,28.298000000000002,0.5119,-0.07545,-18.386,100.0,0.0,0.0,95.47,0.0,0.0,0.0,0.0,0.0,0.0,0.0,8926.8,0.0,55.0,1.0,101.75666666666666,1.0,0.0,0.0,0.0,0.0,0.0,0.0,0.0,21.156,21.156,0.0,17.284,1.0,55.0,616.79921,10000.0,85.000001,85.000001,85.000001,85.000001,395.0,0.0,0.0,0.0,1.0,166.665,71.487,71.487,64.957,64.957,34.0,0.6925000000000026,38.598,-0.519999999999996,3.6049999999999995,0.0,1761.785,-10.99,100.0,8.928999999999998,14.345,23.264,32.13,0.0,0.0,100.0,0.0,0.0,0.0,0.0,756.125,2435.5,2536.25,3293.4,312.903,307.652,319.524,317.48225,25.5758,22.1423,25.3601,23.933,314.999998,314.999998,324.999988,324.999988,99.641,99.54418333333334,99.64871428571429,99.60312857142857,0.7846666666666664,0.8275000000000001,1.9003333333333332,2.1195,-0.211666666666666,-0.16166666666666885,11.189,9.318000000000001,60.849000000000004,39.3895,59.5,50.5815,79.255,52.486,78.996,68.326,76.149,50.205,77.451,66.1145,73.904,48.802,76.7715,64.88,-0.8679999999999999,0.8939999999999999,0.12337500000000001,0.12476500000000001,0.0,88.365,89.965,95.47,95.47,0.0,0.0
424,0.0,0.0,0.0,1.0,1.0,0.0,0.0,1.0,0.0,100.0,1.0,1.1856,26.0,0.0,0.0,0.0,57.999998,0.0,26.0,26.0,26.0,26.0,0.792888888888889,1.2443,0.01735,310.989,-3.299,-2.534625,-2.08195,-1.251,-58.22999999999999,183.29500000000002,187.62025,0.0,0.0,0.0,0.0,0.4738,-5.498166666666667,-5.498166666666667,-0.0325,0.5326666666666666,-0.5151111111111115,1.5300000000000002,28.915,0.5682,-0.06285,-17.018,100.0,0.0,0.0,97.57,0.0,0.0,0.0,0.0,0.0,0.0,0.0,9122.9,0.0,55.0,1.0,103.98333333333332,0.0,0.0,0.0,0.0,0.0,0.0,0.0,0.0,21.207,21.207,0.0,17.284,0.0,55.0,616.79921,10000.0,85.000001,85.000001,85.000001,85.000001,395.0,0.0,0.0,0.0,1.0,166.665,72.189,72.189,64.651,64.651,34.0,0.5399999999999991,34.384,-0.37666666666666515,3.3774999999999995,0.0,1761.733,-9.315,100.0,8.661000000000001,14.286999999999999,23.875999999999998,32.005,0.0,0.0,100.0,0.0,0.0,0.0,0.0,589.5,2208.1,2352.625,3501.5,313.39300000000003,308.22433333333333,319.8065,317.142,25.5809,22.1469,25.3663,23.9389,314.999998,314.999998,324.999988,324.999988,99.64102857142858,99.54421666666667,99.649,99.60345714285714,0.79,0.8240000000000001,1.8653333333333333,2.0665,-0.2733333333333263,-0.18999999999999773,11.1325,9.469000000000001,60.881,39.4185,59.539,50.618,79.204,52.4885,79.082,68.441,76.1,50.2075,77.5335,66.228,73.857,48.805,76.847,64.99133333333333,-0.718,0.748,0.11972000000000001,0.11837500000000001,0.0,90.33,91.855,97.57,97.57,0.0,0.0
425,0.0,0.0,0.0,1.0,1.0,0.0,0.0,1.0,0.0,100.0,1.0,1.1856,26.0,0.0,0.0,0.0,57.999998,0.0,26.0,26.0,26.0,26.0,0.8727777777777779,1.2147000000000001,0.0388,310.822,-3.2984,-2.5655,-1.80095,-0.9614,-59.69,183.5975,187.6225,0.0,0.0,0.0,0.0,0.47466666666666674,-5.498166666666667,-5.498166666666667,-0.0497,-0.6859999999999999,-0.48888888888888893,-0.17500000000000004,29.522,0.5791000000000001,-0.058975,-15.672,100.0,0.0,0.0,98.06333333333333,0.0,0.0,0.0,0.0,0.0,0.0,0.0,9169.0,0.0,55.0,1.0,106.17333333333333,1.0,0.0,0.0,0.0,0.0,0.0,0.0,0.0,21.258,21.258,0.0,17.284,1.0,55.0,616.79921,10000.0,85.000001,85.000001,85.000001,85.000001,395.0,0.0,0.0,0.0,1.0,166.665,72.05199999999999,72.05199999999999,64.697,64.697,34.0,0.7424999999999997,37.718,1.5166666666666728,11.065,0.0,1761.682,-7.25,100.0,8.411999999999999,14.12,23.889,32.605000000000004,0.0,0.0,100.0,0.0,0.0,0.0,0.0,703.5,2382.1,2319.375,3542.8,313.231,307.84633333333335,319.94575,316.95425,25.586100000000002,22.1516,25.3725,23.945,314.999998,314.999998,324.999988,324.999988,99.64102857142858,99.54425,99.64925714285714,99.60377142857143,0.8036666666666665,0.845,1.8198333333333332,2.04,-0.28999999999999915,-0.173333333333332,9.2955,7.848,60.913,39.448,59.578,50.656,79.149,52.4925,79.1565,68.555,76.049,50.212,77.605,66.3405,73.807,48.809,76.9115,65.10066666666667,-0.5860000000000001,0.613,0.11595500000000002,0.11935500000000002,0.0,92.25,93.66499999999999,98.06333333333333,98.06333333333333,0.0,0.0
426,0.0,0.0,0.0,1.0,1.0,0.0,0.0,1.0,0.0,100.0,1.0,1.1856,26.0,0.0,0.0,0.0,57.999998,0.0,26.0,26.0,26.0,26.0,0.7786666666666668,1.2614,0.004350000000000001,310.41,-3.293,-2.552625,-1.7361,-0.9891,-61.099999999999994,183.8675,187.624875,0.0,0.0,0.0,0.0,0.47550000000000003,-5.498166666666667,-5.498166666666667,-0.0644,0.22899999999999998,-0.4911111111111115,1.475,30.096,0.5608000000000001,-0.08637500000000001,-14.177999999999999,100.0,0.0,0.0,100.22666666666666,0.0,0.0,0.0,0.0,0.0,0.0,0.0,9371.3,0.0,55.0,1.0,108.23666666666668,0.0,0.0,0.0,0.0,0.0,0.0,0.0,0.0,21.306,21.306,0.0,17.284,0.0,55.0,616.79921,10000.0,85.000001,85.000001,85.000001,85.000001,395.0,0.0,0.0,0.0,1.0,166.665,71.396,71.396,64.529,64.529,34.0,0.1600000000000037,35.538,1.31666666666667,8.6775,0.0,1761.635,-6.029999999999999,100.0,9.326999999999998,14.568999999999999,24.064999999999998,32.795,0.0,0.0,100.0,0.0,0.0,0.0,0.0,755.125,2335.2,2493.125,3383.2,312.8865,307.903,319.5,317.305,25.5909,22.1561,25.3783,23.9507,314.999998,314.999998,324.999988,324.999988,99.64104285714286,99.54426666666667,99.64948571428572,99.60407142857143,0.7200000000000002,0.7497500000000001,1.6606666666666667,1.8831666666666669,-0.2083333333333286,-0.16833333333332945,9.504999999999999,8.1975,60.943,39.4755,59.615,50.6915,79.102,52.4965,79.2175,68.6545,76.004,50.216,77.6635,66.439,73.764,48.813,76.964,65.19733333333333,-0.4655,0.4909999999999999,0.12469000000000001,0.12376000000000001,0.0,94.17,95.425,100.22666666666666,100.22666666666666,0.0,0.0
427,0.0,0.0,0.0,1.0,1.0,0.0,0.0,1.0,0.0,100.0,1.0,1.1856,26.0,0.0,0.0,0.0,57.999998,0.0,26.0,26.0,26.0,26.0,0.6522222222222223,1.2005,-0.17675000000000002,311.371,-3.27795,-2.576,-1.7878500000000002,-1.0321,-62.72,184.155,187.62725,0.0,0.0,0.0,0.0,0.4764666666666667,-5.498166666666667,-5.498166666666667,-0.0756,-0.5973333333333333,-0.484,0.04899999999999993,30.738,0.5616,-0.058575,-12.446000000000002,100.0,0.0,0.0,102.86666666666667,0.0,0.0,0.0,0.0,0.0,0.0,0.0,9618.4,0.0,55.0,1.0,110.55,1.0,0.0,0.0,0.0,0.0,0.0,0.0,0.0,21.36,21.36,0.0,17.284,1.0,55.0,616.79921,10000.0,85.000001,85.000001,85.000001,85.000001,395.0,0.0,0.0,0.0,1.0,166.665,72.647,72.647,65.735,65.735,34.0,-0.1524999999999963,26.654,0.5799999999999983,5.3675,0.0,1761.58,-4.115,100.0,8.861,13.901,23.969,32.607,0.0,0.0,100.0,0.0,0.0,0.0,0.0,651.5,1859.5,2288.625,3216.0,313.2075,309.2966666666667,320.00175,317.67625,25.5963,22.1609,25.384900000000002,23.9571,314.999998,314.999998,324.999988,324.999988,99.64105714285714,99.5443,99.64974285714285,99.6044,0.6793333333333336,0.7050000000000001,1.539,1.7626666666666668,-0.22833333333333172,-0.1633333333333269,9.995000000000001,8.862,60.977000000000004,39.506,59.656,50.732,79.045,52.495,79.2855,68.7695,75.951,50.215,77.729,66.553,73.712,48.8125,77.0235,65.309,-0.32000000000000006,0.35199999999999987,0.11557,0.11497,0.0,96.215,97.32,102.86666666666667,102.86666666666667,0.0,0.0
428,0.0,0.0,0.0,1.0,1.0,0.0,0.0,1.0,0.0,100.0,1.0,1.1856,26.0,0.0,0.0,0.0,57.999998,0.0,26.0,26.0,26.0,26.0,0.6801111111111111,1.2778,0.10490000000000001,310.074,-3.3054,-2.598375,-1.7410999999999999,-1.0029,-64.19,184.4,187.628,0.0,0.0,0.0,0.0,0.47733333333333333,-5.498166666666667,-5.498166666666667,-0.12040000000000001,-0.43166666666666687,-0.4485555555555556,1.5870000000000002,31.334,0.544,-0.08735000000000001,-11.268,100.0,0.0,0.0,104.41,0.0,0.0,0.0,0.0,0.0,0.0,0.0,9762.6,0.0,55.0,1.0,112.68666666666667,0.0,0.0,0.0,0.0,0.0,0.0,0.0,0.0,21.408,21.408,0.0,17.284,0.0,55.0,616.79921,10000.0,85.000001,85.000001,85.000001,85.000001,395.0,0.0,0.0,0.0,1.0,166.665,70.648,70.648,65.186,65.186,34.0,-1.7449999999999974,36.244,1.0366666666666688,7.5625,0.0,1761.532,-2.745000000000001,100.0,9.761,14.165,24.47,32.751,0.0,0.0,100.0,0.0,0.0,0.0,0.0,1142.125,2514.4,2407.375,3525.1,311.857,307.532,319.78,316.973,25.601,22.1653,25.3908,23.9629,314.999998,314.999998,324.999988,324.999988,99.64105714285714,99.54433333333333,99.65,99.6047,0.5960000000000001,0.62625,1.4053333333333333,1.6458333333333333,-0.16499999999999915,-0.19500000000000028,9.539,8.525,61.006,39.533,59.693,50.768,78.997,52.4945,79.357,68.881,75.905,50.215,77.798,66.6635,73.668,48.8125,77.0865,65.41666666666667,-0.22550000000000003,0.23950000000000005,0.12038000000000001,0.12299500000000001,0.0,98.18,99.16499999999999,104.41,104.41,0.0,0.0
429,0.0,0.0,0.0,1.0,1.0,0.0,0.0,1.0,0.0,100.0,1.0,1.1856,26.0,0.0,0.0,0.0,57.999998,0.0,26.0,26.0,26.0,26.0,0.7754444444444444,0.9861000000000002,0.01095,309.555,-3.2323,-2.5471250000000003,-1.6941000000000002,-1.0434,-65.69,184.635,187.630125,0.0,0.0,0.0,0.0,0.47823333333333334,-5.498166666666667,-5.498166666666667,-0.0734,1.992,-0.4498888888888888,1.512,31.881999999999998,0.5053,-0.09392500000000001,-8.974,100.0,0.0,0.0,97.62333333333333,0.0,0.0,0.0,0.0,0.0,0.0,1.0,10034.2,0.0,55.0,0.0,114.75999999999999,1.0,0.0,0.0,0.0,0.0,0.0,0.0,0.0,21.456,21.456,0.0,17.284,1.0,55.0,616.79921,10000.0,85.000001,85.000001,85.000001,85.000001,395.0,0.0,0.0,0.0,1.0,166.665,69.687,69.687,64.606,64.606,34.0,-3.5574999999999974,31.878,21.39333333333333,52.2775,0.0,1761.484,-0.754999999999999,100.0,11.068999999999999,15.365,24.663,32.672,0.0,0.0,100.0,0.0,0.0,0.0,0.0,1165.75,2410.5,2536.375,3110.1,311.7375,307.78833333333336,319.471,317.887,25.6057,22.1699,25.3968,23.9687,314.999998,314.999998,324.999988,324.999988,99.64107142857142,99.54435,99.65022857142857,99.60498571428572,0.4716666666666667,0.5022500000000001,1.2678333333333334,1.4996666666666667,-0.1666666666666714,-0.16499999999999915,1.7365,0.9075,61.036,39.5615,59.73,50.804,78.949,52.4955,79.4125,68.9755,75.86,50.216499999999996,77.8515,66.7575,73.624,48.814,77.1345,65.50866666666667,-0.0665,0.07650000000000001,0.11907000000000001,0.11750000000000001,0.0,100.145,101.03,97.27,97.97333333333333,0.0,0.0
430,0.0,0.0,0.0,1.0,1.0,0.0,0.0,1.0,0.0,100.0,1.0,1.1856,26.0,0.0,0.0,0.0,57.999998,0.0,26.0,26.0,26.0,26.0,0.35644444444444434,1.2672000000000003,0.09485,308.899,-3.30305,-2.4665,-1.7981,-0.9404,-67.29999999999998,184.865,187.632875,0.0,0.0,0.0,0.0,0.47916666666666674,-5.498166666666667,-5.498166666666667,-0.0577,0.30099999999999993,-0.3405555555555555,-0.99,31.911,0.2844,-0.09185,-3.832,100.0,0.0,0.0,109.93666666666667,0.0,0.0,0.0,0.0,0.0,0.0,0.0,7790.6,0.0,55.0,2.0,114.75666666666666,0.0,0.0,0.0,0.0,0.0,0.0,1.0,0.0,21.507,21.507,0.0,17.284,0.0,55.0,616.79921,10000.0,85.000001,85.000001,85.000001,85.000001,395.0,0.0,0.0,0.0,1.0,166.665,66.956,66.956,65.72,65.72,34.0,-5.269999999999996,41.416,-0.060000000000002274,-1.2650000000000006,0.0,1761.432,-2.3049999999999997,100.0,11.969,17.003,23.734,32.278999999999996,0.0,0.0,0.0,0.0,0.0,0.0,0.0,1487.75,3029.9,2129.75,3224.3,311.1685,305.916,320.34725,317.59325,25.6107,22.1748,25.4029,23.9747,314.999998,314.999998,324.999988,324.999988,99.64107142857142,99.54438333333333,99.6503,99.6051,0.45266666666666655,0.502,0.5646666666666667,0.7821666666666667,-0.12333333333332774,-0.1566666666666663,15.5275,13.9665,61.067,39.5925,59.768,50.8415,78.898,52.4965,79.392,68.9935,75.812,50.218,77.831,66.7765,73.577,48.8155,77.113,65.528,-0.15900000000000003,0.15500000000000003,0.11156,0.11245500000000001,0.0,100.36,100.675,110.98333333333333,108.89333333333333,0.0,0.0
431,0.0,0.0,0.0,1.0,1.0,0.0,0.0,1.0,0.0,100.0,1.0,1.1856,26.0,0.0,0.0,0.0,57.999998,0.0,26.0,26.0,26.0,26.0,0.383,1.0689000000000002,0.07175000000000001,308.136,-3.07855,-2.644125,-1.5911,-1.1406,-68.93,185.085,187.638,0.0,0.0,0.0,0.0,0.4801333333333333,-5.498166666666667,-5.498166666666667,0.0843,2.5483333333333333,-0.5147777777777778,-1.512,32.510999999999996,0.1899,-0.08320000000000001,-3.154,100.0,0.0,0.0,102.88333333333333,0.0,0.0,0.0,0.0,0.0,0.0,0.0,7290.8,0.0,55.0,2.0,116.93,1.0,0.0,0.0,0.0,0.0,0.0,1.0,0.0,21.558,21.558,0.0,17.284,1.0,55.0,616.79921,10000.0,85.000001,85.000001,85.000001,85.000001,395.0,0.0,0.0,0.0,1.0,333.33500000000004,69.077,69.077,62.515,62.515,34.0,-4.887499999999996,18.009999999999998,-0.030000000000001137,28.2025,0.0,1761.381,-2.1950000000000003,100.0,13.283,16.865000000000002,26.16,32.382,0.0,0.0,100.0,0.0,0.0,0.0,0.0,1138.625,1579.6,3454.5,3530.5,311.86,309.94666666666666,317.47975,317.057,25.6158,22.1796,25.4094,23.9809,314.999998,314.999998,324.999988,324.999988,99.64108571428571,99.5444,99.65052857142857,99.60532857142857,0.3416666666666668,0.349,0.4126666666666667,0.6438333333333334,-0.134999999999998,-0.11666666666666714,3.697,3.408,61.099000000000004,39.6225,59.809,50.8805,78.848,52.493,79.444,69.0585,75.765,50.2155,77.8815,66.8415,73.532,48.813,77.158,65.59133333333334,-0.16900000000000004,0.15500000000000003,0.11893500000000001,0.122325,0.0,102.34,102.635,102.88333333333333,102.88333333333333,0.0,0.0
432,0.0,0.0,0.0,1.0,1.0,0.0,0.0,1.0,0.0,100.0,1.0,1.1856,26.0,0.0,0.0,0.0,57.999998,0.0,26.0,26.0,26.0,26.0,0.24255555555555564,0.9048,-0.02255,308.777,-3.02255,-2.8687500000000004,-1.599,-1.1703999999999999,-70.49000000000001,185.2875,187.6445,0.0,0.0,0.0,0.0,0.4810333333333333,-5.498166666666667,-5.498166666666667,0.06420000000000001,-1.298,-0.48444444444444423,1.8040000000000003,32.95,0.1124,-0.09077500000000001,-2.114,100.0,0.0,0.0,104.59333333333333,0.0,0.0,0.0,0.0,0.0,0.0,0.0,7411.7,0.0,55.0,2.0,118.52333333333333,0.0,0.0,0.0,0.0,0.0,0.0,1.0,0.0,21.606,21.606,0.0,17.284,0.0,55.0,616.79921,10000.0,85.000001,85.000001,85.000001,85.000001,395.0,0.0,0.0,0.0,1.0,333.33500000000004,68.771,68.771,64.621,64.621,34.0,-7.774999999999999,22.982,-4.8033333333333275,17.0425,0.0,1761.333,-3.254999999999999,100.0,13.073,15.015,27.387,32.071,0.0,0.0,100.0,0.0,0.0,0.0,0.0,1634.625,1951.9,2506.75,3047.7,310.6695,309.22633333333334,319.5395,318.138,25.6205,22.1836,25.4155,23.9866,314.999998,314.999998,324.999988,324.999988,99.6411,99.54441666666666,99.65062857142857,99.60544285714286,0.31300000000000017,0.33575,0.15816666666666665,0.40650000000000003,-0.10999999999999943,-0.10333333333333172,3.9055,3.7475,61.128,39.648,59.847,50.916,78.798,52.480000000000004,79.4435,69.0775,75.718,50.204,77.881,66.861,73.486,48.802,77.1555,65.61033333333333,-0.24550000000000005,0.248,0.11690500000000001,0.11765,0.0,103.67,103.805,104.59333333333333,104.59333333333333,0.0,0.0
433,0.0,0.0,0.0,1.0,1.0,0.0,0.0,1.0,0.0,100.0,1.0,1.1856,26.0,0.0,0.0,0.0,57.999998,0.0,26.0,26.0,26.0,26.0,0.20333333333333337,0.9414,0.22265000000000001,307.846,-3.0267,-2.6515,-1.5697999999999999,-1.1654,-72.16999999999999,185.5,187.652,0.0,0.0,0.0,0.0,0.4820333333333333,-5.498166666666667,-5.498166666666667,0.0776,1.9163333333333334,-0.49233333333333373,-2.214,33.416,0.0756,-0.12365000000000001,-2.87,100.0,0.0,0.0,106.17666666666666,0.0,0.0,0.0,0.0,0.0,0.0,0.0,7524.1,0.0,55.0,2.0,120.19999999999999,1.0,0.0,0.0,0.0,0.0,0.0,1.0,0.0,21.657,21.657,0.0,17.284,1.0,55.0,616.79921,10000.0,85.000001,85.000001,85.000001,85.000001,395.0,0.0,0.0,0.0,1.0,333.33500000000004,67.032,67.032,63.98,63.98,34.0,-11.582499999999996,23.747999999999998,-5.133333333333326,16.8475,0.0,1761.282,-2.3900000000000006,100.0,14.388,16.222,27.171,31.883,0.0,0.0,100.0,0.0,0.0,0.0,0.0,1793.875,2266.4,2742.5,2986.3,310.1985,307.955,319.15475,318.10225,25.6258,22.1884,25.4218,23.9927,314.999998,314.999998,324.999988,324.999988,99.6411,99.54443333333333,99.65074285714286,99.60557142857142,0.19399999999999995,0.1957500000000001,0.156,0.4035,-0.134999999999998,-0.11999999999999744,3.9615,3.7195,61.161,39.6775,59.886,50.954,78.748,52.4725,79.4405,69.103,75.67,50.1975,77.878,66.8875,73.44,48.796,77.15,65.636,-0.20350000000000001,0.18199999999999994,0.11853500000000002,0.12184,0.0,105.21,105.45,106.17666666666666,106.17666666666666,0.0,0.0
434,0.0,0.0,0.0,1.0,1.0,0.0,0.0,1.0,0.0,100.0,1.0,1.1856,26.0,0.0,0.0,0.0,57.999998,0.0,26.0,26.0,26.0,26.0,0.13088888888888883,0.9636,0.00775,308.151,-2.998,-2.6855,-1.4802,-1.3933,-73.97,185.72,187.66125,0.0,0.0,0.0,0.0,0.4830666666666667,-5.498166666666667,-5.498166666666667,0.17830000000000001,0.8033333333333333,-0.5103333333333335,1.609,33.925,0.0637,-0.06755,-1.4020000000000001,100.0,0.0,0.0,107.33333333333334,0.0,0.0,0.0,0.0,0.0,0.0,0.0,7606.0,0.0,55.0,2.0,122.03,0.0,0.0,0.0,0.0,0.0,0.0,1.0,0.0,21.711,21.711,0.0,17.284,0.0,55.0,616.79921,10000.0,85.000001,85.000001,85.000001,85.000001,395.0,0.0,0.0,0.0,1.0,166.665,68.634,68.634,62.134,62.134,34.0,-9.537500000000001,18.072000000000003,-9.346666666666671,17.3325,0.0,1761.229,-1.4800000000000004,100.0,14.144,15.399,28.43,30.866,0.0,0.0,100.0,0.0,0.0,0.0,0.0,1404.5,1892.9,3174.75,3135.1,311.236,309.317,318.07375,317.9005,25.6312,22.193,25.4287,23.999,314.999998,314.999998,324.999988,324.999988,99.64111428571428,99.54443333333333,99.65088571428572,99.6057,0.1346666666666665,0.1512500000000001,0.044833333333333336,0.279,-0.14166666666666572,-0.134999999999998,3.5205,3.4475,61.195,39.7065,59.93,50.994,78.69,52.4565,79.447,69.1235,75.616,50.1825,77.8845,66.908,73.388,48.782,77.154,65.65633333333334,-0.1259999999999999,0.11349999999999993,0.11478500000000001,0.118245,0.0,106.805,106.935,107.33333333333334,107.33333333333334,0.0,0.0
435,0.0,0.0,0.0,1.0,1.0,0.0,0.0,1.0,0.0,100.0,1.0,1.1856,26.0,0.0,0.0,0.0,57.999998,0.0,26.0,26.0,26.0,26.0,0.0732222222222223,0.8846,-0.0009000000000000001,308.334,-2.90295,-2.738125,-1.50085,-1.2165,-75.6,185.91750000000002,187.670375,0.0,0.0,0.0,0.0,0.4840333333333333,-5.498166666666667,-5.498166666666667,0.16640000000000002,-1.2093333333333334,-0.5246666666666666,-1.0859999999999999,34.368,0.0466,-0.104225,-1.1719999999999997,100.0,0.0,0.0,108.69,0.0,0.0,0.0,0.0,0.0,0.0,0.0,7702.0,0.0,55.0,2.0,123.63,1.0,0.0,0.0,0.0,0.0,0.0,1.0,0.0,21.759,21.759,0.0,17.284,1.0,55.0,616.79921,10000.0,85.000001,85.000001,85.000001,85.000001,395.0,0.0,0.0,0.0,1.0,166.665,68.863,68.863,62.943,62.943,34.0,-11.335,15.027999999999999,-8.70666666666667,15.782499999999999,0.0,1761.181,-0.7800000000000011,100.0,13.988,14.988,29.108,31.356,0.0,0.0,100.0,0.0,0.0,0.0,0.0,1590.75,1665.7,2888.875,3024.2,310.7595,309.8623333333333,318.67625,318.0245,25.6359,22.1972,25.4349,24.0049,314.999998,314.999998,324.999988,324.999988,99.64111428571428,99.54443333333333,99.651,99.60581428571429,0.09966666666666635,0.10175000000000001,0.03883333333333334,0.2778333333333333,-0.08166666666667055,-0.11666666666666714,3.467,3.38,61.225,39.7325,59.968,51.0305,78.638,52.4425,79.447,69.1445,75.56700000000001,50.17,77.885,66.93,73.341,48.7705,77.1515,65.677,-0.0685,0.06549999999999989,0.11338000000000001,0.12494000000000001,0.0,108.145,108.25,108.69,108.69,0.0,0.0
436,0.0,0.0,0.0,1.0,1.0,0.0,0.0,1.0,0.0,100.0,1.0,1.1856,26.0,0.0,0.0,0.0,57.999998,0.0,26.0,26.0,26.0,26.0,0.037111111111111095,0.9614,0.00855,308.258,-2.94365,-2.838875,-1.4936,-1.197,-77.25,186.115,187.679625,0.0,0.0,0.0,0.0,0.48500000000000004,-5.498166666666667,-5.498166666666667,0.1211,-0.07333333333333325,-0.5121111111111114,0.8580000000000001,34.8,0.0437,-0.12005,-0.4739999999999993,100.0,0.0,0.0,110.34333333333333,0.0,0.0,0.0,0.0,0.0,0.0,0.0,7819.2,0.0,55.0,2.0,125.18,0.0,0.0,0.0,0.0,0.0,0.0,1.0,0.0,21.807,21.807,0.0,17.284,0.0,55.0,616.79921,10000.0,85.000001,85.000001,85.000001,85.000001,395.0,0.0,0.0,0.0,1.0,166.665,68.069,68.069,64.117,64.117,34.0,-15.4375,17.194,-8.883333333333333,14.0725,0.0,1761.133,-0.370000000000001,100.0,14.563,14.656,28.746,30.523,0.0,0.0,100.0,0.0,0.0,0.0,0.0,1928.5,1858.6,2800.875,3255.7,309.774,309.28266666666667,318.96275,317.657,25.6409,22.2013,25.4409,24.0105,314.999998,314.999998,324.999988,324.999988,99.64111428571428,99.54443333333333,99.65111428571429,99.60594285714286,0.06466666666666665,0.08350000000000013,-0.02416666666666667,0.21983333333333335,-0.1316666666666677,-0.11833333333333229,3.823,3.7695,61.256,39.758,60.005,51.0655,78.588,52.426,79.44800000000001,69.164,75.52,50.1555,77.886,66.95,73.295,48.756,77.1505,65.69666666666667,-0.03249999999999997,0.02499999999999991,0.11343,0.12176000000000001,0.0,109.585,109.575,110.34333333333333,110.34333333333333,0.0,0.0
437,0.0,0.0,0.0,1.0,1.0,0.0,0.0,1.0,0.0,100.0,1.0,1.1856,26.0,0.0,0.0,0.0,57.999998,0.0,26.0,26.0,26.0,26.0,0.038999999999999924,0.8973,0.011600000000000001,308.624,-2.9558,-2.827375,-1.3881000000000001,-1.2479,-79.01999999999998,186.325,187.69,0.0,0.0,0.0,0.0,0.4860333333333333,-5.498166666666667,-5.498166666666667,0.1439,1.566,-0.5265555555555559,-0.7989999999999999,35.259,0.035300000000000005,-0.1169,0.006000000000000227,100.0,0.0,0.0,112.06666666666666,0.0,0.0,0.0,0.0,0.0,0.0,0.0,7941.5,0.0,55.0,2.0,126.83666666666667,1.0,0.0,0.0,0.0,0.0,0.0,1.0,0.0,21.858,21.858,0.0,17.284,1.0,55.0,616.79921,10000.0,85.000001,85.000001,85.000001,85.000001,395.0,0.0,0.0,0.0,1.0,333.33500000000004,68.024,68.024,63.69,63.69,34.0,-15.564999999999998,16.912,-9.403333333333329,9.48,0.0,1761.081,0.3000000000000007,100.0,14.746,14.984,28.547,30.127,0.0,0.0,100.0,0.0,0.0,0.0,0.0,1858.25,1907.4,2949.5,2532.2,310.003,309.10633333333334,318.6945,319.17225,25.6462,22.2058,25.4473,24.0166,314.999998,314.999998,324.999988,324.999988,99.64111428571428,99.54443333333333,99.65124285714286,99.60607142857143,0.028999999999999915,0.046250000000000124,-0.06216666666666667,0.1785,-0.134999999999998,-0.11833333333333229,3.9285,3.9305000000000003,61.288,39.786,60.045,51.1035,78.534,52.41,79.44800000000001,69.186,75.469,50.141,77.886,66.973,73.246,48.7425,77.1485,65.71866666666666,0.016000000000000014,-0.025500000000000078,0.111265,0.11306500000000001,0.0,111.095,111.07,112.06666666666666,112.06666666666666,0.0,0.0
438,0.0,0.0,0.0,1.0,1.0,0.0,0.0,1.0,0.0,100.0,1.0,1.1856,26.0,0.0,0.0,0.0,57.999998,0.0,26.0,26.0,26.0,26.0,-0.005666666666666598,0.9319000000000002,-0.0663,309.036,-2.9492,-2.917,-1.43845,-1.3982,-80.72,186.5275,187.6995,0.0,0.0,0.0,0.0,0.4870333333333333,-5.498166666666667,-5.498166666666667,0.20800000000000002,-0.526,-0.5097777777777779,0.46499999999999986,35.712,0.0213,-0.061125000000000006,0.4720000000000004,100.0,0.0,0.0,112.80666666666667,0.0,0.0,0.0,0.0,0.0,0.0,0.0,7993.9,0.0,55.0,2.0,128.46333333333334,0.0,0.0,0.0,0.0,0.0,0.0,1.0,0.0,21.906,21.906,0.0,17.284,0.0,55.0,616.79921,10000.0,85.000001,85.000001,85.000001,85.000001,395.0,0.0,0.0,0.0,1.0,333.33500000000004,70.343,70.343,62.271,62.271,34.0,-10.2725,11.046,-13.703333333333326,13.865,0.0,1761.032,0.3550000000000004,100.0,13.931,14.177,29.472,29.857,0.0,0.0,100.0,0.0,0.0,0.0,0.0,1322.5,1363.1999999999998,3269.5,3124.2,311.5305,310.96433333333334,317.8865,317.932,25.6508,22.2098,25.4534,24.0223,314.999998,314.999998,324.999988,324.999988,99.64112857142857,99.54443333333333,99.65137142857142,99.6062,0.02400000000000002,0.02574999999999994,-0.095,0.13466666666666666,-0.09666666666667112,-0.1316666666666677,3.3689999999999998,3.37,61.318,39.811,60.084,51.1395,78.48,52.392,79.455,69.207,75.418,50.1245,77.8935,66.994,73.197,48.727,77.1535,65.739,0.027499999999999858,-0.025500000000000078,0.11123000000000001,0.11914000000000001,0.0,112.44,112.385,112.80666666666667,112.80666666666667,0.0,0.0
439,0.0,0.0,0.0,1.0,1.0,0.0,0.0,1.0,0.0,100.0,1.0,1.1856,26.0,0.0,0.0,0.0,57.999998,0.0,26.0,26.0,26.0,26.0,-0.017000000000000015,0.9008,0.1729,307.571,-2.9232,-2.8289999999999997,-1.4731,-1.3328,-82.53999999999999,186.7425,187.7095,0.0,0.0,0.0,0.0,0.48810000000000003,-5.498166666666667,-5.498166666666667,0.1351,-0.9026666666666667,-0.5129999999999999,-0.69,36.171,0.0103,-0.12825,0.4660000000000002,100.0,0.0,0.0,114.37333333333333,0.0,0.0,0.0,0.0,0.0,0.0,0.0,8104.9,0.0,55.0,2.0,130.12,1.0,0.0,0.0,0.0,0.0,0.0,1.0,0.0,21.957,21.957,0.0,17.284,1.0,55.0,616.79921,10000.0,85.000001,85.000001,85.000001,85.000001,395.0,0.0,0.0,0.0,1.0,333.33500000000004,67.062,67.062,63.202,63.202,34.0,-19.5175,19.672,-11.353333333333332,13.8025,0.0,1760.982,0.28500000000000014,100.0,14.812,14.697,29.777,30.412,0.0,0.0,100.0,0.0,0.0,0.0,0.0,2242.5,2193.1,2763.0,3345.5,309.033,308.20666666666665,318.9875,317.4815,25.656,22.2142,25.4599,24.0285,314.999998,314.999998,324.999988,324.999988,99.64112857142857,99.54445,99.6515,99.60634285714286,0.01766666666666694,0.03275000000000006,-0.11266666666666668,0.12933333333333336,-0.07000000000000028,-0.10666666666666913,3.4955,3.5555000000000003,61.35,39.8385,60.125,51.178,78.425,52.375,79.455,69.2305,75.366,50.109,77.8935,67.0185,73.147,48.7125,77.151,65.76233333333333,0.016000000000000014,-0.027499999999999858,0.12139500000000002,0.12066,0.0,113.835,113.795,114.37333333333333,114.37333333333333,0.0,0.0
440,0.0,0.0,0.0,1.0,1.0,0.0,0.0,1.0,0.0,100.0,1.0,1.1856,26.0,0.0,0.0,0.0,57.999998,0.0,26.0,26.0,26.0,26.0,-0.027000000000000024,0.9917,-0.022350000000000002,308.502,-2.83645,-2.868875,-1.4161000000000001,-1.3139,-84.38,186.9625,187.721,0.0,0.0,0.0,0.0,0.4891666666666667,-5.498166666666667,-5.498166666666667,0.1821,1.6153333333333335,-0.5289999999999999,0.569,36.622,0.0027,-0.10385000000000001,0.7620000000000005,100.0,0.0,0.0,116.2,0.0,0.0,0.0,0.0,0.0,0.0,0.0,8234.4,0.0,55.0,2.0,131.73666666666668,0.0,0.0,0.0,0.0,0.0,0.0,0.0,0.0,22.008,22.008,0.0,17.284,0.0,55.0,616.79921,10000.0,85.000001,85.000001,85.000001,85.000001,395.0,0.0,0.0,0.0,1.0,333.33500000000004,68.741,68.741,63.431,63.431,34.0,-13.0775,11.894000000000002,-12.663333333333327,9.78,0.0,1760.93,-0.08999999999999986,100.0,15.42,14.891,29.431,29.675,0.0,0.0,100.0,0.0,0.0,0.0,0.0,1650.375,1426.0,3088.5,2974.1,310.446,310.5276666666667,318.39975,317.89325,25.6613,22.2186,25.4664,24.0345,314.999998,314.999998,324.999988,324.999988,99.64112857142857,99.54445,99.65164285714286,99.60647142857142,0.034666666666666845,0.029249999999999998,-0.15883333333333335,0.0665,-0.12999999999999545,-0.14999999999999858,3.8115,3.8895,61.383,39.8665,60.165,51.2155,78.368,52.357,79.4585,69.252,75.313,50.0925,77.8975,67.0405,73.095,48.6965,77.1525,65.78333333333333,-0.006999999999999895,-0.006000000000000227,0.11701500000000001,0.11243000000000002,0.0,115.385,115.29,116.2,116.2,0.0,0.0
441,0.0,0.0,0.0,1.0,1.0,0.0,0.0,1.0,0.0,100.0,1.0,1.1856,26.0,0.0,0.0,0.0,57.999998,0.0,26.0,26.0,26.0,26.0,-0.010444444444444478,0.9200000000000002,0.04805,307.968,-2.8859,-2.895,-1.432,-1.3463,-86.13999999999999,187.1725,187.73075,0.0,0.0,0.0,0.0,0.4902,-5.498166666666667,-5.498166666666667,0.186,-0.9923333333333333,-0.4772222222222222,-0.379,37.07,-0.0022,-0.092,0.25,100.0,0.0,0.0,116.89,0.0,0.0,0.0,0.0,0.0,0.0,0.0,8283.3,0.0,55.0,2.0,133.35666666666665,1.0,0.0,0.0,0.0,0.0,0.0,0.0,0.0,22.056,22.056,0.0,17.284,1.0,55.0,616.79921,10000.0,85.000001,85.000001,85.000001,85.000001,395.0,0.0,0.0,0.0,1.0,333.33500000000004,68.649,68.649,62.347,62.347,34.0,-14.4375,14.597999999999999,-15.316666666666663,13.995000000000001,0.0,1760.883,-0.46999999999999886,100.0,14.714,14.378,29.99,30.387,0.0,0.0,100.0,0.0,0.0,0.0,0.0,1803.25,1677.7,3234.125,3332.1,310.191,309.82533333333333,317.9875,317.33225,25.666,22.2226,25.4726,24.0403,314.999998,314.999998,324.999988,324.999988,99.64112857142857,99.54445,99.65175714285714,99.6066,0.03866666666666685,0.037250000000000005,-0.14433333333333334,0.09333333333333332,-0.11999999999999744,-0.134999999999998,3.218,3.222,61.412,39.891,60.204,51.252,78.31700000000001,52.3395,79.463,69.276,75.265,50.077,77.902,67.0645,73.049,48.682,77.155,65.80633333333333,-0.046499999999999986,0.03349999999999986,0.12094,0.12016,0.0,116.68,116.64,116.89,116.89,0.0,0.0
442,0.0,0.0,0.0,1.0,1.0,0.0,0.0,1.0,0.0,100.0,1.0,1.1856,26.0,0.0,0.0,0.0,57.999998,0.0,26.0,26.0,26.0,26.0,-0.015111111111111075,0.8385,-0.11285,308.975,-2.86105,-2.99275,-1.3903,-1.4882,-88.13999999999999,187.4125,187.743125,0.0,0.0,0.0,0.0,0.49136666666666673,-5.498166666666667,-5.498166666666667,0.1746,0.7733333333333333,-0.5078888888888886,0.29800000000000004,37.536,0.0002,-0.1106,0.22799999999999976,100.0,0.0,0.0,119.2,0.0,0.0,0.0,0.0,0.0,0.0,0.0,8446.9,0.0,55.0,2.0,135.03666666666666,0.0,0.0,0.0,0.0,0.0,0.0,0.0,0.0,22.11,22.11,0.0,17.284,0.0,55.0,616.79921,10000.0,85.000001,85.000001,85.000001,85.000001,395.0,0.0,0.0,0.0,1.0,166.665,68.924,68.924,63.721000000000004,63.721000000000004,34.0,-13.945,10.471999999999998,-11.0,9.15,0.0,1760.83,-0.875,100.0,15.33,15.043,29.856,29.953,0.0,0.0,100.0,0.0,0.0,0.0,0.0,1767.25,1228.3999999999999,2957.75,2469.8,310.2535,311.181,318.691,319.54275,25.6715,22.2273,25.4795,24.0468,314.999998,314.999998,324.999988,324.999988,99.64114285714285,99.54445,99.6519,99.60672857142858,0.04300000000000015,0.0475000000000001,-0.13033333333333336,0.11900000000000001,-0.10499999999999687,-0.1383333333333283,3.8875,3.901,61.447,39.9205,60.247,51.2925,78.259,52.3225,79.464,69.2965,75.211,50.0615,77.9035,67.086,72.997,48.667,77.1535,65.82666666666667,-0.05800000000000005,0.05049999999999999,0.114,0.11646000000000001,0.0,118.19,118.14,119.2,119.2,0.0,0.0
443,0.0,0.0,0.0,1.0,1.0,0.0,0.0,1.0,0.0,100.0,1.0,1.1856,26.0,0.0,0.0,0.0,57.999998,0.0,26.0,26.0,26.0,26.0,0.06666666666666687,0.9188000000000001,0.13965,307.205,-2.9446,-2.749375,-1.4973,-1.354,-90.04999999999998,187.64,187.754,0.0,0.0,0.0,0.0,0.49250000000000005,-5.498166666666667,-5.498166666666667,0.17550000000000002,0.259,-0.4265555555555558,0.18599999999999994,38.005,-0.0064,-0.107875,-0.7400000000000002,100.0,0.0,0.0,120.01,0.0,0.0,0.0,0.0,0.0,0.0,0.0,8504.2,0.0,55.0,2.0,136.72,1.0,0.0,0.0,0.0,0.0,0.0,0.0,0.0,22.161,22.161,0.0,17.284,1.0,55.0,616.79921,10000.0,85.000001,85.000001,85.000001,85.000001,395.0,0.0,0.0,0.0,1.0,166.665,66.895,66.895,61.722,61.722,34.0,-13.377499999999998,23.445999999999998,-11.909999999999997,16.22,0.0,1760.779,-1.6699999999999982,100.0,15.244,15.256,30.068,30.431,0.0,0.0,100.0,0.0,0.0,0.0,0.0,1759.875,2422.2,2886.125,3681.9,310.1495,307.4513333333333,318.76525,316.89675,25.6765,22.2317,25.486,24.053,314.999998,314.999998,324.999988,324.999988,99.64114285714285,99.54445,99.65202857142857,99.60688571428571,0.09233333333333338,0.09149999999999991,-0.10016666666666667,0.1345,-0.10333333333333172,-0.09833333333332916,3.459,3.419,61.478,39.948,60.287,51.3315,78.203,52.3055,79.4685,69.3245,75.158,50.0465,77.9085,67.114,72.945,48.653,77.156,65.854,-0.13749999999999996,0.119,0.11146500000000001,0.11707500000000001,0.0,119.59,119.615,120.01,120.00999999999999,0.0,0.0
444,0.0,0.0,0.0,1.0,1.0,0.0,0.0,1.0,0.0,100.0,1.0,1.1856,26.0,0.0,0.0,0.0,57.999998,0.0,26.0,26.0,26.0,26.0,0.0564444444444443,0.8726,0.08915000000000001,308.167,-2.87425,-2.832125,-1.4242,-1.4627,-91.75999999999999,187.845,187.764625,0.0,0.0,0.0,0.0,0.4934666666666667,-5.498166666666667,-5.498166666666667,0.17250000000000001,0.5816666666666667,-0.46366666666666667,1.3719999999999999,38.391,0.0023,-0.107625,-0.8860000000000001,100.0,0.0,0.0,121.91333333333333,0.0,0.0,0.0,0.0,0.0,0.0,0.0,8639.1,0.0,55.0,2.0,138.11333333333334,0.0,0.0,0.0,0.0,0.0,0.0,0.0,0.0,22.206,22.206,0.0,17.284,0.0,55.0,616.79921,10000.0,85.000001,85.000001,85.000001,85.000001,395.0,0.0,0.0,0.0,1.0,166.665,67.551,67.551,62.469,62.469,34.0,-12.519999999999996,20.154,-10.299999999999997,10.025,0.0,1760.733,-3.035,100.0,15.231,15.204,30.134,30.192,0.0,0.0,100.0,0.0,0.0,0.0,0.0,1907.625,1995.4,2937.75,2579.1,309.865,308.9053333333333,318.7135,319.2105,25.6811,22.2356,25.4917,24.0585,314.999998,314.999998,324.999988,324.999988,99.64114285714285,99.54446666666666,99.65215714285715,99.607,0.16166666666666663,0.15250000000000008,-0.09983333333333333,0.14133333333333334,-0.11166666666667169,-0.14000000000000057,3.9505,3.9015,61.507,39.972,60.323,51.3655,78.155,52.2915,79.4705,69.3415,75.113,50.033500000000004,77.911,67.132,72.902,48.6405,77.156,65.87066666666666,-0.21999999999999997,0.1984999999999999,0.11956000000000001,0.11242500000000001,0.0,120.82,120.88,121.91333333333333,121.91333333333333,0.0,0.0
445,0.0,0.0,0.0,1.0,1.0,0.0,0.0,1.0,0.0,100.0,1.0,1.1856,26.0,0.0,0.0,0.0,57.999998,0.0,26.0,26.0,26.0,26.0,0.22111111111111104,0.8712000000000002,-0.024650000000000002,307.602,-2.9127,-2.86775,-1.4794,-1.3857,-93.72,188.075,187.77575,0.0,0.0,0.0,0.0,0.4946333333333333,-5.498166666666667,-5.498166666666667,0.1771,-1.1433333333333335,-0.38155555555555587,-0.563,38.863,-0.0033,-0.10902500000000001,-3.04,100.0,0.0,0.0,122.57666666666667,0.0,0.0,0.0,0.0,0.0,0.0,0.0,8686.2,0.0,55.0,2.0,139.82,1.0,0.0,0.0,0.0,0.0,0.0,0.0,0.0,22.257,22.257,0.0,17.284,1.0,55.0,616.79921,10000.0,85.000001,85.000001,85.000001,85.000001,395.0,0.0,0.0,0.0,1.0,333.33500000000004,68.08500000000001,68.08500000000001,62.21,62.21,34.0,-7.277499999999996,23.164,-10.17666666666667,17.15,0.0,1760.683,-6.119999999999999,100.0,14.853,15.2,30.182,31.949,0.0,0.0,100.0,0.0,0.0,0.0,0.0,1707.625,1945.9,2887.375,3105.0,310.526,309.04,318.75975,317.50075,25.686,22.2399,25.4983,24.0649,314.999998,314.999998,324.999988,324.999988,99.64115714285714,99.54448333333333,99.6523,99.60715714285715,0.32799999999999985,0.32725000000000004,-0.01633333333333333,0.21483333333333335,-0.07166666666666544,-0.1383333333333283,3.3225,3.13,61.537,39.9995,60.364,51.4055,78.1,52.278,79.475,69.3735,75.061,50.0215,77.915,67.164,72.852,48.6295,77.1575,65.90166666666667,-0.47550000000000003,0.46199999999999997,0.11768500000000001,0.11844,0.0,122.135,122.38,122.57666666666667,122.57666666666667,0.0,0.0
446,0.0,0.0,0.0,1.0,1.0,0.0,0.0,1.0,0.0,100.0,1.0,1.1856,26.0,0.0,0.0,0.0,57.999998,0.0,26.0,26.0,26.0,26.0,0.29222222222222216,0.8623000000000001,-0.0391,307.602,-2.9521,-2.787875,-1.5091,-1.3306,-95.69999999999999,188.305,187.7875,0.0,0.0,0.0,0.0,0.4958,-5.498166666666667,-5.498166666666667,0.1784,1.0843333333333334,-0.3333333333333335,1.5220000000000002,39.302,0.0188,-0.113725,-5.784,100.0,0.0,0.0,124.47333333333333,0.0,0.0,0.0,0.0,0.0,0.0,0.0,8820.5,0.0,55.0,2.0,141.39666666666668,0.0,0.0,0.0,0.0,0.0,0.0,0.0,0.0,22.308,22.308,0.0,17.284,0.0,55.0,616.79921,10000.0,85.000001,85.000001,85.000001,85.000001,395.0,0.0,0.0,0.0,1.0,166.665,67.444,67.444,61.829,61.829,34.0,-4.702500000000001,27.064,-5.99666666666667,17.5075,0.0,1760.632,-8.36,100.0,15.102,16.328,29.754,31.795,0.0,0.0,100.0,0.0,0.0,0.0,0.0,1510.0,2126.7,2841.125,2997.9,310.742,308.4603333333333,318.88825,318.292,25.691,22.2446,25.5047,24.0711,314.999998,314.999998,324.999988,324.999988,99.64117142857143,99.5445,99.65242857142857,99.60728571428571,0.42100000000000026,0.40700000000000003,0.12083333333333333,0.3525,-0.09499999999999886,-0.14166666666666572,3.8275,3.472,61.569,40.029,60.403999999999996,51.4445,78.05,52.2735,79.477,69.3975,75.014,50.0175,77.9175,67.189,72.806,48.6255,77.1575,65.92566666666667,-0.6535,0.633,0.108975,0.11404,0.0,123.47,123.92,124.47333333333333,124.47333333333333,0.0,0.0
447,0.0,0.0,0.0,1.0,1.0,0.0,0.0,1.0,0.0,100.0,1.0,1.1856,26.0,0.0,0.0,0.0,57.999998,0.0,26.0,26.0,26.0,26.0,0.44700000000000006,0.9121000000000001,0.1487,306.915,-3.0103,-2.767625,-1.6052,-1.1877,-97.57999999999998,188.515,187.798375,0.0,0.0,0.0,0.0,0.4969,-5.498166666666667,-5.498166666666667,0.1943,-0.137,-0.23922222222222222,1.8000000000000003,39.736,0.059300000000000005,-0.093475,-7.338,100.0,0.0,0.0,125.38333333333333,0.0,0.0,0.0,0.0,0.0,0.0,0.0,8885.0,0.0,55.0,2.0,142.95333333333332,1.0,0.0,0.0,0.0,0.0,0.0,0.0,0.0,22.356,22.356,0.0,17.284,1.0,55.0,616.79921,10000.0,85.000001,85.000001,85.000001,85.000001,395.0,0.0,0.0,0.0,1.0,333.33500000000004,67.337,67.337,60.928,60.928,34.0,-3.1325000000000003,33.038,-4.689999999999998,27.392500000000002,0.0,1760.583,-9.41,100.0,14.634,16.33,29.663,32.634,0.0,0.0,100.0,0.0,0.0,0.0,0.0,1395.75,2414.0,2906.125,3796.2,311.2365,307.5593333333333,318.71725,316.5245,25.6955,22.2489,25.5108,24.0772,314.999998,314.999998,324.999988,324.999988,99.64118571428571,99.54451666666667,99.65257142857143,99.60744285714286,0.4873333333333334,0.47950000000000004,0.22416666666666665,0.4555,-0.10166666666666657,-0.13333333333332575,3.5955,3.1260000000000003,61.597,40.0555,60.443,51.4825,78.001,52.2685,79.482,69.427,74.967,50.0135,77.9225,67.219,72.761,48.6215,77.1595,65.95466666666667,-0.7349999999999999,0.7235,0.11095500000000001,0.11272000000000001,0.0,124.715,125.315,125.38333333333333,125.38333333333333,0.0,0.0
448,0.0,0.0,0.0,1.0,1.0,0.0,0.0,1.0,0.0,100.0,1.0,1.1856,26.0,0.0,0.0,0.0,57.999998,0.0,26.0,26.0,26.0,26.0,0.47511111111111104,0.8051000000000001,0.0675,307.251,-3.04435,-2.710875,-1.5693000000000001,-1.3026,-99.60999999999999,188.73000000000002,187.810375,0.0,0.0,0.0,0.0,0.4980666666666667,-5.498166666666667,-5.498166666666667,0.15610000000000002,0.2593333333333333,-0.21700000000000008,1.3010000000000002,40.169,0.10890000000000001,-0.11947500000000001,-8.586,100.0,0.0,0.0,127.49,0.0,0.0,0.0,0.0,0.0,0.0,0.0,9034.3,0.0,55.0,2.0,144.52,0.0,0.0,0.0,0.0,0.0,0.0,0.0,0.0,22.407,22.407,0.0,17.284,0.0,55.0,616.79921,10000.0,85.000001,85.000001,85.000001,85.000001,395.0,0.0,0.0,0.0,1.0,166.665,66.269,66.269,61.859,61.859,34.0,-4.43,38.076,-1.5533333333333275,18.61,0.0,1760.532,-8.924999999999999,100.0,14.607,16.794,29.051,33.069,0.0,0.0,100.0,0.0,0.0,0.0,0.0,1801.0,2759.0,2738.75,2673.0,310.203,306.72933333333333,319.165,319.13275,25.7004,22.2537,25.5172,24.0837,314.999998,314.999998,324.999988,324.999988,99.6412,99.54453333333333,99.65271428571428,99.60758571428572,0.4870000000000001,0.4857500000000001,0.3276666666666667,0.5828333333333334,-0.11166666666667169,-0.10999999999999943,4.166,3.5905,61.627,40.0855,60.483,51.523,77.95,52.2685,79.4835,69.4555,74.919,50.0135,77.924,67.248,72.714,48.6215,77.158,65.983,-0.7144999999999999,0.6995,0.11889500000000001,0.11882000000000001,0.0,126.045,126.73,127.49,127.49,0.0,0.0
449,0.0,0.0,0.0,1.0,1.0,0.0,0.0,1.0,0.0,100.0,1.0,1.1856,26.0,0.0,0.0,0.0,57.999998,0.0,26.0,26.0,26.0,26.0,0.5395555555555558,0.8250000000000002,-0.0752,307.068,-3.118,-2.586125,-1.60635,-1.2654,-101.66,188.935,187.822625,0.0,0.0,0.0,0.0,0.49926666666666675,-5.498166666666667,-5.498166666666667,0.19790000000000002,1.1093333333333333,-0.15422222222222226,-0.748,40.624,0.1588,-0.10845,-8.475999999999999,100.0,0.0,0.0,128.52,0.0,0.0,0.0,0.0,0.0,0.0,0.0,9107.3,0.0,55.0,2.0,146.15666666666667,1.0,0.0,0.0,0.0,0.0,0.0,0.0,0.0,22.458,22.458,0.0,17.284,1.0,55.0,616.79921,10000.0,85.000001,85.000001,85.000001,85.000001,395.0,0.0,0.0,0.0,1.0,333.33500000000004,67.108,67.108,61.035,61.035,34.0,-3.842500000000001,31.448,-0.10999999999999943,26.650000000000002,0.0,1760.482,-6.890000000000001,100.0,14.378,17.714,28.965,33.884,0.0,0.0,100.0,0.0,0.0,0.0,0.0,1232.375,2419.6,2739.375,3170.0,311.64,307.39866666666666,319.188,317.609,25.7051,22.2586,25.5237,24.0903,314.999998,314.999998,324.999988,324.999988,99.64121428571428,99.54456666666667,99.65285714285714,99.60775714285714,0.44333333333333336,0.4297500000000001,0.41250000000000003,0.6441666666666667,-0.08500000000000085,-0.0799999999999983,3.8215,3.27,61.657,40.1165,60.522999999999996,51.564,77.896,52.2695,79.4895,69.492,74.869,50.0155,77.93,67.2855,72.665,48.623,77.161,66.019,-0.5785,0.5534999999999999,0.11484000000000001,0.11531000000000001,0.0,127.45,128.17000000000002,128.52,128.52,0.0,0.0
450,0.0,0.0,0.0,1.0,1.0,0.0,0.0,1.0,0.0,100.0,1.0,1.1856,26.0,0.0,0.0,0.0,57.999998,0.0,26.0,26.0,26.0,26.0,0.45211111111111113,0.889,-0.0233,307.007,-3.0872,-2.716875,-1.61345,-1.2461,-103.74000000000001,189.1275,187.834875,0.0,0.0,0.0,0.0,0.5004666666666667,-5.498166666666667,-5.498166666666667,0.19640000000000002,-0.474,-0.17444444444444418,-0.385,41.076,0.18180000000000002,-0.100675,-6.77,100.0,0.0,0.0,129.72333333333333,0.0,0.0,0.0,0.0,0.0,0.0,0.0,9192.7,0.0,55.0,2.0,147.78333333333333,0.0,0.0,0.0,0.0,0.0,0.0,1.0,0.0,22.509,22.509,0.0,17.284,0.0,55.0,616.79921,10000.0,85.000001,85.000001,85.000001,85.000001,395.0,0.0,0.0,0.0,1.0,166.665,67.612,67.612,60.455,60.455,34.0,-5.049999999999997,25.966,-0.586666666666666,26.8475,0.0,1760.432,-5.109999999999999,100.0,14.071,17.424,29.489,34.079,0.0,0.0,100.0,0.0,0.0,0.0,0.0,1365.375,2097.6,3056.875,3261.9,311.3515,308.3263333333333,318.43225,317.65325,25.7097,22.2634,25.5302,24.0968,314.999998,314.999998,324.999988,324.999988,99.64122857142857,99.5446,99.65301428571429,99.60791428571429,0.39633333333333365,0.3660000000000001,0.39616666666666667,0.6268333333333334,-0.125,-0.14999999999999858,3.682,3.2344999999999997,61.685,40.1465,60.564,51.605,77.84,52.2665,79.4985,69.525,74.816,50.013,77.939,67.319,72.614,48.621,77.166,66.05166666666666,-0.42599999999999993,0.3999999999999999,0.11614500000000001,0.11221500000000001,0.0,128.875,129.495,129.72333333333333,129.72333333333333,0.0,0.0
451,0.0,0.0,0.0,1.0,1.0,0.0,0.0,1.0,0.0,100.0,1.0,1.1856,26.0,0.0,0.0,0.0,57.999998,0.0,26.0,26.0,26.0,26.0,0.3977777777777778,0.8455000000000001,-0.00745,306.259,-3.09685,-2.585,-1.6323,-1.2446,-105.71000000000001,189.3025,187.8465,0.0,0.0,0.0,0.0,0.5016333333333334,-5.498166666666667,-5.498166666666667,0.16870000000000002,1.0023333333333333,-0.16266666666666652,0.4980000000000002,41.485,0.18150000000000002,-0.12665,-5.404,100.0,0.0,0.0,131.41666666666666,0.0,0.0,0.0,0.0,0.0,0.0,0.0,9312.7,0.0,55.0,2.0,149.25666666666666,1.0,0.0,0.0,0.0,0.0,0.0,1.0,0.0,22.557,22.557,0.0,17.284,1.0,55.0,616.79921,10000.0,85.000001,85.000001,85.000001,85.000001,395.0,0.0,0.0,0.0,1.0,333.33500000000004,65.369,65.369,60.989,60.989,34.0,-9.204999999999998,35.564,-1.9600000000000009,22.6475,0.0,1760.381,-3.3649999999999984,100.0,15.09,17.828,29.417,33.963,0.0,0.0,100.0,0.0,0.0,0.0,0.0,1738.625,2987.5,2709.75,3154.4,310.2255,306.121,319.19125,317.97,25.7143,22.268,25.5363,24.1029,314.999998,314.999998,324.999988,324.999988,99.64124285714286,99.54461666666667,99.65315714285714,99.60807142857144,0.30100000000000016,0.3065,0.3285,0.5761666666666666,-0.125,-0.10000000000000142,3.917,3.584,61.714,40.175,60.602000000000004,51.643,77.789,52.2635,79.5025,69.5545,74.768,50.0105,77.9425,67.349,72.568,48.619,77.167,66.081,-0.2825,0.252,0.112015,0.120785,0.0,130.3,130.73,131.41666666666666,131.41666666666666,0.0,0.0
452,0.0,0.0,0.0,1.0,1.0,0.0,0.0,1.0,0.0,100.0,1.0,1.1856,26.0,0.0,0.0,0.0,57.999998,0.0,26.0,26.0,26.0,26.0,0.2670000000000001,0.9308000000000001,-0.1423,307.022,-3.01045,-2.7741249999999997,-1.55285,-1.2970000000000002,-107.96000000000001,189.4875,187.860125,0.0,0.0,0.0,0.0,0.5029333333333333,-5.498166666666667,-5.498166666666667,0.2187,0.17133333333333334,-0.21499999999999986,0.347,41.967,0.16920000000000002,-0.07775,-2.716,100.0,0.0,0.0,132.48,0.0,0.0,0.0,0.0,0.0,0.0,0.0,9387.9,0.0,55.0,2.0,150.98333333333335,0.0,0.0,0.0,0.0,0.0,0.0,1.0,0.0,22.611,22.611,0.0,17.284,0.0,55.0,616.79921,10000.0,85.000001,85.000001,85.000001,85.000001,395.0,0.0,0.0,0.0,1.0,166.665,68.19200000000001,68.19200000000001,60.181,60.181,34.0,-8.482500000000002,16.96,-5.493333333333332,22.835,0.0,1760.329,-0.4450000000000003,100.0,14.665,17.16,30.084,33.751,0.0,0.0,100.0,0.0,0.0,0.0,0.0,1332.75,1709.2,3350.25,3315.9,311.459,309.54,317.8115,317.56575,25.7192,22.273,25.5433,24.1098,314.999998,314.999998,324.999988,324.999988,99.64125714285714,99.54461666666667,99.65331428571429,99.60824285714286,0.16633333333333367,0.15500000000000003,0.21616666666666667,0.4545,-0.13666666666667027,-0.10999999999999943,3.542,3.349,61.745,40.206,60.645,51.6865,77.728,52.2525,79.512,69.589,74.71,50.001,77.952,67.3845,72.511,48.61,77.1725,66.11533333333334,-0.05449999999999999,0.03749999999999987,0.12255,0.12145000000000002,0.0,131.86,132.1,132.48,132.48,0.0,0.0
453,0.0,0.0,0.0,1.0,1.0,0.0,0.0,1.0,0.0,100.0,1.0,1.1856,26.0,0.0,0.0,0.0,57.999998,0.0,26.0,26.0,26.0,26.0,0.1922222222222223,0.8134000000000001,0.14500000000000002,305.74,-3.04265,-2.5700000000000003,-1.5612,-1.3132000000000001,-109.85,189.64,187.871375,0.0,0.0,0.0,0.0,0.5040333333333333,-5.498166666666667,-5.498166666666667,0.1781,-0.252,-0.2371111111111115,-3.293,42.36,0.1242,-0.1385,-1.1419999999999995,100.0,0.0,0.0,133.65,0.0,0.0,0.0,0.0,0.0,0.0,0.0,9470.9,0.0,55.0,2.0,152.41333333333333,1.0,0.0,0.0,0.0,0.0,0.0,1.0,0.0,22.656,22.656,0.0,17.284,1.0,55.0,616.79921,10000.0,85.000001,85.000001,85.000001,85.000001,395.0,0.0,0.0,0.0,1.0,333.33500000000004,65.231,65.231,59.631,59.631,34.0,-16.037499999999998,26.048,-8.0,18.067500000000003,0.0,1760.282,0.7600000000000016,100.0,15.222,17.727,30.771,34.246,0.0,0.0,100.0,0.0,0.0,0.0,0.0,2054.125,2778.1,3041.625,2962.4,309.667,306.43233333333336,318.46025,318.21525,25.7234,22.2773,25.5492,24.1157,314.999998,314.999998,324.999988,324.999988,99.64125714285714,99.54463333333334,99.65345714285715,99.60838571428572,0.09766666666666657,0.08800000000000008,0.11016666666666668,0.3526666666666667,-0.12666666666666515,-0.10166666666666657,3.354,3.29,61.771,40.233,60.682,51.723,77.676,52.2435,79.5155,69.618,74.662,49.993,77.9555,67.414,72.464,48.6025,77.1735,66.14366666666666,0.03299999999999992,-0.06300000000000017,0.11291000000000001,0.11026500000000002,0.0,133.165,133.27,133.65,133.65,0.0,0.0
454,0.0,0.0,0.0,1.0,1.0,0.0,0.0,1.0,0.0,100.0,1.0,1.1856,26.0,0.0,0.0,0.0,57.999998,0.0,26.0,26.0,26.0,26.0,0.015222222222222248,0.986,0.1242,306.732,-2.93075,-2.717,-1.508,-1.3407,-112.13999999999999,189.8175,187.885375,0.0,0.0,0.0,0.0,0.5054000000000001,-5.498166666666667,-5.498166666666667,0.2184,0.29500000000000004,-0.31477777777777805,0.03500000000000014,42.833,0.0771,-0.078075,1.0260000000000007,100.0,0.0,0.0,135.0,0.0,0.0,0.0,0.0,0.0,0.0,0.0,9566.5,0.0,55.0,2.0,154.09333333333333,0.0,0.0,0.0,0.0,0.0,0.0,1.0,0.0,22.71,22.71,0.0,17.284,0.0,55.0,616.79921,10000.0,85.000001,85.000001,85.000001,85.000001,395.0,0.0,0.0,0.0,1.0,166.665,68.298,68.298,60.059,60.059,34.0,-12.839999999999996,8.811999999999998,-14.013333333333328,18.502499999999998,0.0,1760.231,1.5100000000000016,100.0,15.583,16.776,31.476,32.717,0.0,0.0,100.0,0.0,0.0,0.0,0.0,1578.75,1144.0,3547.625,3661.9,310.698,310.9746666666667,317.34675,316.80125,25.7286,22.282,25.5562,24.1224,314.999998,314.999998,324.999988,324.999988,99.64127142857143,99.54463333333334,99.65362857142857,99.60854285714285,0.027666666666666728,-0.0050000000000000044,-0.033666666666666664,0.20116666666666666,-0.12333333333332774,-0.10999999999999943,3.2995,3.3594999999999997,61.803,40.2625,60.726,51.765,77.613,52.2255,79.527,69.645,74.602,49.977,77.967,67.44200000000001,72.407,48.587,77.1815,66.17033333333333,0.11149999999999993,-0.13149999999999995,0.11221500000000001,0.121315,0.0,134.725,134.625,135.0,135.0,0.0,0.0
455,0.0,0.0,0.0,1.0,1.0,0.0,0.0,1.0,0.0,100.0,1.0,1.1856,26.0,0.0,0.0,0.0,57.999998,0.0,26.0,26.0,26.0,26.0,-0.047111111111111104,0.7692000000000001,0.0273,305.908,-2.90455,-2.8280000000000003,-1.4938,-1.4064,-114.19999999999999,189.9775,187.896875,0.0,0.0,0.0,0.0,0.5066,-5.498166666666667,-5.498166666666667,0.1254,-0.754,-0.32077777777777783,-0.09299999999999997,43.239,0.031400000000000004,-0.152175,1.6360000000000001,100.0,0.0,0.0,136.75666666666666,0.0,0.0,0.0,0.0,0.0,0.0,0.0,9691.1,0.0,55.0,2.0,155.57666666666665,1.0,0.0,0.0,0.0,0.0,0.0,1.0,0.0,22.758,22.758,0.0,17.284,1.0,55.0,616.79921,10000.0,85.000001,85.000001,85.000001,85.000001,395.0,0.0,0.0,0.0,1.0,166.665,64.56,64.56,61.89,61.89,34.0,-26.97,23.432000000000002,-11.783333333333331,10.3125,0.0,1760.182,1.5749999999999993,100.0,16.46,16.207,31.803,33.024,0.0,0.0,100.0,0.0,0.0,0.0,0.0,2847.0,2693.7,2759.75,2677.7,307.472,307.131,319.00875,318.9315,25.7333,22.2861,25.5625,24.1286,314.999998,314.999998,324.999988,324.999988,99.64127142857143,99.54463333333334,99.65375714285715,99.6087,-0.015666666666666718,0.001000000000000112,-0.13583333333333333,0.11116666666666668,-0.09833333333332916,-0.1216666666666697,3.549,3.6420000000000003,61.833,40.2885,60.766,51.8035,77.558,52.208,79.528,69.673,74.551,49.9615,77.9685,67.4705,72.357,48.572,77.18,66.19766666666666,0.10749999999999993,-0.13050000000000006,0.11628000000000001,0.11243000000000002,0.0,136.02,135.87,136.75666666666666,136.75666666666666,0.0,0.0
456,0.0,0.0,0.0,1.0,1.0,0.0,0.0,1.0,0.0,100.0,1.0,1.1856,26.0,0.0,0.0,0.0,57.999998,0.0,26.0,26.0,26.0,26.0,-0.0965555555555555,0.9745000000000001,-0.0772,306.244,-2.81875,-2.881125,-1.4438,-1.5103,-116.28,190.14,187.91,0.0,0.0,0.0,0.0,0.5078,-5.498166666666667,-5.498166666666667,0.2723,4.4286666666666665,-0.33177777777777795,1.758,43.653,-0.0034000000000000002,-0.06345,2.2220000000000013,100.0,0.0,0.0,137.98333333333332,0.0,0.0,0.0,0.0,0.0,0.0,0.0,9778.1,0.0,55.0,2.0,157.04666666666668,0.0,0.0,0.0,0.0,0.0,0.0,1.0,0.0,22.806,22.806,0.0,17.284,0.0,55.0,616.79921,10000.0,85.000001,85.000001,85.000001,85.000001,395.0,0.0,0.0,0.0,1.0,166.665,67.108,67.108,59.814,59.814,34.0,-14.715,10.14,-18.630000000000003,12.06,0.0,1760.133,1.495000000000001,100.0,17.695,17.123,32.076,31.774,0.0,0.0,100.0,0.0,0.0,0.0,0.0,1677.125,1383.3,3702.5,3355.9,310.34,310.711,317.16575,317.66675,25.7383,22.2906,25.5688,24.1345,314.999998,314.999998,324.999988,324.999988,99.64127142857143,99.54463333333334,99.65391428571428,99.60884285714286,-0.035666666666666735,-0.05674999999999997,-0.20616666666666666,0.033166666666666664,-0.12666666666666515,-0.13666666666667027,3.5235,3.646,61.864,40.3165,60.805,51.8405,77.507,52.1955,79.538,69.69800000000001,74.502,49.95,77.9785,67.496,72.31,48.5615,77.187,66.222,0.10199999999999987,-0.133,0.11743,0.12234,0.0,137.5,137.27,137.98333333333332,137.98333333333332,0.0,0.0
457,0.0,0.0,0.0,1.0,1.0,0.0,0.0,1.0,0.0,100.0,1.0,1.1856,26.0,0.0,0.0,0.0,57.999998,0.0,26.0,26.0,26.0,26.0,-0.10788888888888892,0.8456000000000001,0.15940000000000001,304.626,-2.8834,-2.862875,-1.49435,-1.3924,-118.52000000000001,190.3175,187.9245,0.0,0.0,0.0,0.0,0.5091,-5.498166666666667,-5.498166666666667,0.27690000000000003,-3.3946666666666667,-0.3073333333333337,-1.125,44.122,-0.020200000000000003,-0.0964,1.6060000000000008,100.0,0.0,0.0,138.31333333333333,0.0,0.0,0.0,0.0,0.0,0.0,0.0,9801.3,0.0,55.0,2.0,158.75,1.0,0.0,0.0,0.0,0.0,0.0,1.0,0.0,22.857,22.857,0.0,17.284,1.0,55.0,616.79921,10000.0,85.000001,85.000001,85.000001,85.000001,395.0,0.0,0.0,0.0,1.0,333.33500000000004,66.36,66.36,58.121,58.121,34.0,-21.65,16.108,-21.316666666666663,15.89,0.0,1760.082,1.6649999999999991,100.0,16.5,15.724,34.281,34.767,0.0,0.0,100.0,0.0,0.0,0.0,0.0,2256.5,2194.6,3564.5,3685.0,309.236,308.78766666666667,317.241,316.42975,25.743,22.2947,25.5759,24.1415,314.999998,314.999998,324.999988,324.999988,99.64127142857143,99.54465,99.65407142857143,99.60902857142857,-0.08000000000000007,-0.08150000000000002,-0.18483333333333335,0.042666666666666665,-0.07333333333333059,-0.10499999999999687,2.7265,2.8369999999999997,61.894,40.342,60.849000000000004,51.884,77.445,52.1745,79.549,69.737,74.444,49.931,77.9895,67.5345,72.254,48.5435,77.195,66.259,0.11299999999999999,-0.13949999999999996,0.11287000000000001,0.11231500000000001,0.0,138.675,138.52,138.31333333333333,138.31333333333333,0.0,0.0
458,0.0,0.0,0.0,1.0,1.0,0.0,0.0,1.0,0.0,100.0,1.0,1.1856,26.0,0.0,0.0,0.0,57.999998,0.0,26.0,26.0,26.0,26.0,-0.1233333333333334,-0.18159999999999998,-0.07905000000000001,305.649,-2.7871,-2.7977499999999997,-1.3699,-1.5618,-120.77000000000001,190.4975,187.94125,0.0,0.0,0.0,0.0,0.5104000000000001,-5.498166666666667,-5.498166666666667,0.24500000000000002,0.7866666666666666,-0.3514444444444442,-0.931,44.359,-0.032100000000000004,-0.1342,2.058,100.0,0.0,0.0,135.40333333333334,0.0,0.0,0.0,0.0,0.0,0.0,1.0,9894.5,0.0,55.0,0.0,159.71333333333334,0.0,0.0,0.0,0.0,0.0,0.0,1.0,0.0,22.908,22.908,0.0,17.284,0.0,55.0,616.79921,10000.0,85.000001,85.000001,85.000001,85.000001,395.0,0.0,0.0,0.0,1.0,333.33500000000004,65.506,65.506,59.021,59.021,34.0,-18.465,12.921999999999997,-26.596666666666664,15.82,0.0,1760.03,1.4849999999999994,100.0,17.914,17.617,33.647,32.627,0.0,0.0,0.0,0.0,0.0,0.0,0.0,2006.875,1805.9,3201.875,2643.4,309.6525,309.1526666666667,318.1145,318.8725,25.7484,22.2996,25.5825,24.1477,314.999998,314.999998,324.999988,324.999988,99.64127142857143,99.54465,99.65418571428572,99.60911428571428,-0.06766666666666676,-0.09850000000000003,-0.20983333333333334,0.001,-0.006666666666667709,-0.0049999999999954525,-0.051000000000000156,0.05249999999999999,61.927,40.3725,60.89,51.923,77.391,52.163,79.5305,69.7315,74.393,49.9205,77.9715,67.531,72.204,48.533500000000004,77.175,66.25466666666667,0.10150000000000015,-0.14150000000000018,0.09832500000000001,0.10097,0.0,139.745,139.55,135.46,135.34333333333333,0.0,0.0
459,0.0,0.0,0.0,1.0,1.0,0.0,0.0,1.0,0.0,100.0,1.0,1.1856,26.0,0.0,0.0,0.0,57.999998,0.0,26.0,26.0,26.0,26.0,-0.11322222222222211,0.9676,0.06810000000000001,304.688,-2.82925,-2.808375,-1.42145,-1.4060000000000001,-122.88999999999999,190.6725,187.955125,0.0,0.0,0.0,0.0,0.5116333333333333,-5.498166666666667,-5.498166666666667,0.1724,-1.6763333333333335,-0.31511111111111134,-0.006999999999999895,44.466,-0.0376,-0.15812500000000002,2.0820000000000007,100.0,0.0,0.0,140.05,0.0,0.0,0.0,0.0,0.0,0.0,0.0,7970.7,0.0,55.0,3.0,159.98333333333332,1.0,0.0,0.0,0.0,0.0,0.0,1.0,0.0,22.956,22.956,0.0,17.284,1.0,55.0,616.79921,10000.0,85.000001,85.000001,85.000001,85.000001,395.0,0.0,0.0,0.0,1.0,333.33500000000004,63.4,63.4,60.135,60.135,34.0,-27.1775,20.734,-15.82666666666666,10.2575,0.0,1759.983,1.4550000000000018,100.0,18.262999999999998,17.127,33.225,32.308,0.0,0.0,100.0,0.0,0.0,0.0,0.0,2707.625,2758.1,3120.75,3317.0,307.8995,307.07933333333335,318.31,317.4565,25.7531,22.3037,25.5887,24.1537,314.999998,314.999998,324.999988,324.999988,99.64128571428571,99.54465,99.65427142857143,99.6092,-0.08866666666666667,-0.08550000000000002,-0.24066666666666667,-0.006666666666666667,-0.0933333333333266,-0.12333333333332774,3.523,3.645,61.957,40.398,60.929,51.9605,77.337,52.146,79.506,69.724,74.343,49.9055,77.9485,67.525,72.155,48.519,77.1505,66.24866666666667,0.09750000000000014,-0.13850000000000007,0.10771000000000001,0.11764500000000001,0.0,139.805,139.645,140.05,140.05,0.0,0.0
460,0.0,0.0,0.0,1.0,1.0,0.0,0.0,1.0,0.0,100.0,1.0,1.1856,26.0,0.0,0.0,0.0,57.999998,0.0,26.0,26.0,26.0,26.0,-0.1764444444444444,0.6899000000000002,-0.19060000000000002,305.984,-2.71165,-3.0180000000000002,-1.33905,-1.5918,-125.16,190.8625,187.97125,0.0,0.0,0.0,0.0,0.5129666666666667,-5.498166666666667,-5.498166666666667,0.22540000000000002,2.322,-0.362222222222222,1.5030000000000001,44.811,-0.046700000000000005,-0.130225,2.2859999999999996,100.0,0.0,0.0,140.41333333333333,0.0,0.0,0.0,0.0,0.0,0.0,0.0,7991.3,0.0,55.0,3.0,161.25,0.0,0.0,0.0,0.0,0.0,0.0,0.0,0.0,23.007,23.007,0.0,17.284,0.0,55.0,616.79921,10000.0,85.000001,85.000001,85.000001,85.000001,395.0,0.0,0.0,0.0,1.0,333.33500000000004,65.46,65.46,60.837,60.837,34.0,-19.1725,9.975999999999999,-21.15,10.285,0.0,1759.931,1.2149999999999999,100.0,19.372,17.617,32.984,31.606,0.0,0.0,100.0,0.0,0.0,0.0,0.0,2113.375,1360.5,3417.5,2633.0,309.2155,310.773,317.666,318.987,25.7584,22.3083,25.5953,24.16,314.999998,314.999998,324.999988,324.999988,99.64128571428571,99.54466666666667,99.6544,99.60932857142858,-0.05433333333333312,-0.08474999999999999,-0.24333333333333335,-0.02366666666666667,-0.086666666666666,-0.11333333333332973,2.609,2.7205,61.99,40.427,60.971000000000004,52.0,77.283,52.132,79.4965,69.734,74.292,49.8925,77.9395,67.536,72.106,48.507,77.1395,66.25866666666667,0.06550000000000011,-0.11850000000000005,0.10899,0.10969500000000001,0.0,141.075,140.85,140.41333333333333,140.41333333333333,0.0,0.0
461,0.0,0.0,0.0,1.0,1.0,0.0,0.0,1.0,0.0,100.0,1.0,1.1856,26.0,0.0,0.0,0.0,57.999998,0.0,26.0,26.0,26.0,26.0,-0.121,0.6415000000000002,0.0453,304.535,-2.79565,-2.9565,-1.4465,-1.4708,-127.44999999999999,191.0575,187.986625,0.0,0.0,0.0,0.0,0.5143,-5.498166666666667,-5.498166666666667,0.23850000000000002,-1.3603333333333336,-0.2821111111111114,-0.04699999999999993,45.156,-0.0453,-0.12735000000000002,1.4160000000000004,100.0,0.0,0.0,140.89333333333335,0.0,0.0,0.0,0.0,0.0,0.0,0.0,8018.7,0.0,55.0,3.0,162.49333333333334,1.0,0.0,0.0,0.0,0.0,0.0,0.0,0.0,23.058,23.058,0.0,17.284,1.0,55.0,616.79921,10000.0,85.000001,85.000001,85.000001,85.000001,395.0,0.0,0.0,0.0,1.0,166.665,64.362,64.362,59.082,59.082,34.0,-22.72,18.848,-22.82,15.0625,0.0,1759.882,0.9250000000000007,100.0,18.451999999999998,17.248,33.82,33.17,0.0,0.0,100.0,0.0,0.0,0.0,0.0,2409.5,2400.1,3395.5,3371.0,308.7735,308.286,317.67425,317.33775,25.7633,22.3126,25.6022,24.1667,314.999998,314.999998,324.999988,324.999988,99.6413,99.54466666666667,99.65451428571428,99.60944285714285,-0.06866666666666665,-0.0665,-0.22233333333333336,0.008666666666666666,-0.07666666666666799,-0.08166666666667055,2.2615,2.3345000000000002,62.021,40.454,61.014,52.042,77.223,52.113,79.487,69.748,74.236,49.8755,77.9305,67.5505,72.052,48.491,77.1285,66.27233333333334,0.045500000000000096,-0.08950000000000014,0.103415,0.11234000000000001,0.0,141.995,141.855,140.89333333333335,140.89333333333335,0.0,0.0
462,0.0,0.0,0.0,1.0,1.0,0.0,0.0,1.0,0.0,100.0,1.0,1.1856,26.0,0.0,0.0,0.0,57.999998,0.0,26.0,26.0,26.0,26.0,-0.14300000000000002,0.6673,0.1316,304.184,-2.7467,-2.889125,-1.45275,-1.3727,-129.75,191.2575,188.003625,0.0,0.0,0.0,0.0,0.5156666666666667,-5.498166666666667,-5.498166666666667,0.2645,1.6099999999999999,-0.2703333333333333,1.3810000000000002,45.483,-0.0381,-0.13565,1.444,100.0,0.0,0.0,142.1,0.0,0.0,0.0,0.0,0.0,0.0,0.0,8087.3,0.0,55.0,3.0,163.67333333333335,0.0,0.0,0.0,0.0,0.0,0.0,0.0,0.0,23.109,23.109,0.0,17.284,0.0,55.0,616.79921,10000.0,85.000001,85.000001,85.000001,85.000001,395.0,0.0,0.0,0.0,1.0,166.665,63.446,63.446,59.525,59.525,34.0,-22.6325,17.668,-21.173333333333332,13.39,0.0,1759.83,0.6050000000000004,100.0,19.533,18.052,33.813,32.895,0.0,0.0,100.0,0.0,0.0,0.0,0.0,2497.875,2215.2,3241.875,3221.1,308.2795,308.37166666666667,317.969,317.35425,25.7686,22.3173,25.6089,24.1731,314.999998,314.999998,324.999988,324.999988,99.6413,99.54466666666667,99.65464285714286,99.60957142857143,-0.028000000000000025,-0.053749999999999964,-0.21233333333333335,0.006500000000000001,-0.0933333333333266,-0.09833333333332916,2.2995,2.3915,62.054,40.4835,61.055,52.082,77.168,52.0995,79.4745,69.7555,74.184,49.8635,77.919,67.5595,72.002,48.4795,77.1145,66.28066666666666,0.022499999999999964,-0.06899999999999995,0.10634500000000001,0.114625,0.0,143.13,142.975,142.1,142.1,0.0,0.0
463,0.0,0.0,0.0,1.0,1.0,0.0,0.0,1.0,0.0,100.0,1.0,1.1856,26.0,0.0,0.0,0.0,57.999998,0.0,26.0,26.0,26.0,26.0,-0.10988888888888892,0.6464000000000001,0.03665,304.016,-2.7846,-2.8222500000000004,-1.4257,-1.5697,-131.93,191.45,188.0215,0.0,0.0,0.0,0.0,0.5169333333333334,-5.498166666666667,-5.498166666666667,0.3486,0.966,-0.26733333333333364,-0.21999999999999997,45.796,-0.0335,-0.12077500000000001,1.0060000000000002,100.0,0.0,0.0,142.96,0.0,0.0,0.0,0.0,0.0,0.0,0.0,8136.2,0.0,55.0,3.0,164.8,1.0,0.0,0.0,0.0,0.0,0.0,0.0,0.0,23.157,23.157,0.0,17.284,1.0,55.0,616.79921,10000.0,85.000001,85.000001,85.000001,85.000001,395.0,0.0,0.0,0.0,1.0,333.33500000000004,64.087,64.087,57.8,57.8,34.0,-18.7825,14.186,-22.363333333333337,15.9225,0.0,1759.783,0.5350000000000001,100.0,19.399,18.46,34.611,33.877,0.0,0.0,100.0,0.0,0.0,0.0,0.0,2133.125,1864.6999999999998,3569.125,3103.2,309.1725,309.0486666666667,317.2675,317.936,25.7733,22.3218,25.6153,24.1794,314.999998,314.999998,324.999988,324.999988,99.6413,99.54468333333334,99.65475714285714,99.60968571428572,-0.015666666666666718,-0.06825000000000003,-0.17433333333333334,0.051000000000000004,-0.07000000000000028,-0.0899999999999963,2.251,2.3225,62.083,40.511,61.096000000000004,52.121,77.114,52.086,79.4645,69.767,74.133,49.8515,77.91,67.5715,71.952,48.468,77.103,66.29166666666667,0.01849999999999996,-0.07200000000000006,0.11116500000000001,0.11296,0.0,144.06,143.945,142.96,142.96,0.0,0.0
464,0.0,0.0,0.0,1.0,1.0,0.0,0.0,1.0,0.0,100.0,1.0,1.1856,26.0,0.0,0.0,0.0,57.999998,0.0,26.0,26.0,26.0,26.0,-0.07644444444444443,0.6432,0.0466,304.199,-2.791,-2.901375,-1.4608,-1.4438,-134.4,191.6725,188.042875,0.0,0.0,0.0,0.0,0.5183666666666668,-5.498166666666667,-5.498166666666667,0.32430000000000003,-1.5993333333333335,-0.22444444444444445,0.29499999999999993,46.147,-0.0264,-0.135725,0.8960000000000008,100.0,0.0,0.0,143.97333333333333,0.0,0.0,0.0,0.0,0.0,0.0,0.0,8193.9,0.0,55.0,3.0,166.06,0.0,0.0,0.0,0.0,0.0,0.0,0.0,0.0,23.211,23.211,0.0,17.284,0.0,55.0,616.79921,10000.0,85.000001,85.000001,85.000001,85.000001,395.0,0.0,0.0,0.0,1.0,166.665,64.636,64.636,58.762,58.762,34.0,-18.482499999999998,15.456,-19.630000000000003,18.095,0.0,1759.73,0.375,100.0,18.923000000000002,17.828,34.849000000000004,34.3,0.0,0.0,100.0,0.0,0.0,0.0,0.0,2142.125,1932.3,3189.375,3634.5,309.3365,309.199,318.151,316.7945,25.7784,22.3264,25.6225,24.1863,314.999998,314.999998,324.999988,324.999988,99.6413,99.54468333333334,99.65488571428571,99.60981428571428,-0.010666666666666602,-0.03849999999999998,-0.177,0.05583333333333334,-0.04833333333333201,-0.0799999999999983,2.2885,2.3345000000000002,62.115,40.5395,61.141,52.1645,77.049,52.066,79.453,69.778,74.073,49.8335,77.899,67.5835,71.894,48.4505,77.09,66.303,0.0030000000000001137,-0.05049999999999999,0.10682000000000001,0.11090000000000001,0.0,145.03,144.95,143.97333333333333,143.97333333333333,0.0,0.0
465,0.0,0.0,0.0,1.0,1.0,0.0,0.0,1.0,0.0,100.0,1.0,1.1856,26.0,0.0,0.0,0.0,57.999998,0.0,26.0,26.0,26.0,26.0,-0.06399999999999995,0.6762000000000001,-0.0010500000000000002,304.291,-2.81945,-2.8545,-1.45125,-1.4368,-136.48,191.86,188.060375,0.0,0.0,0.0,0.0,0.5195666666666667,-5.498166666666667,-5.498166666666667,0.28550000000000003,0.42966666666666664,-0.20455555555555582,0.6179999999999999,46.427,-0.0222,-0.15257500000000002,0.984,100.0,0.0,0.0,145.23,0.0,0.0,0.0,0.0,0.0,0.0,0.0,8265.4,0.0,55.0,3.0,167.06666666666666,1.0,0.0,0.0,0.0,0.0,0.0,0.0,0.0,23.256,23.256,0.0,17.284,1.0,55.0,616.79921,10000.0,85.000001,85.000001,85.000001,85.000001,395.0,0.0,0.0,0.0,1.0,333.33500000000004,63.538,63.538,59.28,59.28,34.0,-22.29,19.102,-18.810000000000002,14.1425,0.0,1759.682,0.19500000000000028,100.0,19.037,18.155,34.053,33.564,0.0,0.0,100.0,0.0,0.0,0.0,0.0,2517.75,2331.9,3168.375,3217.6,308.39,308.04533333333336,318.22925,317.7875,25.7829,22.3304,25.6283,24.192,314.999998,314.999998,324.999988,324.999988,99.6413,99.54468333333334,99.655,99.60992857142857,-0.0029999999999998916,-0.03500000000000003,-0.19333333333333336,0.0415,-0.0933333333333266,-0.09666666666667112,2.5595,2.6205,62.143,40.565,61.177,52.2,76.995,52.051,79.4395,69.785,74.022,49.82,77.886,67.5915,71.844,48.438,77.075,66.31,-0.014499999999999957,-0.04400000000000004,0.119855,0.110335,0.0,145.995,145.88,145.23,145.23,0.0,0.0
466,0.0,0.0,0.0,1.0,1.0,0.0,0.0,1.0,0.0,100.0,1.0,1.1856,26.0,0.0,0.0,0.0,57.999998,0.0,26.0,26.0,26.0,26.0,-0.08733333333333337,0.6426000000000001,-0.0733,304.26,-2.78535,-2.8955,-1.4353,-1.5094,-138.85,192.075,188.080625,0.0,0.0,0.0,0.0,0.5209666666666667,-5.498166666666667,-5.498166666666667,0.3667,1.4756666666666667,-0.19222222222222207,1.8120000000000003,46.759,-0.0184,-0.10537500000000001,0.8260000000000005,100.0,0.0,0.0,145.93666666666667,0.0,0.0,0.0,0.0,0.0,0.0,0.0,8305.6,0.0,55.0,3.0,168.26,0.0,0.0,0.0,0.0,0.0,0.0,0.0,0.0,23.307,23.307,0.0,17.284,0.0,55.0,616.79921,10000.0,85.000001,85.000001,85.000001,85.000001,395.0,0.0,0.0,0.0,1.0,166.665,64.499,64.499,58.395,58.395,34.0,-18.5675,14.2,-21.85333333333333,17.5575,0.0,1759.633,-0.054999999999999716,100.0,19.191,18.508,34.325,33.564,0.0,0.0,100.0,0.0,0.0,0.0,0.0,2221.75,1751.9,3540.375,3385.4,309.0425,309.727,317.36025,317.357,25.7879,22.335,25.635,24.1985,314.999998,314.999998,324.999988,324.999988,99.6413,99.54468333333334,99.65512857142858,99.61004285714286,0.020333333333333314,-0.016000000000000014,-0.16616666666666666,0.06366666666666666,-0.05666666666667197,-0.07499999999999574,2.2615,2.317,62.174,40.594,61.219,52.2405,76.94,52.036500000000004,79.4295,69.795,73.97,49.807,77.877,67.602,71.794,48.4255,77.0635,66.32,-0.026999999999999913,-0.028000000000000025,0.10824500000000001,0.11447000000000002,0.0,147.06,146.95499999999998,145.93666666666667,145.93666666666667,0.0,0.0
467,0.0,0.0,0.0,1.0,1.0,0.0,0.0,1.0,0.0,100.0,1.0,1.1856,26.0,0.0,0.0,0.0,57.999998,0.0,26.0,26.0,26.0,26.0,-0.005444444444444474,0.5855000000000001,0.13825,302.551,-2.77265,-2.7975000000000003,-1.46185,-1.4862,-141.23,192.29500000000002,188.103,0.0,0.0,0.0,0.0,0.5223333333333333,-5.498166666666667,-5.498166666666667,0.41600000000000004,1.6293333333333333,-0.1586666666666665,-1.04,47.083,-0.0151,-0.144375,-0.2759999999999998,100.0,0.0,0.0,146.88666666666666,0.0,0.0,0.0,0.0,0.0,0.0,0.0,8359.7,0.0,55.0,3.0,169.43666666666667,1.0,0.0,0.0,0.0,0.0,0.0,0.0,0.0,23.358,23.358,0.0,17.284,1.0,55.0,616.79921,10000.0,85.000001,85.000001,85.000001,85.000001,395.0,0.0,0.0,0.0,1.0,166.665,61.615,61.615,57.724,57.724,34.0,-20.572499999999998,24.448,-19.93,18.2775,0.0,1759.583,-1.754999999999999,100.0,20.119,19.651,34.648,35.297,0.0,0.0,100.0,0.0,0.0,0.0,0.0,2737.125,2538.8,3444.375,3269.9,307.713,307.1976666666667,317.66725,317.51025,25.7931,22.3399,25.6417,24.2054,314.999998,314.999998,324.999988,324.999988,99.64131428571429,99.5447,99.65524285714285,99.61017142857143,0.10400000000000009,0.07224999999999993,-0.12733333333333333,0.10016666666666667,-0.07666666666666799,-0.07499999999999574,2.2344999999999997,2.237,62.207,40.624,61.261,52.283500000000004,76.884,52.0245,79.4155,69.8105,73.917,49.796,77.864,67.619,71.744,48.415,77.048,66.33533333333334,-0.15300000000000002,0.09149999999999991,0.109405,0.111835,0.0,148.05,148.03,146.88666666666666,146.88666666666666,0.0,0.0
468,0.0,0.0,0.0,1.0,1.0,0.0,0.0,1.0,0.0,100.0,1.0,1.1856,26.0,0.0,0.0,0.0,57.999998,0.0,26.0,26.0,26.0,26.0,0.0802222222222222,0.6840000000000002,0.22690000000000002,302.292,-2.83515,-2.7270000000000003,-1.54715,-1.3764,-143.49,192.5025,188.127625,0.0,0.0,0.0,0.0,0.5236666666666667,-5.498166666666667,-5.498166666666667,0.5388000000000001,2.0053333333333336,-0.08677777777777784,1.6139999999999999,47.392,-0.0001,-0.09342500000000001,-1.3660000000000005,100.0,0.0,0.0,147.51333333333332,0.0,0.0,0.0,0.0,0.0,0.0,0.0,8395.3,0.0,55.0,3.0,170.54,0.0,0.0,0.0,0.0,0.0,0.0,0.0,0.0,23.406,23.406,0.0,17.284,0.0,55.0,616.79921,10000.0,85.000001,85.000001,85.000001,85.000001,395.0,0.0,0.0,0.0,1.0,333.33500000000004,63.416,63.416,55.71,55.71,34.0,-11.7275,19.317999999999998,-23.656666666666663,26.765,0.0,1759.532,-3.335000000000001,100.0,19.908,19.849,35.173,35.604,0.0,0.0,100.0,0.0,0.0,0.0,0.0,1963.25,1935.5,3950.375,4305.0,309.68,308.72366666666665,316.608,315.30725,25.7978,22.3444,25.6482,24.2116,314.999998,314.999998,324.999988,324.999988,99.64132857142857,99.5447,99.65537142857143,99.6103,0.2033333333333336,0.1392500000000001,-0.0925,0.135,-0.09166666666666856,-0.0933333333333266,2.0995,2.014,62.236,40.6525,61.301,52.3225,76.829,52.0125,79.407,69.822,73.866,49.7855,77.856,67.6315,71.693,48.4055,77.0375,66.34733333333334,-0.2769999999999999,0.21550000000000002,0.1107,0.10795,0.0,148.97,149.055,147.51333333333332,147.51333333333332,0.0,0.0
469,0.0,0.0,0.0,1.0,1.0,0.0,0.0,1.0,0.0,100.0,1.0,1.1856,26.0,0.0,0.0,0.0,57.999998,0.0,26.0,26.0,26.0,26.0,0.22644444444444445,0.6094000000000002,0.04675,302.582,-2.888,-2.729125,-1.57915,-1.3333,-146.04,192.735,188.15825,0.0,0.0,0.0,0.0,0.5251666666666667,-5.498166666666667,-5.498166666666667,0.5176000000000001,-0.20100000000000007,-0.054777777777777814,-0.18300000000000005,47.725,0.027600000000000003,-0.1532,-3.444,100.0,0.0,0.0,148.95,0.0,0.0,0.0,0.0,0.0,0.0,0.0,8477.1,0.0,55.0,3.0,171.74333333333334,1.0,0.0,0.0,0.0,0.0,0.0,0.0,0.0,23.46,23.46,0.0,17.284,1.0,55.0,616.79921,10000.0,85.000001,85.000001,85.000001,85.000001,395.0,0.0,0.0,0.0,1.0,166.665,62.378,62.378,56.519,56.519,34.0,-10.725000000000001,29.387999999999998,-14.606666666666662,22.72,0.0,1759.48,-5.535,100.0,19.271,20.142,35.208,36.638,0.0,0.0,100.0,0.0,0.0,0.0,0.0,2296.0,2533.6,3301.125,3432.8,308.932,307.25,317.93975,317.3665,25.8028,22.3495,25.6553,24.2189,314.999998,314.999998,324.999988,324.999988,99.64132857142857,99.5447,99.6555,99.61042857142857,0.31433333333333335,0.2622500000000001,0.008333333333333335,0.2455,-0.07499999999999574,-0.06833333333332803,2.445,2.286,62.267,40.6845,61.345,52.368,76.774,52.006,79.393,69.835,73.814,49.7795,77.842,67.6455,71.642,48.3995,77.0215,66.36066666666667,-0.43199999999999994,0.371,0.10766500000000001,0.10920500000000001,0.0,149.85,150.09,148.95,148.95,0.0,0.0
470,0.0,0.0,0.0,1.0,1.0,0.0,0.0,1.0,0.0,100.0,1.0,1.1856,26.0,0.0,0.0,0.0,57.999998,0.0,26.0,26.0,26.0,26.0,0.37288888888888905,0.6609,0.04535,302.536,-2.91555,-2.721125,-1.6083500000000002,-1.2891,-148.32999999999998,192.9375,188.1865,0.0,0.0,0.0,0.0,0.5265000000000001,-5.498166666666667,-5.498166666666667,0.5670000000000001,1.7776666666666667,0.025333333333333208,1.803,48.024,0.0712,-0.121575,-5.436,100.0,0.0,0.0,149.8,0.0,0.0,0.0,0.0,0.0,0.0,0.0,8525.6,0.0,55.0,3.0,172.81666666666666,0.0,0.0,0.0,0.0,0.0,0.0,1.0,0.0,23.508,23.508,0.0,17.284,0.0,55.0,616.79921,10000.0,85.000001,85.000001,85.000001,85.000001,395.0,0.0,0.0,0.0,1.0,166.665,62.668,62.668,56.656,56.656,34.0,-5.299999999999997,34.096,-11.213333333333331,31.7625,0.0,1759.432,-7.719999999999999,100.0,19.1,20.455,34.266,36.516,0.0,0.0,100.0,0.0,0.0,0.0,0.0,2044.375,2600.3,3295.0,4030.3,309.576,307.09633333333335,317.9825,315.9225,25.8073,22.3542,25.6614,24.2251,314.999998,314.999998,324.999988,324.999988,99.64135714285715,99.54473333333334,99.65562857142857,99.61055714285715,0.45500000000000007,0.41074999999999995,0.11233333333333333,0.3303333333333333,-0.054999999999999716,-0.08166666666667055,2.418,2.144,62.296,40.7135,61.384,52.407,76.726,52.006,79.3805,69.847,73.769,49.78,77.83,67.6585,71.599,48.4,77.007,66.37266666666667,-0.603,0.5369999999999999,0.10963,0.10719000000000001,0.0,150.745,151.165,149.8,149.8,0.0,0.0
471,0.0,0.0,0.0,1.0,1.0,0.0,0.0,1.0,0.0,100.0,1.0,1.1856,26.0,0.0,0.0,0.0,57.999998,0.0,26.0,26.0,26.0,26.0,0.5653333333333332,0.6265000000000001,0.10715000000000001,301.941,-2.94555,-2.6755,-1.70835,-1.2854,-150.64,193.1325,188.2165,0.0,0.0,0.0,0.0,0.5278333333333334,-5.498166666666667,-5.498166666666667,0.6375000000000001,1.4353333333333333,0.10011111111111104,1.6270000000000002,48.322,0.12040000000000001,-0.11415,-7.852,100.0,0.0,0.0,150.66333333333333,0.0,0.0,0.0,0.0,0.0,0.0,0.0,8574.6,0.0,55.0,3.0,173.89333333333335,1.0,0.0,0.0,0.0,0.0,0.0,1.0,0.0,23.556,23.556,0.0,17.284,1.0,55.0,616.79921,10000.0,85.000001,85.000001,85.000001,85.000001,395.0,0.0,0.0,0.0,1.0,333.33500000000004,61.905,61.905,56.168,56.168,34.0,-0.28249999999999886,41.128,-7.75333333333333,36.8875,0.0,1759.384,-10.065,100.0,18.891,21.191,33.997,37.939,0.0,0.0,100.0,0.0,0.0,0.0,0.0,2186.375,2795.8,3365.875,3922.2,309.2765,306.5163333333333,317.818,316.10475,25.811700000000002,22.3591,25.6676,24.2317,314.999998,314.999998,324.999988,324.999988,99.64138571428572,99.54476666666666,99.65574285714285,99.6107,0.6190000000000002,0.5782499999999999,0.23950000000000002,0.465,-0.07166666666666544,-0.0933333333333266,2.4299999999999997,2.028,62.323,40.744,61.423,52.448,76.681,52.0145,79.368,69.865,73.727,49.7885,77.8185,67.6775,71.557,48.408,76.9925,66.391,-0.7985,0.7315,0.11283000000000001,0.110545,0.0,151.57999999999998,152.18,150.66333333333333,150.66333333333333,0.0,0.0
472,0.0,0.0,0.0,1.0,1.0,0.0,0.0,1.0,0.0,100.0,1.0,1.1856,26.0,0.0,0.0,0.0,57.999998,82.87333333333333,26.0,26.0,26.0,26.0,0.7664444444444445,-2.1604,0.07475,301.682,-3.09625,-2.514625,-1.7797,-1.2367,-153.1,193.325,188.251625,0.0,0.0,0.0,0.0,0.5292666666666668,-5.498166666666667,-5.498166666666667,0.7015,-1.4889999999999999,0.23288888888888892,2.6290000000000004,48.325,0.1729,-0.12312500000000001,-10.012,100.0,0.0,0.0,144.7,0.0,0.0,0.0,0.0,0.0,0.0,0.0,8235.3,0.0,55.0,3.0,174.22,0.0,0.0,0.0,0.0,0.0,0.0,1.0,0.0,23.607,23.607,0.0,17.284,0.0,55.0,616.79921,10000.0,85.000001,85.000001,85.000001,85.000001,395.0,0.0,0.0,0.0,1.0,166.665,61.63,61.63,55.389,55.389,34.0,1.1475000000000009,29.732,-2.8900000000000006,45.8375,0.0,1759.333,-12.815,100.0,18.675,22.672,33.585,39.488,0.0,0.0,0.0,0.0,0.0,0.0,0.0,1417.625,3026.3,3041.375,4042.5,311.1775,305.955,318.44175,316.00825,25.8161,22.3645,25.6741,24.2387,314.999998,314.999998,324.999988,324.999988,99.64144285714286,99.54485,99.65585714285714,99.61082857142857,0.851,0.78725,0.392,0.6038333333333333,-5.0533333333333275,-3.8766666666666723,-1.5650000000000004,-1.69,62.351,40.778,61.463,52.492,76.644,52.0485,79.3485,69.883,73.692,49.8215,77.799,67.6975,71.522,48.4395,76.9705,66.41,-1.0325,0.9504999999999999,0.096545,0.092545,0.0,142.955,146.2,144.35,145.05,0.0,0.0
473,0.0,0.0,0.0,1.0,1.0,0.0,0.0,1.0,0.0,100.0,1.0,1.1856,26.0,0.0,0.0,0.0,57.999998,100.0,26.0,26.0,26.0,26.0,0.8440000000000001,-2.9743000000000004,0.04745,301.01,-3.08375,-2.34875,-1.802,-1.0193,-155.51999999999998,193.4975,188.288125,0.0,0.0,0.0,0.0,0.5307000000000001,-5.498166666666667,-5.498166666666667,0.41650000000000004,-5.702666666666667,0.294111111111111,0.8530000000000002,46.963,0.2374,-0.3749,-13.398,100.0,0.0,0.0,137.40333333333334,0.0,0.0,0.0,0.0,0.0,0.0,0.0,7820.0,0.0,55.0,3.0,169.39,1.0,0.0,0.0,0.0,0.0,0.0,1.0,0.0,23.658,23.658,0.0,17.284,1.0,55.0,616.79921,10000.0,85.000001,85.000001,85.000001,85.000001,395.0,0.0,0.0,0.0,1.0,333.33500000000004,52.016999999999996,52.016999999999996,62.653,62.653,34.0,2.3500000000000014,48.764,0.7166666666666686,21.82,0.0,1759.282,-13.825,100.0,22.744,28.152,29.003,36.953,0.0,0.0,0.0,0.0,0.0,0.0,0.0,2970.75,4581.7,1423.625,2593.8,307.132,301.25166666666667,321.903,319.074,25.8209,22.3706,25.6799,24.245,314.999998,314.999998,324.999988,324.999988,99.6417,99.54511666666667,99.65594285714286,99.61097142857143,0.9076666666666666,0.8415000000000001,0.5710000000000001,0.7775,-6.118333333333332,-3.9649999999999963,-4.447,-3.239,62.38,40.8165,61.499,52.5315,76.709,52.1715,79.3135,69.893,73.753,49.937,77.765,67.709,71.575,48.5495,76.9345,66.42133333333334,-1.1505,1.014,0.08922500000000001,0.07469500000000001,0.0,138.21,142.29500000000002,135.92333333333335,138.88666666666666,0.0,0.0
474,0.0,0.0,0.0,1.0,1.0,0.0,0.0,1.0,0.0,100.0,1.0,1.1856,26.0,0.0,0.0,0.0,57.999998,100.0,26.0,26.0,26.0,26.0,0.9663333333333333,-3.0544000000000002,0.13135,300.766,-3.0559,-2.3085,-1.77075,-0.9638,-157.74,193.635,188.322875,0.0,0.0,0.0,0.0,0.5319666666666667,-5.498166666666667,-5.498166666666667,0.3216,0.7193333333333334,0.32911111111111113,1.2880000000000003,45.544,0.4315,-0.48502500000000004,-17.604,100.0,0.0,0.0,131.44,0.0,0.0,0.0,0.0,0.0,0.0,0.0,7480.6,0.0,55.0,3.0,164.3,0.0,0.0,0.0,0.0,0.0,0.0,1.0,0.0,23.706,23.706,0.0,17.284,0.0,55.0,616.79921,10000.0,85.000001,85.000001,85.000001,85.000001,395.0,0.0,0.0,0.0,1.0,166.665,47.241,47.241,66.772,66.772,34.0,3.467500000000001,50.132000000000005,0.913333333333334,25.225,0.0,1759.233,-11.655,100.0,27.692,33.282,23.712,32.957,0.0,0.0,0.0,0.0,0.0,0.0,0.0,3017.75,4643.0,1651.75,2774.4,306.905,300.925,321.53,318.79675,25.8258,22.377,25.6849,24.2505,314.999998,314.999998,324.999988,324.999988,99.64192857142856,99.54538333333333,99.65607142857142,99.61112857142857,0.8586666666666667,0.7415,0.9768333333333334,1.1655,-4.7933333333333294,-3.69166666666667,-7.2524999999999995,-3.771,62.412,40.856,61.531,52.5655,76.773,52.303,79.3055,69.9135,73.813,50.061,77.757,67.731,71.627,48.668,76.9235,66.44333333333333,-1.0305,0.8414999999999999,0.087425,0.07442,0.0,135.75,138.75,128.41,134.46666666666667,0.0,0.0
475,0.0,0.0,0.0,1.0,1.0,0.0,0.0,1.0,0.0,100.0,1.0,1.1856,26.0,0.0,0.0,0.0,57.999998,100.0,26.0,26.0,26.0,26.0,1.0851111111111114,-2.9159,0.0796,301.712,-3.1692,-2.151375,-1.8222,-0.9016,-160.01999999999998,193.7525,188.361875,0.0,0.0,0.0,0.0,0.5333,-5.498166666666667,-5.498166666666667,0.35750000000000004,-0.31833333333333336,0.4117777777777778,1.842,44.03,0.5826,-0.509725,-16.33,100.0,0.0,0.0,128.16666666666666,0.0,0.0,0.0,0.0,0.0,0.0,0.0,7294.3,0.0,55.0,3.0,158.84,1.0,0.0,0.0,0.0,0.0,0.0,1.0,0.0,23.757,23.757,0.0,17.284,1.0,55.0,616.79921,10000.0,85.000001,85.000001,85.000001,85.000001,395.0,0.0,0.0,0.0,1.0,333.33500000000004,48.004,48.004,67.596,67.596,34.0,0.40500000000000114,46.36,2.9833333333333343,32.557500000000005,0.0,1759.181,-11.27,100.0,27.841,34.602000000000004,21.661,32.106,0.0,0.0,0.0,0.0,0.0,0.0,0.0,2076.125,4414.8,1589.75,2998.6,309.346,301.74666666666667,321.48675,318.27425,25.8306,22.3834,25.6903,24.2566,314.999998,314.999998,324.999988,324.999988,99.64217142857143,99.54566666666666,99.65625714285714,99.61131428571429,1.0350000000000001,0.89775,1.1928333333333332,1.3813333333333333,-8.229999999999997,-4.01166666666667,-5.8695,-3.4225000000000003,62.441,40.8965,61.565,52.6035,76.835,52.4325,79.32,69.9525,73.871,50.1835,77.7705,67.7715,71.677,48.7855,76.93299999999999,66.48333333333333,-0.9684999999999999,0.7675000000000001,0.086605,0.07657000000000001,0.0,126.025,133.725,125.87333333333333,130.45666666666668,0.0,0.0
476,0.0,0.0,0.0,1.0,1.0,0.0,0.0,1.0,0.0,100.0,1.0,1.1856,26.0,0.0,0.0,0.0,57.999998,100.0,26.0,26.0,26.0,26.0,1.1621111111111113,-2.8393,-0.11470000000000001,303.162,-3.14495,-2.1550000000000002,-1.8202,-0.7986,-162.22,193.84,188.4015,0.0,0.0,0.0,0.0,0.5346000000000001,-5.498166666666667,-5.498166666666667,0.3317,-0.42900000000000005,0.42922222222222217,-0.345,42.612,0.6334000000000001,-0.523325,-16.252000000000002,100.0,0.0,0.0,122.05333333333333,0.0,0.0,0.0,0.0,0.0,0.0,0.0,6946.4,0.0,55.0,3.0,153.72,0.0,0.0,0.0,0.0,0.0,0.0,1.0,0.0,23.808,23.808,0.0,17.284,0.0,55.0,616.79921,10000.0,85.000001,85.000001,85.000001,85.000001,395.0,0.0,0.0,0.0,1.0,166.665,48.233000000000004,48.233000000000004,70.389,70.389,34.0,8.469999999999999,48.174,0.060000000000002274,27.6,0.0,1759.133,-14.43,100.0,27.241,34.698,19.079,30.46,0.0,0.0,0.0,0.0,0.0,0.0,0.0,2139.625,4297.7,1366.5,2707.6,309.2775,301.914,322.1195,318.88575,25.835,22.3896,25.6956,24.2624,314.999998,314.999998,324.999988,324.999988,99.6424,99.54596666666667,99.6564,99.61148571428572,1.3330000000000002,1.2087500000000002,1.3016666666666667,1.5010000000000001,-4.170000000000002,-4.228333333333332,-8.5815,-3.6635,62.469,40.9355,61.597,52.64,76.897,52.5665,79.321,69.985,73.929,50.311,77.7715,67.8055,71.726,48.908,76.9305,66.51733333333334,-1.1829999999999998,0.9935,0.08558,0.08393,0.0,126.705,129.035,118.2,125.90666666666667,0.0,0.0
477,0.0,0.0,0.0,1.0,1.0,0.0,0.0,1.0,0.0,100.0,1.0,1.1856,26.0,0.0,0.0,0.0,57.999998,100.0,26.0,26.0,26.0,26.0,1.2062222222222223,-2.7939,-0.11795,304.382,-3.1534,-2.127875,-1.8442,-0.7707999999999999,-164.23000000000002,193.89249999999998,188.43775,0.0,0.0,0.0,0.0,0.5357666666666667,-5.498166666666667,-5.498166666666667,0.3185,-0.15200000000000014,0.4447777777777777,0.488,41.285,0.6699,-0.523375,-17.752000000000002,100.0,0.0,0.0,119.34,0.0,0.0,0.0,0.0,0.0,0.0,0.0,6792.0,0.0,55.0,3.0,148.95333333333332,1.0,0.0,0.0,0.0,0.0,0.0,1.0,0.0,23.856,23.856,0.0,17.284,1.0,55.0,616.79921,10000.0,85.000001,85.000001,85.000001,85.000001,395.0,0.0,0.0,0.0,1.0,166.665,48.859,48.859,72.556,72.556,34.0,2.9350000000000023,44.102000000000004,2.7533333333333303,19.4325,0.0,1759.084,-16.49,100.0,26.927,34.471000000000004,17.085,28.985,0.0,0.0,0.0,0.0,0.0,0.0,0.0,2022.0,4115.1,1299.5,2580.7,309.611,302.4216666666667,322.25125,319.1675,25.8392,22.3954,25.7004,24.2678,314.999998,314.999998,324.999988,324.999988,99.6426,99.54623333333333,99.65652857142857,99.61165714285714,1.491,1.3667500000000001,1.4351666666666667,1.6353333333333333,-6.818333333333328,-4.5,-5.928000000000001,-4.6895,62.495,40.9715,61.627,52.674,76.951,52.6965,79.319,70.0195,73.98,50.4345,77.769,67.842,71.77,49.027,76.9245,66.55366666666667,-1.357,1.1640000000000001,0.09348000000000001,0.0776,0.0,119.725,124.77,117.58333333333333,121.09666666666666,0.0,0.0
478,0.0,0.0,0.0,1.0,1.0,0.0,0.0,1.0,0.0,100.0,1.0,1.1856,26.0,0.0,0.0,0.0,57.999998,85.84833333333333,26.0,26.0,26.0,26.0,1.411777777777778,-2.5935,0.0911,304.794,-3.21605,-2.081,-1.8820999999999999,-0.7408,-166.3,193.92000000000002,188.475375,0.0,0.0,0.0,0.0,0.537,-5.498166666666667,-5.498166666666667,0.3211,0.16600000000000004,0.500111111111111,1.883,39.914,0.6923,-0.5172,-19.884,100.0,0.0,0.0,115.35,0.0,0.0,0.0,0.0,0.0,0.0,0.0,6564.8,0.0,55.0,3.0,143.99,0.0,0.0,0.0,0.0,0.0,0.0,1.0,0.0,23.907,23.907,0.0,17.284,0.0,55.0,616.79921,10000.0,85.000001,85.000001,85.000001,85.000001,395.0,0.0,0.0,0.0,1.0,166.665,48.828,48.828,73.303,73.303,34.0,11.439999999999998,62.476,0.8433333333333337,32.36,0.0,1759.033,-18.465,100.0,26.249,34.507,15.493,28.106,0.0,0.0,0.0,0.0,0.0,0.0,0.0,1968.875,4477.7,1154.875,2802.9,309.778,301.52133333333336,322.45325,318.69775,25.8435,22.4016,25.7054,24.2736,314.999998,314.999998,324.999988,324.999988,99.64281428571428,99.54653333333333,99.65665714285714,99.61184285714286,1.6236666666666664,1.504,1.6068333333333333,1.7961666666666667,-3.7916666666666714,-3.594999999999999,-7.4595,-3.3565000000000005,62.522,41.01,61.659,52.71,77.005,52.835,79.315,70.0585,74.03,50.5655,77.7645,67.8825,71.813,49.153,76.9175,66.59366666666666,-1.525,1.3365,0.10108500000000001,0.08473000000000001,0.0,119.205,122.12,111.99,118.70666666666666,0.0,0.0
479,0.0,0.0,0.0,1.0,1.0,0.0,0.0,1.0,0.0,100.0,1.0,1.1856,26.0,0.0,0.0,0.0,57.999998,18.13,26.0,26.0,26.0,26.0,1.734777777777778,-1.5256,-0.035500000000000004,305.756,-3.406,-1.98425,-2.0037000000000003,-0.5854999999999999,-168.31,193.91,188.512875,0.0,0.0,0.0,0.0,0.5381666666666667,-5.498166666666667,-5.498166666666667,0.4238,2.7333333333333334,0.639111111111111,3.0309999999999997,38.935,0.6858000000000001,-0.450875,-24.132,100.0,0.0,0.0,117.01333333333334,0.0,0.0,0.0,0.0,0.0,0.0,0.0,6659.6,0.0,55.0,3.0,140.34333333333333,1.0,0.0,0.0,0.0,0.0,0.0,1.0,0.0,23.958,23.958,0.0,17.284,1.0,55.0,616.79921,10000.0,85.000001,85.000001,85.000001,85.000001,395.0,0.0,0.0,0.0,1.0,333.33500000000004,52.032,52.032,72.556,72.556,34.0,5.502499999999998,83.028,9.236666666666665,64.7475,0.0,1758.981,-19.05,100.0,23.962,34.152,14.085,28.867,0.0,0.0,0.0,0.0,0.0,0.0,0.0,916.625,4207.3,1233.0,3674.7,312.497,302.1623333333333,322.3985,316.7945,25.8475,22.4078,25.7104,24.2795,314.999998,314.999998,324.999988,324.999988,99.6429,99.54671666666667,99.65674285714286,99.612,1.4453333333333336,1.3395000000000001,1.7951666666666668,1.9758333333333333,-1.9733333333333292,-0.625,-2.9684999999999997,-1.1230000000000002,62.547,41.0485,61.69,52.7465,76.996,52.9215,79.295,70.0875,74.021,50.6485,77.745,67.9135,71.802,49.233,76.8955,66.625,-1.561,1.3915,0.09763500000000001,0.08537,0.0,119.61,122.995,115.24666666666667,118.78,0.0,0.0
480,0.0,0.0,0.0,1.0,1.0,0.0,0.0,1.0,0.0,100.0,1.0,1.1856,26.0,0.0,0.0,0.0,57.999998,0.0,26.0,26.0,26.0,26.0,1.444777777777778,0.31200000000000006,-0.04795,307.007,-3.5276,-1.9335,-2.1135,-0.5488999999999999,-170.28,193.85750000000002,188.550125,0.0,0.0,0.0,0.0,0.5393,-5.498166666666667,-5.498166666666667,0.5486,1.5833333333333335,0.7088888888888889,-1.538,38.576,0.6019,-0.36307500000000004,-21.044,100.0,0.0,0.0,121.13666666666667,0.0,0.0,0.0,0.0,0.0,0.0,0.0,6894.3,0.0,55.0,3.0,138.85333333333332,0.0,0.0,0.0,0.0,0.0,0.0,0.0,0.0,24.009,24.009,0.0,17.284,0.0,55.0,616.79921,10000.0,85.000001,85.000001,85.000001,85.000001,395.0,0.0,0.0,0.0,1.0,166.665,57.434,57.434,70.145,70.145,34.0,1.3500000000000014,76.75399999999999,11.506666666666675,66.44749999999999,0.0,1758.932,-23.65,100.0,19.209,31.313,14.617,31.664,0.0,0.0,100.0,0.0,0.0,0.0,0.0,196.5,3754.1,1684.0,3951.3,314.438,303.578,321.46475,316.104,25.8511,22.4137,25.7156,24.2857,314.999998,314.999998,324.999988,324.999988,99.64291428571428,99.54685,99.65681428571429,99.61218571428572,1.7796666666666665,1.70275,1.5978333333333332,1.7918333333333334,-0.26166666666667027,-0.05833333333333002,3.107,1.684,62.57,41.0855,61.722,52.786,76.944,52.9835,79.2575,70.122,73.972,50.708,77.708,67.9505,71.754,49.291,76.857,66.66266666666667,-1.8555,1.7385,0.11023000000000001,0.09888500000000001,0.0,120.36,122.355,121.13666666666667,121.13666666666667,0.0,0.0
481,0.0,0.0,0.0,1.0,1.0,0.0,0.0,1.0,0.0,100.0,1.0,1.1856,26.0,0.0,0.0,0.0,57.999998,0.0,26.0,26.0,26.0,26.0,1.4673333333333334,0.6687000000000001,-0.0241,307.968,-3.40775,-2.2258750000000003,-1.97245,-0.6757,-172.14,193.77,188.5845,0.0,0.0,0.0,0.0,0.5404,-5.498166666666667,-5.498166666666667,0.6308,1.2836666666666667,0.542111111111111,-1.52,38.868,0.6119,-0.2872,-21.914,100.0,0.0,0.0,122.72666666666666,0.0,0.0,0.0,0.0,0.0,0.0,0.0,6984.8,0.0,55.0,3.0,139.87666666666667,1.0,0.0,0.0,0.0,0.0,0.0,0.0,0.0,24.057000000000002,24.057000000000002,0.0,17.284,1.0,55.0,616.79921,10000.0,85.000001,85.000001,85.000001,85.000001,395.0,0.0,0.0,0.0,1.0,166.665,61.859,61.859,67.81,67.81,34.0,4.172499999999999,58.032,14.823333333333338,52.1825,0.0,1758.883,-33.255,100.0,15.959,27.107,17.105,32.731,0.0,0.0,100.0,0.0,0.0,0.0,0.0,419.875,3088.8,2368.0,3587.4,313.958,305.509,319.922,316.9995,25.8545,22.4188,25.7208,24.2916,314.999998,314.999998,324.999988,324.999988,99.64294285714286,99.54701666666666,99.65694285714285,99.61237142857144,2.51,2.472,1.6393333333333333,1.8463333333333334,-0.24499999999999744,-0.15166666666667084,4.111,2.625,62.591,41.1175,61.755,52.8225,76.894,53.0535,79.2595,70.166,73.925,50.775,77.7095,67.9965,71.708,49.356,76.855,66.70866666666667,-2.5975,2.523,0.11309500000000001,0.10204500000000001,0.0,121.16,123.18,122.72666666666666,122.72666666666666,0.0,0.0
482,0.0,0.0,0.0,1.0,1.0,0.0,0.0,1.0,0.0,100.0,1.0,1.1856,26.0,0.0,0.0,0.0,57.999998,0.0,26.0,26.0,26.0,26.0,1.5764444444444443,0.6195000000000002,-0.11155000000000001,308.701,-3.3885,-2.2956250000000002,-2.06405,-0.6369,-174.24,193.6325,188.621625,0.0,0.0,0.0,0.0,0.5416333333333333,-5.498166666666667,-5.498166666666667,0.6536000000000001,-0.06933333333333325,0.6162222222222222,1.843,39.192,0.6576000000000001,-0.22157500000000002,-24.932000000000002,100.0,0.0,0.0,124.32,0.0,0.0,0.0,0.0,0.0,0.0,0.0,7075.4,0.0,55.0,3.0,141.05,0.0,0.0,0.0,0.0,0.0,0.0,0.0,0.0,24.111,24.111,0.0,17.284,0.0,55.0,616.79921,10000.0,85.000001,85.000001,85.000001,85.000001,395.0,0.0,0.0,0.0,1.0,166.665,64.224,64.224,67.657,67.657,34.0,2.657499999999999,52.57,8.36,53.6075,0.0,1758.83,-45.455,100.0,13.270999999999999,23.977,18.421,33.85,0.0,0.0,100.0,0.0,0.0,0.0,0.0,291.5,3512.6,1650.0,3833.2,314.257,304.506,321.475,316.40725,25.8583,22.4244,25.7265,24.2982,314.999998,314.999998,324.999988,324.999988,99.64295714285714,99.54723333333334,99.65708571428571,99.61258571428571,3.317,3.303,1.7556666666666667,1.9595,-0.269999999999996,-0.18500000000000227,4.7045,3.0285,62.614,41.1525,61.791,52.864,76.84,53.157,79.26050000000001,70.2205,73.873,50.873,77.7095,68.052,71.658,49.4495,76.8515,66.76433333333333,-3.5015,3.4645,0.11604500000000001,0.11257,0.0,121.87,124.125,124.32,124.32,0.0,0.0
483,0.0,0.0,0.0,1.0,1.0,0.0,0.0,1.0,0.0,100.0,1.0,1.1856,26.0,0.0,0.0,0.0,57.999998,69.2,26.0,26.0,26.0,26.0,1.6966666666666668,-1.7515,-0.06810000000000001,308.411,-3.4394,-2.25325,-2.15355,-0.5603,-176.1,193.47,188.652625,0.0,0.0,0.0,0.0,0.5427333333333333,-5.498166666666667,-5.498166666666667,0.5552,-4.981333333333333,0.7198888888888888,1.275,38.655,0.5846,-0.258475,-23.558,100.0,0.0,0.0,114.16666666666666,0.0,0.0,0.0,0.0,0.0,0.0,0.0,6497.5,0.0,55.0,3.0,139.36666666666667,1.0,0.0,0.0,0.0,0.0,0.0,0.0,0.0,24.159,24.159,0.0,17.284,1.0,55.0,616.79921,10000.0,85.000001,85.000001,85.000001,85.000001,395.0,0.0,0.0,0.0,1.0,166.665,61.951,61.951,69.29,69.29,34.0,-0.24499999999999744,21.387999999999998,4.186666666666667,51.175000000000004,0.0,1758.781,-50.629999999999995,100.0,12.805,24.874,17.276,35.126,0.0,0.0,0.0,0.0,0.0,0.0,0.0,507.375,4156.2,890.875,3302.6,313.648,302.585,322.98525,317.4855,25.8616,22.4297,25.7313,24.3041,314.999998,314.999998,324.999988,324.999988,99.64301428571429,99.54758333333334,99.65715714285714,99.61277142857143,3.7540000000000004,3.7337499999999997,1.6621666666666668,1.833,-19.661666666666665,-4.586666666666666,-4.0840000000000005,-2.045,62.635,41.186,61.821,52.901,76.822,53.316,79.233,70.263,73.856,51.022999999999996,77.682,68.097,71.639,49.5935,76.8225,66.80933333333333,-3.9625000000000004,3.9255,0.09449,0.08446000000000001,0.0,98.135,116.78,111.92333333333333,116.40666666666667,0.0,0.0
484,0.0,0.0,0.0,1.0,1.0,0.0,0.0,1.0,0.0,100.0,1.0,1.1856,26.0,0.0,0.0,0.0,57.999998,70.70333333333333,26.0,26.0,26.0,26.0,2.0504444444444445,-1.9889000000000001,0.024050000000000002,307.587,-3.42995,-2.214,-2.1525499999999997,-0.481,-177.93,193.2725,188.681625,0.0,0.0,0.0,0.0,0.5438333333333333,-5.498166666666667,-5.498166666666667,0.36970000000000003,-2.732666666666667,0.7282222222222221,2.0650000000000004,37.708,0.6071000000000001,-0.36052500000000004,-32.644000000000005,10.0,0.0,0.0,109.52666666666667,0.0,0.0,0.0,0.0,0.0,0.0,0.0,6566.9,0.0,55.0,0.0,135.98666666666668,0.0,0.0,0.0,0.0,0.0,0.0,0.0,0.0,24.207,24.207,0.0,17.284,0.0,55.0,616.79921,10000.0,85.000001,85.000001,85.000001,85.000001,395.0,0.0,0.0,0.0,1.0,166.665,57.144,57.144,71.655,71.655,34.0,2.155000000000001,32.588,0.7533333333333303,43.77,0.0,1758.733,-54.06,100.0,15.311,27.847,14.508,33.021,0.0,0.0,55.0,0.0,0.0,0.0,0.0,1456.625,4915.3,849.75,3079.3,311.196,300.112,323.196,318.14075,25.8651,22.4357,25.7359,24.3096,314.999998,314.999998,324.999988,324.999988,99.64317142857143,99.54805,99.65721428571429,99.61292857142857,3.697,3.6955,2.0506666666666664,2.2183333333333337,-6.50333333333333,-4.283333333333331,-7.233499999999999,-2.4314999999999998,62.657,41.223,61.849000000000004,52.935,76.867,53.5285,79.2035,70.2915,73.898,51.2235,77.6535,68.1275,71.674,49.785,76.792,66.84066666666666,-4.296,4.221500000000001,0.095515,0.07791000000000001,0.0,108.815,114.85,105.43666666666667,113.61666666666666,0.0,0.0
485,0.0,0.0,0.0,1.0,1.0,0.0,0.0,1.0,0.0,100.0,1.0,1.1856,26.0,0.0,0.0,0.0,57.999998,19.286666666666665,26.0,26.0,26.0,26.0,2.1444444444444444,-0.9989,-0.193,308.334,-3.5890500000000003,-1.9533749999999999,-2.23985,-0.3859,-179.92000000000002,193.0025,188.714125,0.0,0.0,0.0,0.0,0.545,-5.498166666666667,-5.498166666666667,0.3922,1.9586666666666668,0.8684444444444444,1.0580000000000003,36.903,0.8629,-0.3514,-43.74,0.0,0.0,0.0,109.94666666666666,0.0,0.0,0.0,0.0,0.0,0.0,0.0,8373.9,0.0,55.0,0.0,132.99666666666667,1.0,0.0,0.0,0.0,0.0,0.0,0.0,0.0,24.261,24.261,0.0,17.284,1.0,55.0,616.79921,10000.0,85.000001,85.000001,85.000001,85.000001,395.0,0.0,0.0,0.0,1.0,166.665,58.395,58.395,71.67099999999999,71.67099999999999,34.0,0.017499999999998295,80.21000000000001,2.606666666666669,54.1825,0.0,1758.68,-46.72,100.0,15.854,30.285,12.239999999999998,32.893,0.0,0.0,19.25,0.0,0.0,0.0,0.0,19.625,4508.2,801.0,3553.1,314.732,301.10566666666665,323.39675,317.1255,25.8689,22.4426,25.7411,24.3158,314.999998,314.999998,324.999988,324.999988,99.64327142857142,99.54846666666667,99.65728571428572,99.61314285714286,3.039666666666667,3.0084999999999997,2.9596666666666667,3.0726666666666667,-7.243333333333332,-0.953333333333326,-5.27,-0.6970000000000001,62.68,41.2665,61.882,52.974000000000004,76.867,53.7175,79.1685,70.3425,73.897,51.403,77.619,68.181,71.669,49.958,76.7555,66.89466666666667,-3.795,3.7039999999999997,0.09809000000000001,0.090185,0.0,105.615,116.985,106.12333333333333,113.77,0.0,0.0
486,0.0,0.0,0.0,1.0,1.0,0.0,0.0,1.0,0.0,100.0,1.0,1.1856,26.0,0.0,0.0,0.0,57.999998,3.961666666666666,26.0,26.0,26.0,26.0,2.4163333333333337,-0.9961,0.03355,308.136,-3.755,-1.853375,-2.2954499999999998,-0.24309999999999998,-181.55,192.73250000000002,188.74,0.0,0.0,0.0,0.0,0.5459666666666667,-5.498166666666667,-5.498166666666667,0.4882,0.9363333333333334,0.9356666666666666,3.41,36.617,1.0439,-0.2791,-39.160000000000004,81.5,0.0,0.0,109.61,0.0,0.0,0.0,0.0,0.0,0.0,0.0,8021.8,0.0,55.0,2.0,131.87333333333333,0.0,0.0,0.0,0.0,0.0,0.0,0.0,0.0,24.306,24.306,0.0,17.284,0.0,55.0,616.79921,10000.0,85.000001,85.000001,85.000001,85.000001,395.0,0.0,0.0,0.0,1.0,166.665,61.356,61.356,69.0,69.0,34.0,0.0,75.82600000000001,16.230000000000004,62.4225,0.0,1758.634,-43.355000000000004,100.0,13.975999999999999,29.176000000000002,12.399000000000001,34.861,0.0,0.0,0.0,0.0,0.0,0.0,0.0,0.0,4358.6,1480.875,4555.1,315.0,301.897,321.77925,314.8725,25.872,22.4481,25.7454,24.3214,314.999998,314.999998,324.999988,324.999988,99.64327142857142,99.54873333333333,99.65735714285714,99.6134,0.0,3.1420000000000003,3.107,3.2265,0.0,-0.1566666666666663,2.138,2.529,62.7,41.3005,61.909,53.0085,76.807,53.833,79.148,70.421,73.84,51.5135,77.5985,68.262,71.616,50.065,76.733,66.97566666666667,-3.4530000000000003,3.3735,0.10493500000000001,0.08994,0.0,99.93,116.655,109.33,109.89333333333333,0.0,0.0
487,0.0,0.0,0.0,1.0,1.0,0.0,0.0,1.0,0.0,100.0,1.0,1.1856,26.0,0.0,0.0,0.0,57.999998,0.0,26.0,26.0,26.0,26.0,1.956777777777778,-0.643,0.0047,308.502,-3.71225,-1.899,-2.38415,-0.3282999999999999,-183.48000000000002,192.3525,188.771625,0.0,0.0,0.0,0.0,0.5471333333333334,-5.498166666666667,-5.498166666666667,0.522,0.2283333333333334,0.9319999999999999,-4.763,36.403999999999996,1.1781000000000001,-0.27455,-35.088,86.9,0.0,0.0,109.55,0.0,0.0,0.0,0.0,0.0,0.0,0.0,8265.2,0.0,55.0,2.0,131.09,1.0,0.0,0.0,0.0,0.0,0.0,0.0,0.0,24.36,24.36,0.0,17.284,1.0,55.0,616.79921,10000.0,85.000001,85.000001,85.000001,85.000001,395.0,0.0,0.0,0.0,1.0,166.665,62.515,62.515,68.924,68.924,34.0,0.0,57.56,13.540000000000006,44.472500000000004,0.0,1758.58,-46.05,100.0,13.116999999999999,28.393,12.678999999999998,37.055,0.0,0.0,13.966666666666661,0.0,0.0,0.0,0.0,0.0,4205.4,1427.0,3830.1000000000004,315.0,302.1073333333333,322.12825,316.2665,25.8756,22.4548,25.7505,24.3281,314.999998,314.999998,324.999988,324.999988,99.64327142857142,99.54906666666666,99.65744285714285,99.61374285714285,0.0,3.7279999999999998,3.217,3.3521666666666667,0.0,-0.0049999999999954525,2.6494999999999997,3.026,62.723,41.3425,61.941,53.0505,76.736,53.991,79.122,70.531,73.773,51.664500000000004,77.572,68.374,71.551,50.2115,76.704,67.08866666666667,-3.589,3.532,0.09954500000000001,0.09448500000000001,0.0,99.215,115.85,109.37333333333333,109.72666666666666,0.0,0.0
488,0.0,0.0,0.0,1.0,1.0,0.0,0.0,1.0,0.0,100.0,1.0,1.1856,26.0,0.0,0.0,0.0,57.999998,6.30833333333333,26.0,26.0,26.0,26.0,2.3738888888888887,0.1522000000000001,-0.09725,308.09,-3.6264000000000003,-2.034875,-2.31665,-0.3948999999999999,-185.29,191.9425,188.800875,0.0,0.0,0.0,0.0,0.5482333333333334,-5.498166666666667,-5.498166666666667,0.5322,-1.3466666666666667,0.8583333333333332,3.9350000000000005,36.219,1.1291,-0.24352500000000002,-30.75,92.0,0.0,0.0,113.11666666666666,0.0,0.0,0.0,0.0,0.0,0.0,0.0,7523.1,0.0,55.0,2.0,130.56333333333333,0.0,0.0,0.0,0.0,0.0,0.0,0.0,0.0,24.411,24.411,0.0,17.284,0.0,55.0,616.79921,10000.0,85.000001,85.000001,85.000001,85.000001,395.0,0.0,0.0,0.0,1.0,166.665,62.012,62.012,68.893,68.893,34.0,0.0,43.698,17.340000000000003,27.005,0.0,1758.529,-49.99,100.0,12.177,27.157,13.969000000000001,36.498,0.0,0.0,0.0,0.0,0.0,0.0,0.0,0.0,4240.8,1418.125,3706.5,315.0,302.2783333333333,321.8765,316.6595,25.8791,22.4609,25.7555,24.3342,314.999998,314.999998,324.999988,324.999988,99.64328571428571,99.54943333333334,99.65754285714286,99.61402857142858,0.0,4.138,2.9448333333333334,3.0995,0.0,-0.48166666666666913,-1.1870000000000003,-4.442,62.744,41.3805,61.972,53.0885,76.671,54.1525,79.1135,70.616,73.713,51.8185,77.563,68.461,71.493,50.3595,76.6915,67.17566666666667,-3.9035,3.856,0.10597000000000001,0.09224500000000001,0.0,95.485,114.69,111.71333333333334,114.51666666666667,0.0,0.0
489,0.0,0.0,0.0,1.0,1.0,0.0,0.0,1.0,0.0,100.0,1.0,1.1856,26.0,0.0,0.0,0.0,57.999998,1.81666666666667,26.0,26.0,26.0,26.0,2.2704444444444443,-1.0108,-0.08205,307.892,-3.75735,-1.8638750000000002,-2.4776,-0.22409999999999997,-186.86,191.5375,188.82625,0.0,0.0,0.0,0.0,0.5492,-5.498166666666667,-5.498166666666667,0.5087,-0.10299999999999998,0.996,0.5009999999999999,36.035,0.9961000000000001,-0.267125,-32.926,96.5,0.0,0.0,106.4,0.0,0.0,0.0,0.0,0.0,0.0,0.0,7712.0,0.0,55.0,2.0,129.76333333333332,1.0,0.0,0.0,0.0,0.0,0.0,0.0,0.0,24.456,24.456,0.0,17.284,1.0,55.0,616.79921,10000.0,85.000001,85.000001,85.000001,85.000001,395.0,0.0,0.0,0.0,1.0,333.33500000000004,61.6,61.6,68.756,68.756,34.0,0.0,54.234,9.790000000000006,61.005,0.0,1758.483,-52.88,100.0,11.74,27.887999999999998,13.215,37.351,0.0,0.0,0.0,0.0,0.0,0.0,0.0,0.0,4885.1,946.375,4226.8,315.0,300.2033333333333,323.0745,315.6175,25.8821,22.4666,25.7597,24.3398,314.999998,314.999998,324.999988,324.999988,99.64328571428571,99.5498,99.6576,99.6143,0.0,4.1690000000000005,2.8505000000000003,2.9898333333333333,0.0,-0.12333333333332774,1.5145,2.43,62.763,41.4165,61.998,53.1235,76.612,54.32,79.0835,70.7015,73.657,51.9775,77.533,68.549,71.44,50.5135,76.66,67.26366666666667,-4.1745,4.1195,0.10126500000000001,0.09538500000000001,0.0,93.275,114.4,106.58666666666667,106.21000000000001,0.0,0.0
490,0.0,0.0,0.0,1.0,1.0,0.0,0.0,1.0,0.0,100.0,1.0,1.1856,26.0,0.0,0.0,0.0,57.999998,0.0,26.0,26.0,26.0,26.0,1.8916666666666666,0.044499999999999984,-0.13665,308.975,-3.63795,-1.93975,-2.29465,-0.4112,-188.62,191.0275,188.85575,0.0,0.0,0.0,0.0,0.5502666666666667,-5.498166666666667,-5.498166666666667,0.5171,-0.18966666666666687,0.8442222222222222,-4.29,35.893,1.0259,-0.26427500000000004,-33.24,100.0,0.0,0.0,110.72666666666666,0.0,0.0,0.0,0.0,0.0,0.0,0.0,7846.4,0.0,55.0,2.0,129.27666666666667,0.0,0.0,0.0,0.0,0.0,0.0,1.0,0.0,24.506999999999998,24.506999999999998,0.0,17.284,0.0,55.0,616.79921,10000.0,85.000001,85.000001,85.000001,85.000001,395.0,0.0,0.0,0.0,1.0,333.33500000000004,63.858,63.858,68.588,68.588,34.0,0.0,39.032,18.010000000000005,50.445,0.0,1758.432,-52.925,100.0,11.273,26.896,13.89,37.236000000000004,0.0,0.0,10.168333333333337,0.0,0.0,0.0,0.0,0.0,3930.1000000000004,1507.0,3330.1,315.0,303.2076666666667,321.79125,317.48525,25.8855,22.473,25.7646,24.3461,314.999998,314.999998,324.999988,324.999988,99.64328571428571,99.5502,99.65768571428572,99.6146,0.0,4.2,2.9601666666666664,3.1108333333333333,0.0,-0.14333333333333087,1.4975,0.6194999999999999,62.784,41.456,62.028999999999996,53.163,76.546,54.496,79.0615,70.79,73.595,52.145,77.511,68.6395,71.381,50.6755,76.63550000000001,67.355,-4.175000000000001,4.135,0.11044500000000002,0.09829500000000001,0.0,93.025,114.13,109.84,111.61333333333333,0.0,0.0
491,0.0,0.0,0.0,1.0,1.0,0.0,0.0,1.0,0.0,100.0,1.0,1.1856,26.0,0.0,0.0,0.0,57.999998,0.0,26.0,26.0,26.0,26.0,2.2904444444444443,-0.33509999999999995,-0.15130000000000002,309.021,-3.57395,-2.111625,-2.28315,-0.3991,-190.47,190.435,188.885125,0.0,0.0,0.0,0.0,0.5514,-5.498166666666667,-5.498166666666667,0.5006,-1.8833333333333337,0.8258888888888889,5.466,35.737,0.9680000000000001,-0.22575,-29.432,100.0,0.0,0.0,108.59333333333333,0.0,0.0,0.0,0.0,0.0,0.0,0.0,7695.2,0.0,55.0,2.0,128.74666666666667,1.0,0.0,0.0,0.0,0.0,0.0,1.0,0.0,24.561,24.561,0.0,17.284,1.0,55.0,616.79921,10000.0,85.000001,85.000001,85.000001,85.000001,395.0,0.0,0.0,0.0,1.0,166.665,63.828,63.828,69.214,69.214,34.0,0.0,31.168,13.486666666666665,62.1975,0.0,1758.379,-56.775,100.0,11.113,25.441,14.701,36.144,0.0,0.0,0.0,0.0,0.0,0.0,0.0,0.0,4153.2,1094.375,3710.5,315.0,302.83233333333334,322.5235,316.66475,25.8891,22.4794,25.7698,24.3525,314.999998,314.999998,324.999988,324.999988,99.64328571428571,99.55058333333334,99.65778571428571,99.61484285714286,0.0,4.5295000000000005,2.6606666666666667,2.8115,0.0,-0.05333333333332746,-0.47350000000000003,-0.5720000000000001,62.807,41.496,62.061,53.203,76.481,54.6715,79.0435,70.8505,73.533,52.3115,77.4925,68.703,71.322,50.835499999999996,76.6145,67.41833333333334,-4.447,4.4195,0.10114000000000001,0.086915,0.0,94.175,113.43,107.48,109.70333333333333,0.0,0.0
492,0.0,0.0,0.0,1.0,1.0,0.0,0.0,1.0,0.0,100.0,1.0,1.1856,26.0,0.0,0.0,0.0,57.999998,0.0,26.0,26.0,26.0,26.0,1.960888888888889,-0.28879999999999995,-0.04295,308.701,-3.6213,-1.8215,-2.39605,-0.21189999999999998,-191.98000000000002,189.9,188.90825,0.0,0.0,0.0,0.0,0.5523666666666667,-5.498166666666667,-5.498166666666667,0.45730000000000004,-0.982,0.9317777777777778,-2.319,35.566,0.8753000000000001,-0.241075,-30.814,100.0,0.0,0.0,108.47,0.0,0.0,0.0,0.0,0.0,0.0,0.0,7686.6,0.0,55.0,2.0,128.11666666666667,0.0,0.0,0.0,0.0,0.0,0.0,1.0,0.0,24.606,24.606,0.0,17.284,0.0,55.0,616.79921,10000.0,85.000001,85.000001,85.000001,85.000001,395.0,0.0,0.0,0.0,1.0,166.665,63.644,63.644,69.397,69.397,34.0,0.0,36.12,14.150000000000006,75.5925,0.0,1758.334,-59.15,100.0,11.165,26.15,13.492999999999999,36.966,0.0,0.0,5.12166666666667,0.0,0.0,0.0,0.0,0.0,4814.700000000001,1195.875,4256.1,315.0,302.0423333333333,322.60475,315.50375,25.892,22.4851,25.7739,24.3581,314.999998,314.999998,324.999988,324.999988,99.64328571428571,99.55096666666667,99.65782857142857,99.61504285714285,0.0,4.6075,2.6196666666666664,2.787,0.0,-0.09833333333332916,-0.3965000000000001,-0.20350000000000001,62.825,41.532,62.087,53.238,76.423,54.843,79.00450000000001,70.9055,73.479,52.4745,77.454,68.76,71.27,50.9925,76.575,67.47633333333333,-4.651,4.6195,0.10905000000000001,0.09570500000000001,0.0,94.175,112.925,107.23666666666666,109.70333333333333,0.0,0.0
493,0.0,0.0,0.0,1.0,1.0,0.0,0.0,1.0,0.0,100.0,1.0,1.1856,26.0,0.0,0.0,0.0,57.999998,0.0,26.0,26.0,26.0,26.0,1.8946666666666667,-0.08429999999999993,-0.053500000000000006,308.502,-3.5675,-2.13025,-2.24725,-0.45709999999999995,-193.67000000000002,189.25,188.935125,0.0,0.0,0.0,0.0,0.5534333333333333,-5.498166666666667,-5.498166666666667,0.4651,-0.46433333333333326,0.8145555555555557,0.6150000000000002,35.413,0.8249000000000001,-0.24172500000000002,-31.248,100.0,0.0,0.0,109.16333333333333,0.0,0.0,0.0,0.0,0.0,0.0,0.0,7735.7,0.0,55.0,2.0,127.53999999999999,1.0,0.0,0.0,0.0,0.0,0.0,1.0,0.0,24.657,24.657,0.0,17.284,1.0,55.0,616.79921,10000.0,85.000001,85.000001,85.000001,85.000001,395.0,0.0,0.0,0.0,1.0,333.33500000000004,62.897,62.897,68.80199999999999,68.80199999999999,34.0,-0.007500000000000284,31.508,18.760000000000005,59.21,0.0,1758.281,-59.775,100.0,11.903,26.38,14.43,36.399,0.0,0.0,16.043333333333337,0.0,0.0,0.0,0.0,43.125,4101.0,1507.625,3477.9,314.9935,302.708,321.8305,317.1745,25.8954,22.4915,25.7788,24.3643,314.999998,314.999998,324.999988,324.999988,99.64331428571428,99.55138333333333,99.6579,99.61525714285715,4.499666666666667,4.5015,2.5325,2.6981666666666664,-8.598333333333336,-0.10000000000000142,1.052,0.42599999999999993,62.846000000000004,41.5715,62.117,53.2765,76.383,55.0275,78.981,70.958,73.441,52.649,77.431,68.8145,71.232,51.16,76.5495,67.531,-4.721,4.6845,0.11167,0.094365,0.0,100.775,112.495,108.33666666666667,109.99333333333334,0.0,0.0
494,0.0,0.0,0.0,1.0,1.0,0.0,0.0,1.0,0.0,100.0,1.0,1.1856,26.0,0.0,0.0,0.0,57.999998,0.0,26.0,26.0,26.0,26.0,2.1256666666666666,0.21910000000000007,0.027600000000000003,307.617,-3.55265,-2.129875,-2.56815,-0.5528,-195.32999999999998,188.55,188.960875,0.0,0.0,0.0,0.0,0.5544666666666668,-5.498166666666667,-5.498166666666667,0.4844,0.2706666666666666,0.8364444444444443,-3.442,35.36,0.7989,-0.21685000000000001,-31.056,100.0,0.0,0.0,109.84333333333333,0.0,0.0,0.0,0.0,0.0,0.0,0.0,7783.8,0.0,55.0,2.0,127.30666666666667,0.0,0.0,0.0,0.0,0.0,0.0,1.0,0.0,24.708,24.708,0.0,17.284,0.0,55.0,616.79921,10000.0,85.000001,85.000001,85.000001,85.000001,395.0,0.0,0.0,0.0,1.0,333.33500000000004,63.446,63.446,66.788,66.788,34.0,0.0,28.346,28.510000000000005,69.7475,0.0,1758.231,-61.24,100.0,11.562999999999999,26.148,14.402999999999999,37.376,0.0,0.0,22.391666666666666,0.0,0.0,0.0,0.0,0.0,4115.8,2639.625,3940.4,315.0,302.44666666666666,320.21525,315.50775,25.8987,22.4978,25.7835,24.3705,314.999998,314.999998,324.999988,324.999988,99.64331428571428,99.55178333333333,99.65797142857143,99.61545714285714,0.0,4.6195,2.5118333333333336,2.6958333333333337,0.0,-0.15333333333332888,2.5215,1.077,62.867,41.6115,62.147,53.316,76.319,55.2095,78.952,71.013,73.38,52.8215,77.4015,68.872,71.174,51.3255,76.5185,67.58933333333333,-4.8355,4.812,0.10955000000000001,0.094265,0.0,101.045,112.295,109.08666666666667,110.6,0.0,0.0
495,0.0,0.0,0.0,1.0,1.0,0.0,0.0,1.0,0.0,100.0,1.0,1.1856,26.0,0.0,0.0,0.0,57.999998,0.0,26.0,26.0,26.0,26.0,1.8343333333333334,0.08160000000000012,-0.10540000000000001,308.96,-3.37245,-2.327125,-2.19285,-0.5287999999999999,-196.88,187.8525,188.9845,0.0,0.0,0.0,0.0,0.5554666666666668,-5.498166666666667,-5.498166666666667,0.4728,-1.6596666666666664,0.7263333333333333,-0.554,35.399,0.8184,-0.18835000000000002,-27.604000000000003,100.0,0.0,0.0,109.13,0.0,0.0,0.0,0.0,0.0,0.0,0.0,7733.4,0.0,55.0,2.0,127.47,1.0,0.0,0.0,0.0,0.0,0.0,1.0,0.0,24.756,24.756,0.0,17.284,1.0,55.0,616.79921,10000.0,85.000001,85.000001,85.000001,85.000001,395.0,0.0,0.0,0.0,1.0,166.665,65.735,65.735,67.459,67.459,34.0,0.0,13.812000000000001,24.96333333333334,63.63,0.0,1758.184,-62.945,100.0,11.12,24.006,16.377,36.729,0.0,0.0,12.656666666666666,0.0,0.0,0.0,0.0,0.0,3355.4,1941.125,3652.1,315.0,304.93,320.88825,316.81175,25.9017,22.5034,25.7882,24.3763,314.999998,314.999998,324.999988,324.999988,99.64331428571428,99.55211666666666,99.65805714285715,99.61565714285715,0.0,4.9197500000000005,2.4045,2.5808333333333335,0.0,-0.11666666666666714,1.3465,0.6815,62.886,41.6465,62.176,53.352,76.257,55.3625,78.937,71.06,73.322,52.966,77.387,68.921,71.119,51.463499999999996,76.501,67.63833333333334,-4.9615,4.9485,0.11066000000000001,0.09541000000000001,0.0,101.045,112.185,108.36333333333333,109.9,0.0,0.0
496,0.0,0.0,0.0,1.0,1.0,0.0,0.0,1.0,0.0,100.0,1.0,1.1856,26.0,0.0,0.0,0.0,57.999998,0.0,26.0,26.0,26.0,26.0,1.9043333333333337,-0.19140000000000001,-0.0733,308.99,-3.6897,-2.385,-2.2199,-0.5287,-198.6,187.025,189.008875,0.0,0.0,0.0,0.0,0.5566,-5.498166666666667,-5.498166666666667,0.3242,-2.96,0.7586666666666668,0.6970000000000001,35.309,0.7204,-0.24495,-28.218000000000004,100.0,0.0,0.0,109.03666666666666,0.0,0.0,0.0,0.0,0.0,0.0,0.0,7726.6,0.0,55.0,2.0,127.17,0.0,0.0,0.0,0.0,0.0,0.0,1.0,0.0,24.810000000000002,24.810000000000002,0.0,17.284,0.0,55.0,616.79921,10000.0,85.000001,85.000001,85.000001,85.000001,395.0,0.0,0.0,0.0,1.0,166.665,63.873,63.873,69.168,69.168,34.0,0.9725000000000037,14.718,13.689999999999998,56.765,0.0,1758.131,-66.625,100.0,10.794,23.986,16.369999999999997,36.164,0.0,0.0,25.416666666666664,0.0,0.0,0.0,0.0,758.0,3894.2,1210.875,3243.2,313.3735,303.15766666666667,322.368,317.65175,25.9051,22.509900000000002,25.7932,24.3828,314.999998,314.999998,324.999988,324.999988,99.64334285714285,99.55253333333333,99.65812857142858,99.61585714285714,4.978,5.0155,2.2283333333333335,2.4028333333333336,-4.478333333333332,-0.15166666666667084,1.246,0.4555,62.907,41.687,62.208,53.3925,76.207,55.5555,78.9075,71.102,73.275,53.1475,77.3575,68.9655,71.072,51.6365,76.4695,67.68333333333334,-5.218,5.208,0.10205,0.08775000000000001,0.0,105.64,111.805,108.47333333333333,109.59666666666666,0.0,0.0
497,0.0,0.0,0.0,1.0,1.0,0.0,0.0,1.0,0.0,100.0,1.0,1.1856,26.0,0.0,0.0,0.0,57.999998,0.0,26.0,26.0,26.0,26.0,1.6767777777777777,0.22530000000000006,-0.19625,310.318,-3.3476,-2.323375,-2.19935,-0.4639,-200.11,186.25,189.028375,0.0,0.0,0.0,0.0,0.5576,-5.498166666666667,-5.498166666666667,0.2786,-0.4886666666666668,0.8018888888888889,-0.562,35.333,0.79,-0.216375,-31.59,100.0,0.0,0.0,110.63666666666666,0.0,0.0,0.0,0.0,0.0,0.0,0.0,7840.0,0.0,55.0,2.0,127.21666666666667,1.0,0.0,0.0,0.0,0.0,0.0,1.0,0.0,24.858,24.858,0.0,17.284,1.0,55.0,616.79921,10000.0,85.000001,85.000001,85.000001,85.000001,395.0,0.0,0.0,0.0,1.0,166.665,65.979,65.979,70.007,70.007,34.0,0.0,14.854,8.829999999999998,57.955,0.0,1758.082,-65.105,100.0,10.923,23.574,15.423,35.184,0.0,0.0,30.75,0.0,0.0,0.0,0.0,0.0,3427.3,1162.75,3527.8,315.0,304.585,322.53625,317.0895,25.9081,22.5158,25.7976,24.3885,314.999998,314.999998,324.999988,324.999988,99.64335714285714,99.5529,99.65818571428571,99.61602857142857,0.0,4.8935,2.4921666666666664,2.6635,0.0,-0.20666666666667055,3.681,1.3195000000000001,62.926,41.7235,62.235,53.428,76.164,55.7235,78.879,71.1405,73.235,53.306,77.3295,69.006,71.033,51.7875,76.44,67.724,-5.173,5.156000000000001,0.11628000000000001,0.09909000000000001,0.0,108.245,112.115,110.63666666666666,110.63666666666666,0.0,0.0
498,0.0,0.0,0.0,1.0,1.0,0.0,0.0,1.0,0.0,100.0,1.0,1.1856,26.0,0.0,0.0,0.0,57.999998,0.0,26.0,26.0,26.0,26.0,1.9746666666666668,0.09840000000000004,-0.0782,309.616,-3.37915,-2.3840000000000003,-2.1173,-0.5470999999999999,-201.6,185.4375,189.04525,0.0,0.0,0.0,0.0,0.5585666666666668,-5.498166666666667,-5.498166666666667,0.2306,-2.0243333333333338,0.7938888888888889,1.9729999999999999,35.408,0.8043,-0.2157,-28.64,100.0,0.0,0.0,109.83666666666667,0.0,0.0,0.0,0.0,0.0,0.0,0.0,7783.5,0.0,55.0,2.0,127.5,0.0,0.0,0.0,0.0,0.0,0.0,1.0,0.0,24.906,24.906,0.0,17.284,0.0,55.0,616.79921,10000.0,85.000001,85.000001,85.000001,85.000001,395.0,0.0,0.0,0.0,1.0,333.33500000000004,65.399,65.399,68.375,68.375,34.0,0.4399999999999977,6.445999999999998,16.126666666666665,57.6625,0.0,1758.032,-70.5,100.0,10.42,22.927,16.133,35.658,0.0,0.0,19.966666666666665,0.0,0.0,0.0,0.0,207.125,3883.1000000000004,1391.5,3397.0,314.5825,303.399,321.616,317.33325,25.9111,22.5215,25.8021,24.3943,314.999998,314.999998,324.999988,324.999988,99.64335714285714,99.55326666666667,99.65828571428571,99.61622857142856,5.344333333333333,5.373,2.3918333333333335,2.5473333333333334,-1.1099999999999994,-0.18500000000000227,2.07,0.9744999999999999,62.945,41.759,62.263,53.4645,76.109,55.8875,78.867,71.191,73.183,53.4605,77.31700000000001,69.05799999999999,70.983,51.934,76.425,67.77633333333333,-5.491,5.486000000000001,0.10754000000000001,0.09170500000000001,0.0,108.705,112.085,109.38333333333333,110.29333333333334,0.0,0.0
499,0.0,0.0,0.0,1.0,1.0,0.0,0.0,1.0,0.0,100.0,1.0,1.1856,26.0,0.0,0.0,0.0,57.999998,0.0,26.0,26.0,26.0,26.0,2.0442222222222224,0.13180000000000014,-0.1043,308.716,-3.4194,-2.29275,-2.2948000000000004,-0.38239999999999996,-203.16,184.53,189.063125,0.0,0.0,0.0,0.0,0.5596333333333333,-5.498166666666667,-5.498166666666667,0.2545,2.961333333333333,0.9723333333333333,3.0629999999999997,35.428,0.7907000000000001,-0.221475,-36.296,100.0,0.0,0.0,111.65666666666667,0.0,0.0,0.0,0.0,0.0,0.0,0.0,7912.4,0.0,55.0,2.0,127.56333333333333,1.0,0.0,0.0,0.0,0.0,0.0,1.0,0.0,24.957,24.957,0.0,17.284,1.0,55.0,616.79921,10000.0,85.000001,85.000001,85.000001,85.000001,395.0,0.0,0.0,0.0,1.0,166.665,62.897,62.897,69.824,69.824,34.0,1.0225000000000009,11.232,3.759999999999998,61.7775,0.0,1757.983,-73.295,100.0,11.516,24.865,15.187,35.857,0.0,0.0,46.193333333333335,0.0,0.0,0.0,0.0,243.0,4445.5,655.75,3843.0,313.848,301.4053333333333,323.577,316.4705,25.9143,22.5282,25.8068,24.4005,314.999998,314.999998,324.999988,324.999988,99.64342857142857,99.55376666666666,99.65834285714286,99.61642857142857,5.26,5.2825,2.6346666666666665,2.779166666666667,-0.1216666666666697,-0.30333333333332746,4.256,1.5785,62.964,41.801,62.292,53.503,76.092,56.112,78.8385,71.2415,73.166,53.672,77.2885,69.111,70.965,52.1355,76.3945,67.82933333333334,-5.785,5.777,0.10928500000000001,0.09619000000000001,0.0,109.685,112.57,111.65666666666667,111.65666666666667,0.0,0.0
500,0.0,0.0,0.0,1.0,1.0,0.0,0.0,1.0,0.0,100.0,1.0,1.1856,26.0,0.0,0.0,0.0,57.999998,0.0,26.0,26.0,26.0,26.0,2.334,0.29059999999999997,-0.10160000000000001,309.235,-3.6382,-2.575375,-2.3425000000000002,-0.4075,-204.7,183.5775,189.082,0.0,0.0,0.0,0.0,0.5607,-5.498166666666667,-5.498166666666667,0.4091,-0.21366666666666667,0.9747777777777777,3.1370000000000005,35.559,0.8804000000000001,-0.140025,-29.818,100.0,0.0,0.0,109.50666666666666,0.0,0.0,0.0,0.0,0.0,0.0,0.0,7760.0,0.0,55.0,2.0,128.04666666666665,0.0,0.0,0.0,0.0,0.0,0.0,0.0,0.0,25.008,25.008,0.0,17.284,0.0,55.0,616.79921,10000.0,85.000001,85.000001,85.000001,85.000001,395.0,0.0,0.0,0.0,1.0,166.665,67.917,67.917,67.474,67.474,34.0,0.0,-4.128,23.049999999999997,78.4725,0.0,1757.932,-78.99000000000001,100.0,10.872,23.107,16.042,38.155,0.0,0.0,0.0,0.0,0.0,0.0,0.0,0.0,2905.0,1917.0,4390.2,315.0,306.08166666666665,320.8445,315.151,25.9174,22.5344,25.8116,24.4071,314.999998,314.999998,324.999988,324.999988,99.64342857142857,99.55418333333333,99.65845714285715,99.61671428571428,0.0,5.9455,2.5951666666666666,2.753,0.0,-0.11833333333333229,2.037,0.6025,62.984,41.84,62.323,53.544,76.029,56.301,78.836,71.3245,73.107,53.85,77.2855,69.196,70.909,52.3055,76.388,67.91433333333333,-6.071,6.072,0.11274,0.098085,0.0,109.705,112.69,108.88,110.13333333333333,0.0,0.0
501,0.0,0.0,0.0,1.0,1.0,0.0,0.0,1.0,0.0,100.0,1.0,1.1856,26.0,0.0,0.0,0.0,57.999998,0.0,26.0,26.0,26.0,26.0,2.330777777777778,-0.40969999999999995,-0.010150000000000001,308.365,-3.65,-2.054875,-2.46655,-0.2126,-206.20999999999998,182.575,189.1025,0.0,0.0,0.0,0.0,0.5617333333333333,-5.498166666666667,-5.498166666666667,0.3216,-2.227,1.243111111111111,1.638,35.366,0.5714,-0.2406,-30.5,100.0,0.0,0.0,107.42666666666666,0.0,0.0,0.0,0.0,0.0,0.0,0.0,7612.7,0.0,55.0,2.0,127.38666666666666,1.0,0.0,0.0,0.0,0.0,0.0,0.0,0.0,25.059,25.059,0.0,17.284,1.0,55.0,616.79921,10000.0,85.000001,85.000001,85.000001,85.000001,395.0,0.0,0.0,0.0,1.0,166.665,64.453,64.453,66.391,66.391,34.0,0.0,-12.469999999999999,3.6566666666666734,78.0975,0.0,1757.882,-89.155,100.0,10.382,25.669,15.379999999999999,39.894999999999996,0.0,0.0,0.0,0.0,0.0,0.0,0.0,0.0,5127.0,415.75,4157.0,315.0,299.5606666666667,324.029,315.618,25.9205,22.5414,25.8163,24.4136,314.999998,314.999998,324.999988,324.999988,99.64342857142857,99.55478333333333,99.65852857142858,99.61694285714286,0.0,6.44025,2.0696666666666665,2.2416666666666667,0.0,-0.23166666666666913,-0.6310000000000002,-0.46750000000000025,63.003,41.8835,62.352000000000004,53.585,75.964,56.5735,78.8,71.3815,73.046,54.107,77.2495,69.2555,70.85,52.5515,76.3505,67.97466666666666,-6.9965,6.9885,0.10605,0.085735,0.0,109.705,111.805,106.13333333333333,108.72,0.0,0.0
502,0.0,0.0,0.0,1.0,1.0,0.0,0.0,1.0,0.0,100.0,1.0,1.1856,26.0,0.0,0.0,0.0,57.999998,0.0,26.0,26.0,26.0,26.0,2.408777777777778,-0.4467,0.062400000000000004,308.441,-3.3807,-2.26925,-2.3824,-0.33399999999999996,-207.59,181.5975,189.121875,0.0,0.0,0.0,0.0,0.5627333333333333,-5.498166666666667,-5.498166666666667,0.369,0.7543333333333333,1.0444444444444443,-1.342,35.146,0.5825,-0.169375,-36.462,100.0,0.0,0.0,106.95,0.0,0.0,0.0,0.0,0.0,0.0,0.0,7578.9,0.0,55.0,2.0,126.59333333333333,0.0,0.0,0.0,0.0,0.0,0.0,0.0,0.0,25.107,25.107,0.0,17.284,0.0,55.0,616.79921,10000.0,85.000001,85.000001,85.000001,85.000001,395.0,0.0,0.0,0.0,1.0,333.33500000000004,64.24,64.24,66.772,66.772,34.0,0.0,-9.153999999999996,22.96333333333334,71.4625,0.0,1757.832,-89.7,100.0,10.536999999999999,26.198,14.239,37.198,0.0,0.0,0.0,0.0,0.0,0.0,0.0,0.0,4097.4,1673.875,4053.9,315.0,302.65166666666664,321.109,316.26025,25.9233,22.548000000000002,25.8207,24.4192,314.999998,314.999998,324.999988,324.999988,99.64342857142857,99.55536666666667,99.65855714285715,99.6171,0.0,6.30075,2.4578333333333333,2.5685000000000002,0.0,-0.10499999999999687,-0.47699999999999987,-0.5990000000000002,63.021,41.925,62.379,53.6205,75.903,56.83,78.7565,71.415,72.988,54.35,77.2065,69.2915,70.795,52.784,76.307,68.01133333333334,-7.0995,7.102,0.10502500000000001,0.08524000000000001,0.0,109.705,111.595,105.58,108.32,0.0,0.0
503,0.0,0.0,0.0,1.0,1.0,0.0,0.0,1.0,0.0,100.0,1.0,1.1856,26.0,0.0,0.0,0.0,57.999998,0.0,26.0,26.0,26.0,26.0,2.3635555555555556,-0.41059999999999997,0.028,308.151,-3.4878,-2.1574999999999998,-2.44975,-0.27769999999999995,-209.09,180.4525,189.14375,0.0,0.0,0.0,0.0,0.5638333333333333,-5.498166666666667,-5.498166666666667,0.3297,-2.4513333333333334,1.1674444444444445,3.309,34.913,0.4824,-0.22545,-35.992,100.0,0.0,0.0,106.12333333333333,0.0,0.0,0.0,0.0,0.0,0.0,0.0,7520.2,0.0,55.0,2.0,125.75,1.0,0.0,0.0,0.0,0.0,0.0,0.0,0.0,25.161,25.161,0.0,17.284,1.0,55.0,616.79921,10000.0,85.000001,85.000001,85.000001,85.000001,395.0,0.0,0.0,0.0,1.0,166.665,63.416,63.416,67.368,67.368,34.0,0.0,-9.468000000000004,13.233333333333334,74.4875,0.0,1757.779,-91.7,100.0,10.731,25.978,14.384,38.56,0.0,0.0,0.0,0.0,0.0,0.0,0.0,0.0,4888.9,1197.5,4019.1000000000004,315.0,300.5663333333333,322.6235,315.926,25.9265,22.5553,25.8256,24.426,314.999998,314.999998,324.999988,324.999988,99.64342857142857,99.55596666666666,99.65862857142857,99.61731428571429,0.0,6.2695,2.1826666666666665,2.3463333333333334,0.0,-0.18666666666666742,-0.5015000000000001,-0.48150000000000004,63.041,41.971000000000004,62.41,53.663,75.84,57.095,78.7235,71.471,72.929,54.5995,77.174,69.35,70.738,53.022999999999996,76.2725,68.07033333333334,-7.2405,7.238,0.10482500000000002,0.07820500000000001,0.0,109.475,110.725,104.73,107.51666666666667,0.0,0.0
504,0.0,0.0,0.0,1.0,1.0,0.0,0.0,1.0,0.0,100.0,1.0,1.1856,26.0,0.0,0.0,0.0,57.999998,0.0,26.0,26.0,26.0,26.0,2.529,-0.4222,-0.1418,307.724,-3.4405,-2.155125,-2.50115,-0.2096,-210.31,179.4625,189.16275,0.0,0.0,0.0,0.0,0.5647666666666668,-5.498166666666667,-5.498166666666667,0.326,0.371,1.189111111111111,1.259,34.71,0.4968,-0.24960000000000002,-43.158,100.0,0.0,0.0,105.49666666666667,0.0,0.0,0.0,0.0,0.0,0.0,0.0,7475.8,0.0,55.0,2.0,125.01666666666667,0.0,0.0,0.0,0.0,0.0,0.0,0.0,0.0,25.206,25.206,0.0,17.284,0.0,55.0,616.79921,10000.0,85.000001,85.000001,85.000001,85.000001,395.0,0.0,0.0,0.0,1.0,333.33500000000004,61.356,61.356,70.48,70.48,34.0,0.730000000000004,2.2040000000000006,4.899999999999999,69.5,0.0,1757.733,-87.325,100.0,11.442,27.264,13.136,38.744,0.0,0.0,0.0,0.0,0.0,0.0,0.0,337.375,4714.4,465.75,3923.9,314.104,300.722,323.75675,316.179,25.9292,22.5618,25.8296,24.4316,314.999998,314.999998,324.999988,324.999988,99.64345714285714,99.5565,99.65865714285714,99.61751428571428,5.630666666666667,5.7015,2.5465,2.6495,0.923333333333332,-0.20333333333332604,-0.6080000000000001,-0.5180000000000002,63.058,42.011,62.435,53.6975,75.808,57.3275,78.68,71.515,72.898,54.8195,77.1315,69.3965,70.708,53.2335,76.2295,68.118,-6.981,6.966,0.10164000000000001,0.08581000000000001,0.0,108.105,110.525,103.75,107.24333333333334,0.0,0.0
505,0.0,0.0,0.0,1.0,1.0,0.0,0.0,1.0,0.0,100.0,1.0,1.1856,26.0,0.0,0.0,0.0,57.999998,0.0,26.0,26.0,26.0,26.0,1.863,0.25980000000000003,-0.14585,310.669,-3.4493,-2.230625,-2.393,-0.3141999999999999,-211.72,178.2375,189.18625,0.0,0.0,0.0,0.0,0.5658333333333333,-5.498166666666667,-5.498166666666667,0.3967,0.32399999999999995,1.1163333333333334,-1.6179999999999999,34.7,0.8382000000000001,-0.18810000000000002,-40.902,100.0,0.0,0.0,108.28666666666666,0.0,0.0,0.0,0.0,0.0,0.0,0.0,7673.6,0.0,55.0,2.0,124.93,1.0,0.0,0.0,0.0,0.0,0.0,0.0,0.0,25.259999999999998,25.259999999999998,0.0,17.284,1.0,55.0,616.79921,10000.0,85.000001,85.000001,85.000001,85.000001,395.0,0.0,0.0,0.0,1.0,166.665,68.695,68.695,67.78,67.78,34.0,0.0,-2.3419999999999987,11.47333333333333,57.975,0.0,1757.68,-81.24000000000001,100.0,11.304,24.83,13.677,38.003,0.0,0.0,0.0,0.0,0.0,0.0,0.0,0.0,3194.2,1674.75,3956.5,315.0,305.10433333333333,321.75775,316.05825,25.9324,22.569,25.8344,24.4383,314.999998,314.999998,324.999988,324.999988,99.64345714285714,99.55698333333333,99.65874285714285,99.61775714285714,0.0,5.8475,3.0620000000000003,3.2135000000000002,0.0,-0.17499999999999716,4.3025,1.5979999999999999,63.077,42.056,62.465,53.739,75.742,57.5445,78.658,71.583,72.836,55.0255,77.109,69.467,70.649,53.431,76.2045,68.18933333333334,-6.487,6.4815000000000005,0.11724500000000002,0.103345,0.0,108.02,110.395,107.91666666666666,108.66,0.0,0.0
506,0.0,0.0,0.0,1.0,1.0,0.0,0.0,1.0,0.0,100.0,1.0,1.1856,26.0,0.0,0.0,0.0,57.999998,0.0,26.0,26.0,26.0,26.0,1.9951111111111115,-0.24029999999999996,0.0522,311.096,-3.72755,-2.00325,-2.54625,-0.0663999999999999,-212.95,177.11,189.205125,0.0,0.0,0.0,0.0,0.5668333333333333,-5.498166666666667,-5.498166666666667,0.2928,-4.608666666666667,1.370888888888889,3.6450000000000005,34.587,0.8573000000000001,-0.2316,-33.672,100.0,0.0,0.0,105.94333333333333,0.0,0.0,0.0,0.0,0.0,0.0,0.0,7507.4,0.0,55.0,2.0,124.58333333333334,0.0,0.0,0.0,0.0,0.0,0.0,0.0,0.0,25.308,25.308,0.0,17.284,0.0,55.0,616.79921,10000.0,85.000001,85.000001,85.000001,85.000001,395.0,0.0,0.0,0.0,1.0,166.665,68.665,68.665,67.963,67.963,34.0,0.0,-9.016000000000005,0.22333333333332916,76.1775,0.0,1757.633,-83.9,100.0,10.508,23.227,13.940000000000001,38.897,0.0,0.0,9.884999999999998,0.0,0.0,0.0,0.0,0.0,4713.9,13.375,4264.0,315.0,301.07166666666666,324.438,315.2465,25.935200000000002,22.5751,25.8388,24.4443,314.999998,314.999998,324.999988,324.999988,99.64345714285714,99.55738333333333,99.65881428571429,99.618,0.0,6.28975,2.7151666666666667,2.8516666666666666,0.0,-0.15166666666667084,0.34399999999999986,0.04299999999999993,63.095,42.094,62.492,53.777,75.682,57.7285,78.635,71.6485,72.78,55.2,77.086,69.5355,70.595,53.599000000000004,76.18,68.258,-6.5815,6.589,0.109255,0.086715,0.0,108.02,109.49,104.91,106.97333333333333,0.0,0.0
507,0.0,0.0,0.0,1.0,1.0,0.0,0.0,1.0,0.0,100.0,1.0,1.1856,26.0,0.0,0.0,0.0,57.999998,0.0,26.0,26.0,26.0,26.0,2.1544444444444446,-0.3135,-0.31355,311.584,-3.4532,-2.2560000000000002,-2.31595,-0.32099999999999995,-214.13,175.9525,189.222375,0.0,0.0,0.0,0.0,0.5677666666666668,-5.498166666666667,-5.498166666666667,0.24980000000000002,0.6116666666666667,1.0915555555555554,-8.483,34.408,0.9746,-0.185725,-40.022,100.0,0.0,0.0,104.71333333333334,0.0,0.0,0.0,0.0,0.0,0.0,0.0,7420.2,0.0,55.0,2.0,123.96000000000001,1.0,0.0,0.0,0.0,0.0,0.0,0.0,0.0,25.356,25.356,0.0,17.284,1.0,55.0,616.79921,10000.0,85.000001,85.000001,85.000001,85.000001,395.0,0.0,0.0,0.0,1.0,166.665,66.727,66.727,71.304,71.304,34.0,0.0,-6.143999999999998,12.463333333333338,34.485,0.0,1757.585,-80.065,100.0,10.449,24.524,11.477,36.719,0.0,0.0,0.0,0.0,0.0,0.0,0.0,0.0,3647.6,1186.25,2773.8,315.0,303.6453333333333,322.81925,318.741,25.9379,22.5819,25.8429,24.45,314.999998,314.999998,324.999988,324.999988,99.64345714285714,99.55793333333334,99.65882857142857,99.6182,0.0,6.107,3.3373333333333335,3.4623333333333335,0.0,-0.18166666666667197,-0.21099999999999985,-0.6299999999999999,63.112,42.137,62.518,53.8125,75.622,57.97,78.5735,71.7,72.723,55.4285,77.0265,69.59,70.541,53.818,76.12049999999999,68.314,-6.3955,6.4,0.10715500000000001,0.088855,0.0,108.02,109.395,103.33333333333334,106.09,0.0,0.0
508,0.0,0.0,0.0,1.0,1.0,0.0,0.0,1.0,0.0,100.0,1.0,1.1856,26.0,0.0,0.0,0.0,57.999998,0.0,26.0,26.0,26.0,26.0,2.157,-0.2769999999999999,-0.0454,309.189,-3.38195,-2.26875,-2.3691500000000003,-0.32489999999999997,-215.35,174.695,189.237125,0.0,0.0,0.0,0.0,0.5688,-5.498166666666667,-5.498166666666667,0.2452,-1.9126666666666665,1.0988888888888888,2.7489999999999997,34.25,1.0607,-0.16215000000000002,-34.391999999999996,100.0,0.0,0.0,104.41333333333333,0.0,0.0,0.0,0.0,0.0,0.0,0.0,7399.1,0.0,55.0,2.0,123.39666666666666,0.0,0.0,0.0,0.0,0.0,0.0,0.0,0.0,25.407,25.407,0.0,17.284,0.0,55.0,616.79921,10000.0,85.000001,85.000001,85.000001,85.000001,395.0,0.0,0.0,0.0,1.0,166.665,63.903999999999996,63.903999999999996,69.946,69.946,34.0,0.035000000000003695,-8.843999999999994,7.4366666666666745,69.795,0.0,1757.533,-78.695,100.0,10.164,24.196,14.178999999999998,35.083,0.0,0.0,2.6883333333333326,0.0,0.0,0.0,0.0,227.625,4485.2,680.25,4469.1,314.793,301.6646666666667,323.32475,315.033,25.9408,22.5887,25.8475,24.4561,314.999998,314.999998,324.999988,324.999988,99.64345714285714,99.55841666666667,99.65894285714286,99.61844285714285,6.195666666666666,6.2405,3.1513333333333335,3.2731666666666666,1.9883333333333297,-0.134999999999998,-0.13949999999999996,-0.2905000000000002,63.13,42.1795,62.547,53.8505,75.56,58.1835,78.5685,71.761,72.665,55.63,77.021,69.6535,70.485,54.0095,76.112,68.378,-6.2215,6.2165,0.10555500000000001,0.08718500000000001,0.0,107.885,108.61,103.12333333333333,105.70666666666666,0.0,0.0
509,0.0,0.0,0.0,1.0,1.0,0.0,0.0,1.0,0.0,100.0,1.0,1.1856,26.0,0.0,0.0,0.0,57.999998,0.0,26.0,26.0,26.0,26.0,2.0073333333333334,-0.3353999999999999,0.0014500000000000001,308.472,-3.71185,-1.901875,-2.62435,-0.06699999999999995,-216.51999999999998,173.4025,189.254875,0.0,0.0,0.0,0.0,0.5698333333333333,-5.498166666666667,-5.498166666666667,0.1904,-0.06866666666666688,1.4412222222222222,0.8500000000000001,34.038,0.779,-0.29602500000000004,-37.818,100.0,0.0,0.0,104.49666666666667,0.0,0.0,0.0,0.0,0.0,0.0,0.0,7404.9,0.0,55.0,2.0,122.60333333333332,1.0,0.0,0.0,0.0,0.0,0.0,0.0,0.0,25.458,25.458,0.0,17.284,1.0,55.0,616.79921,10000.0,85.000001,85.000001,85.000001,85.000001,395.0,0.0,0.0,0.0,1.0,333.33500000000004,61.691,61.691,70.236,70.236,34.0,0.0,11.105999999999998,0.0,72.795,0.0,1757.481,-76.37,100.0,10.722,27.85,13.222999999999999,38.843,0.0,0.0,32.483333333333334,0.0,0.0,0.0,0.0,0.0,5498.200000000001,0.0,4218.9,315.0,298.39433333333335,325.0,315.53175,25.9437,22.5966,25.852,24.4626,314.999998,314.999998,324.999988,324.999988,99.64347142857143,99.55903333333333,99.659,99.6187,0.0,5.5335,0.0,2.9561666666666664,0.0,-0.19166666666666998,0.0,0.15549999999999997,63.148,42.2285,62.575,53.8915,75.515,58.452,78.5315,71.8365,72.623,55.884,76.984,69.732,70.444,54.2535,76.074,68.457,-6.11,6.0905000000000005,0.11206,0.09369000000000001,0.0,106.71,108.185,103.08666666666667,105.90666666666667,0.0,0.0
510,0.0,0.0,0.0,1.0,1.0,0.0,0.0,1.0,0.0,100.0,1.0,1.1856,26.0,0.0,0.0,0.0,57.999998,0.0,26.0,26.0,26.0,26.0,1.911777777777778,0.39770000000000016,-0.1758,310.608,-3.40015,-2.2815000000000003,-2.16545,-0.4879,-217.57,172.155,189.27275,0.0,0.0,0.0,0.0,0.5707666666666668,-5.498166666666667,-5.498166666666667,0.32930000000000004,1.775,1.0252222222222223,-6.3870000000000005,34.065,1.0232,-0.16692500000000002,-36.248000000000005,100.0,0.0,0.0,106.49,0.0,0.0,0.0,0.0,0.0,0.0,0.0,7546.2,0.0,55.0,2.0,122.65666666666667,0.0,0.0,0.0,0.0,0.0,0.0,1.0,0.0,25.506,25.506,0.0,17.284,0.0,55.0,616.79921,10000.0,85.000001,85.000001,85.000001,85.000001,395.0,0.0,0.0,0.0,1.0,333.33500000000004,69.016,69.016,67.078,67.078,34.0,0.0,2.099999999999998,30.799999999999997,41.7675,0.0,1757.433,-69.935,100.0,10.935,24.221,13.607,37.388999999999996,0.0,0.0,28.966666666666665,0.0,0.0,0.0,0.0,0.0,2666.2,2869.875,3413.2,315.0,306.85766666666666,319.156,317.455,25.9464,22.6031,25.8563,24.4685,314.999998,314.999998,324.999988,324.999988,99.64347142857143,99.55943333333333,99.65907142857142,99.61894285714286,0.0,5.4695,3.3126666666666664,3.446,0.0,-0.15833333333333144,2.9655,1.8775,63.165,42.2695,62.602000000000004,53.928,75.456,58.6265,78.511,71.902,72.567,56.05,76.9635,69.8,70.391,54.413,76.0515,68.52533333333334,-5.5695,5.5600000000000005,0.11273000000000001,0.10362500000000001,0.0,106.71,108.38,105.43333333333334,107.54666666666667,0.0,0.0
511,0.0,0.0,0.0,1.0,1.0,0.0,0.0,1.0,0.0,100.0,1.0,1.1856,26.0,0.0,0.0,0.0,57.999998,0.0,26.0,26.0,26.0,26.0,1.843777777777778,-0.19609999999999994,-0.17445000000000002,311.295,-3.61215,-2.082625,-2.438,-0.2683,-218.72,170.7175,189.290125,0.0,0.0,0.0,0.0,0.5718333333333333,-5.498166666666667,-5.498166666666667,0.2323,-3.980666666666667,1.278111111111111,4.535,34.0,0.902,-0.19255,-27.896,100.0,0.0,0.0,103.98666666666666,0.0,0.0,0.0,0.0,0.0,0.0,0.0,7368.9,0.0,55.0,2.0,122.47333333333333,1.0,0.0,0.0,0.0,0.0,0.0,1.0,0.0,25.560000000000002,25.560000000000002,0.0,17.284,1.0,55.0,616.79921,10000.0,85.000001,85.000001,85.000001,85.000001,395.0,0.0,0.0,0.0,1.0,166.665,68.787,68.787,68.375,68.375,34.0,0.0,-2.3119999999999976,0.9200000000000017,71.19749999999999,0.0,1757.38,-74.875,100.0,9.960999999999999,22.237,15.317,37.637,0.0,0.0,0.0,0.0,0.0,0.0,0.0,0.0,4331.9,113.25,4025.0,315.0,302.1546666666667,324.6245,315.9295,25.9494,22.6101,25.8612,24.4752,314.999998,314.999998,324.999988,324.999988,99.64347142857143,99.55983333333333,99.65917142857143,99.61918571428572,0.0,5.9037500000000005,2.5968333333333335,2.7575,0.0,-0.15333333333332888,0.6949999999999998,0.02849999999999997,63.184,42.3135,62.632,53.9695,75.389,58.806,78.49549999999999,71.9675,72.504,56.2195,76.9475,69.867,70.331,54.575,76.033,68.593,-5.8345,5.839,0.10675000000000001,0.08720000000000001,0.0,106.71,107.525,103.37333333333333,104.60333333333332,0.0,0.0
512,0.0,0.0,0.0,1.0,1.0,0.0,0.0,1.0,0.0,100.0,1.0,1.1856,26.0,0.0,0.0,0.0,57.999998,0.0,26.0,26.0,26.0,26.0,1.9344444444444444,-0.21749999999999992,-0.00525,310.501,-3.5835,-2.1186249999999998,-2.31335,-0.2994,-219.76,169.3325,189.304625,0.0,0.0,0.0,0.0,0.5728666666666667,-5.498166666666667,-5.498166666666667,0.1621,-0.8686666666666667,1.1911111111111112,-4.415,33.816,0.757,-0.187125,-32.656,100.0,0.0,0.0,104.33,0.0,0.0,0.0,0.0,0.0,0.0,0.0,7393.2,0.0,55.0,2.0,121.78333333333333,0.0,0.0,0.0,0.0,0.0,0.0,1.0,0.0,25.611,25.611,0.0,17.284,0.0,55.0,616.79921,10000.0,85.000001,85.000001,85.000001,85.000001,395.0,0.0,0.0,0.0,1.0,166.665,66.223,66.223,69.031,69.031,34.0,0.0,8.822,14.913333333333327,57.2525,0.0,1757.329,-71.605,100.0,9.969999999999999,24.106,12.889,37.084,0.0,0.0,25.808333333333334,0.0,0.0,0.0,0.0,0.0,4301.2,1249.5,3431.2,315.0,302.0683333333333,322.4385,317.282,25.9521,22.6176,25.8654,24.4814,314.999998,314.999998,324.999988,324.999988,99.64347142857143,99.56035,99.6592,99.61938571428571,0.0,5.390000000000001,2.6663333333333337,2.8108333333333335,0.0,-0.16166666666666885,0.7995000000000001,0.3085,63.201,42.36,62.659,54.0085,75.327,59.0295,78.4405,72.01650000000001,72.445,56.4315,76.894,69.919,70.274,54.7785,75.9795,68.64566666666667,-5.6985,5.697,0.107795,0.09097000000000001,0.0,106.71,107.345,103.46666666666667,105.19333333333333,0.0,0.0
513,0.0,0.0,0.0,1.0,1.0,0.0,0.0,1.0,0.0,100.0,1.0,1.1856,26.0,0.0,0.0,0.0,57.999998,0.0,26.0,26.0,26.0,26.0,2.1084444444444443,0.2630000000000001,0.0755,309.082,-3.37835,-2.316625,-2.1608,-0.48239999999999994,-220.69,168.0025,189.31725,0.0,0.0,0.0,0.0,0.5738,-5.498166666666667,-5.498166666666667,0.19110000000000002,0.5663333333333334,1.0021111111111112,-0.274,33.868,0.7387,-0.16792500000000002,-32.122,100.0,0.0,0.0,105.59666666666666,0.0,0.0,0.0,0.0,0.0,0.0,0.0,7482.9,0.0,55.0,2.0,121.93333333333334,1.0,0.0,0.0,0.0,0.0,0.0,1.0,0.0,25.659,25.659,0.0,17.284,1.0,55.0,616.79921,10000.0,85.000001,85.000001,85.000001,85.000001,395.0,0.0,0.0,0.0,1.0,166.665,64.606,64.606,67.947,67.947,34.0,1.3449999999999989,12.498000000000001,23.586666666666673,55.835,0.0,1757.282,-69.39500000000001,100.0,10.258,23.858,14.599,35.671,0.0,0.0,36.946666666666665,0.0,0.0,0.0,0.0,348.75,4056.8,2117.625,3486.1,314.1075,302.923,320.58425,317.227,25.9547,22.6244,25.8697,24.4871,314.999998,314.999998,324.999988,324.999988,99.6435,99.56075,99.65928571428572,99.61958571428572,5.1193333333333335,5.1495,2.5773333333333337,2.751,1.038333333333334,-0.22166666666667112,2.615,1.349,63.217,42.4025,62.686,54.0445,75.277,59.207499999999996,78.4305,72.0595,72.398,56.6,76.8835,69.964,70.229,54.939,75.9665,68.691,-5.4935,5.4835,0.11568500000000001,0.10183500000000001,0.0,105.98,107.515,104.96000000000001,106.23,0.0,0.0
514,0.0,0.0,0.0,1.0,1.0,0.0,0.0,1.0,0.0,100.0,1.0,1.1856,26.0,0.0,0.0,0.0,57.999998,0.0,26.0,26.0,26.0,26.0,1.956888888888889,0.33699999999999997,0.08,308.441,-3.53355,-2.1266249999999998,-2.3556,-0.3434999999999999,-221.59,166.6425,189.332,0.0,0.0,0.0,0.0,0.5747333333333333,-5.498166666666667,-5.498166666666667,0.2553,0.983,1.1671111111111112,1.932,33.989,0.6691,-0.197975,-32.95,100.0,0.0,0.0,107.24333333333334,0.0,0.0,0.0,0.0,0.0,0.0,0.0,7599.5,0.0,55.0,2.0,122.35666666666665,0.0,0.0,0.0,0.0,0.0,0.0,1.0,0.0,25.707,25.707,0.0,17.284,0.0,55.0,616.79921,10000.0,85.000001,85.000001,85.000001,85.000001,395.0,0.0,0.0,0.0,1.0,333.33500000000004,64.606,64.606,67.215,67.215,34.0,0.0,29.602,6.63666666666667,73.765,0.0,1757.233,-66.14500000000001,100.0,10.305,24.621,15.756,37.034,0.0,0.0,63.615,0.0,0.0,0.0,0.0,0.0,4457.4,1058.0,4377.1,315.0,301.664,322.6415,315.1965,25.9572,22.6314,25.874,24.4932,314.999998,314.999998,324.999988,324.999988,99.64351428571429,99.56115,99.65938571428572,99.61978571428571,0.0,4.686,2.4368333333333334,2.587666666666667,0.0,-0.23833333333332973,4.33,1.823,63.233000000000004,42.4465,62.712,54.0825,75.239,59.3785,78.424,72.115,72.362,56.7615,76.877,70.0215,70.194,55.0935,75.957,68.74833333333333,-5.2475000000000005,5.2204999999999995,0.11553000000000001,0.08952500000000001,0.0,105.39,108.04,107.24333333333334,107.24333333333334,0.0,0.0
515,0.0,0.0,0.0,1.0,1.0,0.0,0.0,1.0,0.0,100.0,1.0,1.1856,26.0,0.0,0.0,0.0,57.999998,0.0,26.0,26.0,26.0,26.0,1.8448888888888888,0.4930000000000001,0.016,308.533,-3.4505,-2.214375,-2.2041500000000003,-0.506,-222.5,165.165,189.349875,0.0,0.0,0.0,0.0,0.5757666666666668,-5.498166666666667,-5.498166666666667,0.3592,1.0036666666666667,1.0157777777777777,-2.982,34.183,0.7087,-0.159025,-31.330000000000002,100.0,0.0,0.0,107.59666666666666,0.0,0.0,0.0,0.0,0.0,0.0,0.0,7624.6,0.0,55.0,2.0,123.03999999999999,1.0,0.0,0.0,0.0,0.0,0.0,1.0,0.0,25.758,25.758,0.0,17.284,1.0,55.0,616.79921,10000.0,85.000001,85.000001,85.000001,85.000001,395.0,0.0,0.0,0.0,1.0,333.33500000000004,66.04,66.04,66.33,66.33,34.0,0.0,25.796,16.77666666666667,58.3275,0.0,1757.182,-60.485,100.0,10.096,23.881,16.531,37.697,0.0,0.0,62.803333333333335,0.0,0.0,0.0,0.0,0.0,3475.3,2086.25,3700.7,315.0,304.46066666666667,320.61225,316.66575,25.9599,22.6387,25.8784,24.4996,314.999998,314.999998,324.999988,324.999988,99.64351428571429,99.56151666666666,99.6595,99.62002857142858,0.0,4.457,2.4843333333333337,2.6548333333333334,0.0,-0.201666666666668,4.0555,1.925,63.25,42.492,62.74,54.123,75.176,59.536,78.422,72.178,72.303,56.911,76.874,70.087,70.137,55.2365,75.9505,68.814,-4.835,4.817,0.11655000000000001,0.10404000000000001,0.0,105.39,108.635,107.41333333333333,107.77666666666667,0.0,0.0
516,0.0,0.0,0.0,1.0,1.0,0.0,0.0,1.0,0.0,100.0,1.0,1.1856,26.0,0.0,0.0,0.0,57.999998,0.0,26.0,26.0,26.0,26.0,1.9898888888888888,0.38070000000000004,0.039900000000000005,307.831,-3.5364,-2.1494999999999997,-2.2169499999999998,-0.48460000000000003,-223.32999999999998,163.7425,189.36775,0.0,0.0,0.0,0.0,0.5767,-5.498166666666667,-5.498166666666667,0.4058,0.6333333333333333,1.0499999999999998,2.3340000000000005,34.362,0.662,-0.15990000000000001,-30.824,100.0,0.0,0.0,108.42333333333333,0.0,0.0,0.0,0.0,0.0,0.0,0.0,7683.3,0.0,55.0,2.0,123.68666666666667,0.0,0.0,0.0,0.0,0.0,0.0,1.0,0.0,25.806,25.806,0.0,17.284,0.0,55.0,616.79921,10000.0,85.000001,85.000001,85.000001,85.000001,395.0,0.0,0.0,0.0,1.0,333.33500000000004,64.865,64.865,66.055,66.055,34.0,2.552500000000002,39.578,10.883333333333326,63.74,0.0,1757.133,-57.68,100.0,10.215,23.678,17.753,37.569,0.0,0.0,70.86500000000001,0.0,0.0,0.0,0.0,339.0,3923.0,1602.375,3911.8,314.084,303.123,321.55825,316.2625,25.9625,22.6455,25.8828,24.5056,314.999998,314.999998,324.999988,324.999988,99.64352857142858,99.56183333333334,99.65962857142857,99.62022857142857,4.122,4.1392500000000005,2.2936666666666667,2.4635000000000002,-0.5816666666666706,-0.18833333333333258,4.318,1.9565,63.265,42.5345,62.768,54.16,75.131,59.6745,78.426,72.2265,72.26,57.0415,76.8765,70.137,70.096,55.3615,75.95,68.864,-4.593999999999999,4.577500000000001,0.11696000000000001,0.10054500000000001,0.0,106.26,109.17,108.42333333333333,108.42333333333333,0.0,0.0
517,0.0,0.0,0.0,1.0,1.0,0.0,0.0,1.0,0.0,100.0,1.0,1.1856,26.0,0.0,0.0,0.0,57.999998,0.0,26.0,26.0,26.0,26.0,1.8138888888888887,0.7253000000000001,0.0823,307.465,-3.53765,-2.21375,-2.2772,-0.5857,-224.22,162.1075,189.39025,0.0,0.0,0.0,0.0,0.5778,-5.498166666666667,-5.498166666666667,0.5137,1.4503333333333333,1.021777777777778,-1.71,34.653999999999996,0.6928000000000001,-0.145125,-32.126000000000005,100.0,0.0,0.0,110.38,0.0,0.0,0.0,0.0,0.0,0.0,0.0,7821.9,0.0,55.0,2.0,124.70666666666666,1.0,0.0,0.0,0.0,0.0,0.0,1.0,0.0,25.86,25.86,0.0,17.284,1.0,55.0,616.79921,10000.0,85.000001,85.000001,85.000001,85.000001,395.0,0.0,0.0,0.0,1.0,166.665,66.055,66.055,63.965,63.965,34.0,0.6950000000000003,48.0,12.673333333333332,56.5675,0.0,1757.081,-48.97,100.0,9.84,23.692,18.391,38.456,0.0,0.0,87.51166666666666,0.0,0.0,0.0,0.0,108.25,3607.7,2333.625,4058.6000000000004,314.747,304.169,320.074,316.00625,25.9653,22.6535,25.8876,24.5125,314.999998,314.999998,324.999988,324.999988,99.64352857142858,99.56216666666667,99.65977142857143,99.62048571428572,3.591666666666667,3.6137500000000005,2.4211666666666667,2.6073333333333335,-0.8633333333333297,-0.18166666666667197,5.4355,2.9699999999999998,63.283,42.584,62.798,54.203,75.072,59.82,78.434,72.3005,72.205,57.179500000000004,76.8835,70.213,70.042,55.4935,75.9525,68.93966666666667,-4.0105,3.9895,0.12385000000000002,0.109505,0.0,106.835,110.255,110.38,110.38,0.0,0.0
518,0.0,0.0,0.0,1.0,1.0,0.0,0.0,1.0,0.0,100.0,1.0,1.1856,26.0,0.0,0.0,0.0,57.999998,0.0,26.0,26.0,26.0,26.0,1.7591111111111113,0.6575,0.05535,307.739,-3.52265,-2.1695,-2.2416,-0.6437999999999999,-224.98,160.62,189.4125,0.0,0.0,0.0,0.0,0.5787666666666668,-5.498166666666667,-5.498166666666667,0.5677,-0.008000000000000007,0.9769999999999999,1.608,34.968,0.7396,-0.13922500000000002,-30.012,100.0,0.0,0.0,111.22,0.0,0.0,0.0,0.0,0.0,0.0,0.0,7881.3,0.0,55.0,2.0,125.84666666666666,0.0,0.0,0.0,0.0,0.0,0.0,1.0,0.0,25.908,25.908,0.0,17.284,0.0,55.0,616.79921,10000.0,85.000001,85.000001,85.000001,85.000001,395.0,0.0,0.0,0.0,1.0,166.665,66.727,66.727,64.041,64.041,34.0,1.3524999999999991,52.694,11.75333333333333,52.77,0.0,1757.032,-43.32,100.0,9.744,22.604,19.756999999999998,38.653,0.0,0.0,84.51833333333335,0.0,0.0,0.0,0.0,163.0,3392.2,2072.0,3809.5,314.5305,304.8466666666667,320.50075,316.6215,25.9677,22.6602,25.8921,24.5186,314.999998,314.999998,324.999988,324.999988,99.64352857142858,99.5624,99.65992857142857,99.62072857142857,3.2233333333333327,3.2275,2.3613333333333335,2.5498333333333334,-1.0150000000000006,-0.14833333333332632,5.2165,2.9154999999999998,63.298,42.6265,62.825,54.2415,75.019,59.918,78.4575,72.3665,72.155,57.272999999999996,76.9055,70.2805,69.994,55.582499999999996,75.9695,69.007,-3.5010000000000003,3.4885,0.12114500000000002,0.106925,0.0,107.795,111.155,111.22,111.22,0.0,0.0
519,0.0,0.0,0.0,1.0,1.0,0.0,0.0,1.0,0.0,100.0,1.0,1.1856,26.0,0.0,0.0,0.0,57.999998,0.0,26.0,26.0,26.0,26.0,1.754777777777778,0.7289000000000001,-0.048,307.602,-3.59725,-2.1313750000000002,-2.1968,-0.618,-225.76,159.0025,189.437125,0.0,0.0,0.0,0.0,0.5798333333333333,-5.498166666666667,-5.498166666666667,0.5974,0.42399999999999993,0.958,-0.1419999999999999,35.291,0.7913,-0.137875,-29.826,100.0,0.0,0.0,112.90666666666667,0.0,0.0,0.0,0.0,0.0,0.0,0.0,8001.0,0.0,55.0,2.0,127.00666666666666,1.0,0.0,0.0,0.0,0.0,0.0,1.0,0.0,25.959,25.959,0.0,17.284,1.0,55.0,616.79921,10000.0,85.000001,85.000001,85.000001,85.000001,395.0,0.0,0.0,0.0,1.0,166.665,66.605,66.605,64.041,64.041,34.0,1.8000000000000043,64.584,9.090000000000003,48.3075,0.0,1756.981,-36.4,100.0,9.77,22.297,20.052999999999997,38.659,0.0,0.0,91.605,0.0,0.0,0.0,0.0,192.375,3538.0,1963.0,3899.0,314.3745,304.37033333333335,320.793,316.35825,25.9703,22.6676,25.8967,24.5251,314.999998,314.999998,324.999988,324.999988,99.64354285714286,99.56263333333334,99.66007142857143,99.621,2.749666666666667,2.75175,2.4418333333333337,2.6195,-0.990000000000002,-0.1566666666666663,5.7935,3.5324999999999998,63.314,42.672,62.854,54.282,74.961,60.0145,78.4725,72.44,72.1,57.365,76.9185,70.3555,69.942,55.670500000000004,75.9785,69.08133333333333,-2.9175,2.9015,0.11878500000000002,0.11311500000000001,0.0,108.87,112.22,112.90666666666667,112.90666666666667,0.0,0.0
520,0.0,0.0,0.0,1.0,1.0,0.0,0.0,1.0,0.0,100.0,1.0,1.1856,26.0,0.0,0.0,0.0,57.999998,0.0,26.0,26.0,26.0,26.0,1.6484444444444444,0.8740000000000001,-0.07985,307.571,-3.59885,-2.1411249999999997,-2.1925499999999998,-0.6822999999999999,-226.46,157.45,189.461375,0.0,0.0,0.0,0.0,0.5808,-5.498166666666667,-5.498166666666667,0.6398,0.406,0.915111111111111,0.42900000000000027,35.667,0.8713000000000001,-0.131975,-28.576,100.0,0.0,0.0,114.81666666666666,0.0,0.0,0.0,0.0,0.0,0.0,0.0,8136.3,0.0,55.0,2.0,128.35333333333332,0.0,0.0,0.0,0.0,0.0,0.0,0.0,0.0,26.007,26.007,0.0,17.284,0.0,55.0,616.79921,10000.0,85.000001,85.000001,85.000001,85.000001,395.0,0.0,0.0,0.0,1.0,166.665,67.23,67.23,62.866,62.866,34.0,1.0399999999999991,68.498,8.14333333333333,41.4225,0.0,1756.933,-27.945,100.0,9.515,21.977,20.941,38.532,0.0,0.0,100.0,0.0,0.0,0.0,0.0,134.0,3454.7,2146.5,3953.7,314.597,304.64166666666665,320.3425,316.263,25.9727,22.6744,25.9011,24.5313,314.999998,314.999998,324.999988,324.999988,99.64354285714286,99.56281666666666,99.66025714285715,99.62125714285715,2.2506666666666675,2.249,2.4801666666666664,2.6735,-0.8033333333333275,-0.14000000000000057,6.404,4.264,63.33,42.715,62.882,54.3205,74.909,60.084,78.506,72.52,72.051,57.431,76.9505,70.437,69.895,55.734,76.005,69.16166666666666,-2.2395,2.2225,0.12409,0.11597,0.0,110.29,113.4,114.81666666666666,114.81666666666666,0.0,0.0
521,0.0,0.0,0.0,1.0,1.0,0.0,0.0,1.0,0.0,100.0,1.0,1.1856,26.0,0.0,0.0,0.0,57.999998,0.0,26.0,26.0,26.0,26.0,1.5533333333333337,0.8865000000000001,0.13015000000000002,307.587,-3.65525,-2.145875,-2.14345,-0.6939,-227.17000000000002,155.765,189.488125,0.0,0.0,0.0,0.0,0.5818666666666668,-5.498166666666667,-5.498166666666667,0.6673,0.013333333333333308,0.8627777777777779,-0.2709999999999999,36.09,0.9453,-0.125,-25.518,100.0,0.0,0.0,116.16,0.0,0.0,0.0,0.0,0.0,0.0,0.0,8231.6,0.0,55.0,2.0,129.87666666666667,1.0,0.0,0.0,0.0,0.0,0.0,0.0,0.0,26.058,26.058,0.0,17.284,1.0,55.0,616.79921,10000.0,85.000001,85.000001,85.000001,85.000001,395.0,0.0,0.0,0.0,1.0,166.665,67.474,67.474,62.607,62.607,34.0,2.3149999999999977,68.75800000000001,8.840000000000003,38.6725,0.0,1756.882,-16.745,100.0,9.265999999999998,21.325,21.563000000000002,38.496,0.0,0.0,100.0,0.0,0.0,0.0,0.0,347.625,3423.8,2253.0,3819.1000000000004,314.149,304.8066666666667,320.1805,316.52575,25.9753,22.6815,25.9059,24.5379,314.999998,314.999998,324.999988,324.999988,99.64355714285715,99.56295,99.66045714285714,99.62157142857143,1.7196666666666665,1.7200000000000002,2.444,2.6358333333333337,-0.5733333333333306,-0.12333333333332774,6.338,4.3934999999999995,63.346000000000004,42.7595,62.912,54.3615,74.854,60.136,78.5455,72.612,71.999,57.4815,76.9875,70.53,69.845,55.7825,76.0365,69.25366666666666,-1.43,1.4144999999999999,0.11998500000000001,0.10745500000000001,0.0,112.11,114.63,116.16,116.16,0.0,0.0
522,0.0,0.0,0.0,1.0,1.0,0.0,0.0,1.0,0.0,100.0,1.0,1.1856,26.0,0.0,0.0,0.0,57.999998,0.0,26.0,26.0,26.0,26.0,1.4173333333333336,0.9255,0.10110000000000001,307.465,-3.61055,-2.206125,-2.08645,-0.6861999999999999,-227.82,154.145,189.514125,0.0,0.0,0.0,0.0,0.5829,-5.498166666666667,-5.498166666666667,0.6982,0.34299999999999997,0.8255555555555556,-0.33499999999999996,36.497,0.9661000000000001,-0.119325,-21.235999999999997,100.0,0.0,0.0,117.24666666666667,0.0,0.0,0.0,0.0,0.0,0.0,0.0,8308.4,0.0,55.0,2.0,131.34333333333333,0.0,0.0,0.0,0.0,0.0,0.0,0.0,0.0,26.106,26.106,0.0,17.284,0.0,55.0,616.79921,10000.0,85.000001,85.000001,85.000001,85.000001,395.0,0.0,0.0,0.0,1.0,166.665,67.566,67.566,63.4,63.4,34.0,2.8999999999999986,58.844,10.066666666666677,40.36,0.0,1756.835,-8.83,100.0,9.855,20.762999999999998,22.003,38.522999999999996,0.0,0.0,100.0,0.0,0.0,0.0,0.0,626.875,3152.2,2281.875,3874.8,313.4535,305.64233333333334,320.16325,316.33225,25.9777,22.6882,25.9104,24.5441,314.999998,314.999998,324.999988,324.999988,99.64355714285715,99.56305,99.66064285714286,99.62184285714285,1.2703333333333338,1.2662499999999999,2.2888333333333337,2.4795000000000003,-0.3299999999999983,-0.09499999999999886,5.9765,4.395,63.36,42.8015,62.94,54.4005,74.806,60.167500000000004,78.5795,72.69800000000001,71.954,57.512,77.0195,70.617,69.801,55.8125,76.063,69.33933333333333,-0.766,0.746,0.11423000000000001,0.10831500000000001,0.0,113.84,115.76,117.24666666666667,117.24666666666667,0.0,0.0
523,0.0,0.0,0.0,1.0,1.0,0.0,0.0,1.0,0.0,100.0,1.0,1.1856,26.0,0.0,0.0,0.0,57.999998,0.0,26.0,26.0,26.0,26.0,1.2506666666666666,0.9332,-0.045000000000000005,307.358,-3.6622500000000002,-2.11525,-2.0783,-0.7734,-228.48,152.3925,189.542875,0.0,0.0,0.0,0.0,0.5839666666666667,-5.498166666666667,-5.498166666666667,0.7358,0.388,0.7714444444444444,-2.163,36.947,0.8877,-0.111475,-14.522,100.0,0.0,0.0,118.04333333333334,0.0,0.0,0.0,0.0,0.0,0.0,0.0,8364.9,0.0,55.0,2.0,132.95333333333332,1.0,0.0,0.0,0.0,0.0,0.0,0.0,0.0,26.157,26.157,0.0,17.284,1.0,55.0,616.79921,10000.0,85.000001,85.000001,85.000001,85.000001,395.0,0.0,0.0,0.0,1.0,333.33500000000004,67.81,67.81,62.363,62.363,34.0,0.5275000000000034,53.879999999999995,12.366666666666674,44.4075,0.0,1756.782,-2.539999999999999,100.0,10.044,20.47,22.776,38.432,0.0,0.0,100.0,0.0,0.0,0.0,0.0,376.375,3191.7,2362.625,3887.1000000000004,313.9625,305.4316666666667,319.9495,316.30375,25.9802,22.6953,25.9153,24.5507,314.999998,314.999998,324.999988,324.999988,99.64357142857143,99.56313333333334,99.66082857142857,99.62214285714286,0.9300000000000002,0.9317500000000001,1.9106666666666667,2.1186666666666665,-0.3433333333333266,-0.051666666666669414,5.1555,4.0815,63.376,42.8455,62.971000000000004,54.442,74.751,60.1865,78.61,72.781,71.902,57.531,77.0485,70.7005,69.751,55.8305,76.087,69.42166666666667,-0.20700000000000007,0.2004999999999999,0.11291000000000001,0.11432,0.0,115.445,116.93,118.04333333333334,118.04333333333334,0.0,0.0
524,0.0,0.0,0.0,1.0,1.0,0.0,0.0,1.0,0.0,100.0,1.0,1.1856,26.0,0.0,0.0,0.0,57.999998,0.0,26.0,26.0,26.0,26.0,0.9561111111111111,0.9279000000000002,0.13175,307.068,-3.6101,-2.1957500000000003,-1.9054000000000002,-0.97,-229.12,150.6075,189.572875,0.0,0.0,0.0,0.0,0.5851000000000001,-5.498166666666667,-5.498166666666667,0.7644000000000001,0.3546666666666666,0.6433333333333333,-1.245,37.408,0.6893,-0.112725,-6.552,100.0,0.0,0.0,118.68666666666667,0.0,0.0,0.0,0.0,0.0,0.0,0.0,8410.6,0.0,55.0,2.0,134.6,0.0,0.0,0.0,0.0,0.0,0.0,0.0,0.0,26.208,26.208,0.0,17.284,0.0,55.0,616.79921,10000.0,85.000001,85.000001,85.000001,85.000001,395.0,0.0,0.0,0.0,1.0,333.33500000000004,67.474,67.474,60.715,60.715,34.0,-1.8374999999999986,43.002,13.053333333333327,39.682500000000005,0.0,1756.73,2.6350000000000016,100.0,10.626999999999999,20.134,24.641,37.013,0.0,0.0,100.0,0.0,0.0,0.0,0.0,803.375,3064.8,2787.0,3488.0,312.9385,305.8756666666667,318.97375,317.20975,25.9827,22.7023,25.9204,24.5572,314.999998,314.999998,324.999988,324.999988,99.64358571428572,99.56318333333333,99.66102857142857,99.62235714285714,0.5876666666666668,0.5825,1.24,1.4723333333333333,-0.2049999999999983,-0.09499999999999886,4.093,3.6275,63.392,42.8895,63.002,54.4825,74.695,60.192,78.6395,72.837,71.849,57.537,77.0765,70.7575,69.7,55.837,76.11,69.47766666666666,0.1775000000000002,-0.19850000000000012,0.12521500000000002,0.11232500000000001,0.0,117.38,118.07,118.68666666666667,118.68666666666667,0.0,0.0
525,0.0,0.0,0.0,1.0,1.0,0.0,0.0,1.0,0.0,100.0,1.0,1.1856,26.0,0.0,0.0,0.0,57.999998,0.0,26.0,26.0,26.0,26.0,0.5646666666666669,0.9172,0.13145,307.068,-3.4645,-2.327125,-1.7926000000000002,-0.9935,-229.71,148.9,189.602125,0.0,0.0,0.0,0.0,0.5861333333333333,-5.498166666666667,-5.498166666666667,0.7818,0.42166666666666663,0.4752222222222222,-5.959,37.836,0.468,-0.10535,-1.2699999999999996,100.0,0.0,0.0,119.78,0.0,0.0,0.0,0.0,0.0,0.0,0.0,8488.1,0.0,55.0,2.0,136.12666666666667,1.0,0.0,0.0,0.0,0.0,0.0,0.0,0.0,26.256,26.256,0.0,17.284,1.0,55.0,616.79921,10000.0,85.000001,85.000001,85.000001,85.000001,395.0,0.0,0.0,0.0,1.0,333.33500000000004,67.413,67.413,61.462,61.462,34.0,-6.787500000000001,29.622,5.256666666666668,31.385,0.0,1756.683,5.305,100.0,11.681,19.245,25.689999999999998,36.058,0.0,0.0,100.0,0.0,0.0,0.0,0.0,1167.875,2674.5,2885.875,3389.5,312.0365,306.93766666666664,318.92725,317.407,25.985,22.7087,25.9251,24.5633,314.999998,314.999998,324.999988,324.999988,99.6436,99.56321666666666,99.66114285714286,99.62252857142857,0.28533333333333344,0.29000000000000004,0.713,0.9548333333333334,-0.1666666666666714,-0.09833333333332916,3.6845,3.5795000000000003,63.406,42.929,63.032,54.521,74.648,60.1845,78.646,72.871,71.804,57.531,77.0825,70.793,69.656,55.831,76.113,69.512,0.4045000000000001,-0.42700000000000005,0.11805500000000001,0.11686,0.0,118.99,119.19,119.78,119.78,0.0,0.0
526,0.0,0.0,0.0,1.0,1.0,0.0,0.0,1.0,0.0,100.0,1.0,1.1856,26.0,0.0,0.0,0.0,57.999998,0.0,26.0,26.0,26.0,26.0,0.1120000000000001,0.8638000000000001,-0.0117,306.976,-3.194,-2.560625,-1.5581,-1.1918,-230.34,147.06,189.63475,0.0,0.0,0.0,0.0,0.5872666666666667,-5.498166666666667,-5.498166666666667,0.8214,1.184,0.23322222222222222,-2.989,38.291,0.2667,-0.112225,3.878,100.0,0.0,0.0,120.99333333333334,0.0,0.0,0.0,0.0,0.0,0.0,0.0,8574.0,0.0,55.0,2.0,137.75666666666666,0.0,0.0,0.0,0.0,0.0,0.0,0.0,0.0,26.307000000000002,26.307000000000002,0.0,17.284,0.0,55.0,616.79921,10000.0,85.000001,85.000001,85.000001,85.000001,395.0,0.0,0.0,0.0,1.0,333.33500000000004,67.062,67.062,61.569,61.569,34.0,-15.114999999999998,17.08,-6.646666666666668,17.35,0.0,1756.632,7.68,100.0,13.919,17.954,27.991,33.99,0.0,0.0,100.0,0.0,0.0,0.0,0.0,1659.25,2162.5,3242.125,2885.2,310.5425,308.48833333333334,318.1825,318.52175,25.9878,22.7151,25.9304,24.5696,314.999998,314.999998,324.999988,324.999988,99.6436,99.56321666666666,99.6613,99.62268571428571,0.002000000000000224,0.0050000000000001155,0.18183333333333335,0.426,-0.14666666666666828,-0.10999999999999943,3.259,3.5195,63.424,42.9695,63.065,54.56,74.596,60.1625,78.6535,72.89150000000001,71.756,57.5115,77.09,70.814,69.609,55.8125,76.1175,69.53233333333333,0.6005000000000003,-0.6175000000000002,0.120785,0.10980000000000001,0.0,120.695,120.425,120.99333333333334,120.99333333333334,0.0,0.0
527,0.0,0.0,0.0,1.0,1.0,0.0,0.0,1.0,0.0,100.0,1.0,1.1856,26.0,0.0,0.0,0.0,57.999998,0.0,26.0,26.0,26.0,26.0,-0.20699999999999996,0.8954000000000002,0.1452,306.641,-3.0779,-2.733,-1.4575,-1.3454000000000002,-230.96,145.2,189.669125,0.0,0.0,0.0,0.0,0.5884,-5.498166666666667,-5.498166666666667,0.8754000000000001,0.868,0.09344444444444422,-3.732,38.743,0.11750000000000001,-0.09715,7.222000000000001,100.0,0.0,0.0,122.26333333333334,0.0,0.0,0.0,0.0,0.0,0.0,0.0,8664.0,0.0,55.0,2.0,139.38,1.0,0.0,0.0,0.0,0.0,0.0,0.0,0.0,26.358,26.358,0.0,17.284,1.0,55.0,616.79921,10000.0,85.000001,85.000001,85.000001,85.000001,395.0,0.0,0.0,0.0,1.0,166.665,67.062,67.062,60.989,60.989,34.0,-23.0325,7.603999999999999,-18.29,10.3825,0.0,1756.582,11.245000000000001,100.0,15.363,16.809,29.954,32.52,0.0,0.0,100.0,0.0,0.0,0.0,0.0,1900.0,1889.3,3488.875,2980.1,310.023,309.32466666666664,317.63875,318.305,25.9907,22.7213,25.9358,24.5759,314.999998,314.999998,324.999988,324.999988,99.64361428571429,99.56323333333333,99.66142857142857,99.62281428571428,-0.31099999999999994,-0.3105,-0.17166666666666666,0.0575,-0.14000000000000057,-0.11500000000000199,3.064,3.531,63.442,43.008,63.099000000000004,54.5995,74.547,60.1375,78.6585,72.908,71.71,57.4885,77.0955,70.8315,69.565,55.7905,76.12,69.54866666666666,0.8374999999999999,-0.8635000000000002,0.11647,0.11135500000000001,0.0,122.255,121.68,122.26333333333334,122.26333333333334,0.0,0.0
528,0.0,0.0,0.0,1.0,1.0,0.0,0.0,1.0,0.0,100.0,1.0,1.1856,26.0,0.0,0.0,0.0,57.999998,0.0,26.0,26.0,26.0,26.0,-0.5272222222222223,0.8734000000000002,0.11800000000000001,306.458,-2.89095,-2.9210000000000003,-1.2885,-1.5017,-231.57,143.43,189.70325,0.0,0.0,0.0,0.0,0.5895,-5.498166666666667,-5.498166666666667,0.9054000000000001,0.64,-0.07544444444444443,-2.989,39.161,0.0196,-0.105675,10.826,100.0,0.0,0.0,123.67333333333333,0.0,0.0,0.0,0.0,0.0,0.0,0.0,8763.9,0.0,55.0,2.0,140.88666666666666,0.0,0.0,0.0,0.0,0.0,0.0,0.0,0.0,26.406,26.406,0.0,17.284,0.0,55.0,616.79921,10000.0,85.000001,85.000001,85.000001,85.000001,395.0,0.0,0.0,0.0,1.0,333.33500000000004,66.742,66.742,61.31,61.31,34.0,-36.11,1.1980000000000004,-27.343333333333334,3.71,0.0,1756.533,14.310000000000002,100.0,16.826999999999998,15.604,31.855,31.155,0.0,0.0,100.0,0.0,0.0,0.0,0.0,2464.0,1509.0,3705.375,2699.4,308.4375,310.5296666666667,317.18975,318.95325,25.9937,22.7268,25.941,24.5817,314.999998,314.999998,324.999988,324.999988,99.64362857142856,99.56323333333333,99.66157142857143,99.62294285714286,-0.5613333333333332,-0.5675,-0.4516666666666667,-0.21966666666666665,-0.12666666666666515,-0.11833333333333229,3.0275,3.7405,63.461,43.0425,63.131,54.636,74.511,60.116,78.6655,72.9215,71.676,57.469,77.103,70.8455,69.532,55.772,76.125,69.56133333333334,1.084,-1.1135000000000002,0.11570500000000002,0.11386,0.0,123.695,122.805,123.67333333333333,123.67333333333333,0.0,0.0
529,0.0,0.0,0.0,1.0,1.0,0.0,0.0,1.0,0.0,100.0,1.0,1.1856,26.0,0.0,0.0,0.0,57.999998,0.0,26.0,26.0,26.0,26.0,-0.7696666666666667,0.8636000000000001,0.1279,306.335,-2.7403,-3.0183750000000003,-1.1463,-1.5984,-232.26999999999998,141.42,189.743375,0.0,0.0,0.0,0.0,0.5907333333333333,-5.498166666666667,-5.498166666666667,0.9404,0.7403333333333333,-0.18988888888888855,-3.301,39.625,-0.0893,-0.10765000000000001,14.34,100.0,0.0,0.0,125.29333333333334,0.0,0.0,0.0,0.0,0.0,0.0,0.0,8878.6,0.0,55.0,2.0,142.56,1.0,0.0,0.0,0.0,0.0,0.0,0.0,0.0,26.46,26.46,0.0,17.284,1.0,55.0,616.79921,10000.0,85.000001,85.000001,85.000001,85.000001,395.0,0.0,0.0,0.0,1.0,166.665,66.62,66.62,61.066,61.066,34.0,-43.6625,-2.730000000000004,-34.56666666666666,-1.6549999999999994,0.0,1756.481,18.07,100.0,18.158,14.798,33.595,29.816,0.0,0.0,100.0,0.0,0.0,0.0,0.0,2683.875,1282.6,3768.75,2612.7,307.9745,311.14666666666665,317.137,319.08875,25.9973,22.7329,25.9469,24.5882,314.999998,314.999998,324.999988,324.999988,99.64367142857142,99.56326666666666,99.66172857142857,99.6231,-0.8173333333333332,-0.81825,-0.7383333333333334,-0.5058333333333334,-0.16166666666666885,-0.125,3.0535,3.9785000000000004,63.483000000000004,43.0805,63.168,54.6765,74.481,60.094,78.678,72.9385,71.648,57.4485,77.116,70.863,69.504,55.7525,76.13550000000001,69.577,1.346,-1.3690000000000002,0.111515,0.11860000000000001,0.0,125.32,124.08500000000001,125.29333333333334,125.29333333333334,0.0,0.0
530,0.0,0.0,0.0,1.0,1.0,0.0,0.0,1.0,0.0,100.0,1.0,1.1856,26.0,0.0,0.0,0.0,57.999998,0.0,26.0,26.0,26.0,26.0,-1.021,0.8619000000000001,-0.0862,306.244,-2.6132,-3.107375,-1.06165,-1.7239,-232.96,139.5075,189.782875,0.0,0.0,0.0,0.0,0.5919,-5.498166666666667,-5.498166666666667,0.9801000000000001,0.6853333333333333,-0.29122222222222227,-2.034,40.06,-0.1971,-0.10490000000000001,17.552,100.0,0.0,0.0,126.76333333333334,0.0,0.0,0.0,0.0,0.0,0.0,0.0,8982.9,0.0,55.0,2.0,144.12666666666667,0.0,0.0,0.0,0.0,0.0,0.0,1.0,0.0,26.511,26.511,0.0,17.284,0.0,55.0,616.79921,10000.0,85.000001,85.000001,85.000001,85.000001,395.0,0.0,0.0,0.0,1.0,166.665,66.696,66.696,60.913,60.913,34.0,-51.1975,-4.609999999999999,-41.05,-5.460000000000001,0.0,1756.429,21.005000000000003,100.0,19.256,13.931,35.316,28.623,0.0,0.0,100.0,0.0,0.0,0.0,0.0,2856.0,949.8999999999999,3820.625,2582.0,307.3505,312.1286666666667,316.9405,319.18625,26.0009,22.7383,25.9525,24.5943,314.999998,314.999998,324.999988,324.999988,99.64374285714285,99.56328333333333,99.66191428571429,99.62324285714286,-1.1083333333333334,-1.11325,-0.9951666666666666,-0.7706666666666666,-0.10000000000000142,-0.173333333333332,3.034,4.1665,63.505,43.1145,63.203,54.7145,74.465,60.0725,78.6975,72.9575,71.633,57.429,77.1365,70.882,69.488,55.7335,76.1535,69.594,1.6059999999999999,-1.6325000000000003,0.10782000000000001,0.11918500000000001,0.0,126.77,125.27,126.76333333333334,126.76333333333334,0.0,0.0
531,0.0,0.0,0.0,1.0,1.0,0.0,0.0,1.0,0.0,100.0,1.0,1.1856,26.0,0.0,0.0,0.0,57.999998,0.0,26.0,26.0,26.0,26.0,-1.1783333333333332,0.8668,0.14345,306.213,-2.5077,-3.20325,-1.0441,-1.8378,-233.59,137.8125,189.819,0.0,0.0,0.0,0.0,0.5929333333333333,-5.498166666666667,-5.498166666666667,1.0001,-0.03733333333333322,-0.370222222222222,-2.601,40.439,-0.2977,-0.10505,20.081999999999997,100.0,0.0,0.0,128.04,0.0,0.0,0.0,0.0,0.0,0.0,0.0,9073.4,0.0,55.0,2.0,145.49666666666667,1.0,0.0,0.0,0.0,0.0,0.0,1.0,0.0,26.556,26.556,0.0,17.284,1.0,55.0,616.79921,10000.0,85.000001,85.000001,85.000001,85.000001,395.0,0.0,0.0,0.0,1.0,333.33500000000004,66.94,66.94,60.379,60.379,34.0,-57.582499999999996,-5.415999999999997,-47.18,-8.075,0.0,1756.383,23.945,100.0,19.63,13.129,36.652,27.852,0.0,0.0,100.0,0.0,0.0,0.0,0.0,3082.75,792.3,3942.0,2533.7,306.948,312.61533333333335,316.64975,319.32325,26.0041,22.743,25.9576,24.5996,314.999998,314.999998,324.999988,324.999988,99.64381428571429,99.56331666666667,99.66208571428571,99.62338571428572,-1.3873333333333333,-1.389,-1.228,-1.0008333333333335,-0.11999999999999744,-0.14833333333332632,3.039,4.34,63.525999999999996,43.1435,63.235,54.7475,74.46,60.0535,78.722,72.978,71.63,57.411,77.162,70.902,69.483,55.716,76.177,69.61166666666666,1.835,-1.8585000000000003,0.107435,0.12490000000000001,0.0,128.025,126.26,128.04,128.04,0.0,0.0
532,0.0,0.0,0.0,1.0,1.0,0.0,0.0,1.0,0.0,100.0,1.0,1.1856,26.0,0.0,0.0,0.0,57.999998,0.0,26.0,26.0,26.0,26.0,-1.3817777777777778,0.8399000000000001,-0.115,306.259,-2.4433,-3.29475,-0.9469,-1.9251,-234.35,135.8825,189.86075,0.0,0.0,0.0,0.0,0.5941666666666667,-5.498166666666667,-5.498166666666667,1.0068000000000001,0.03266666666666662,-0.4385555555555558,-0.74,40.856,-0.43520000000000003,-0.11620000000000001,23.241999999999997,100.0,0.0,0.0,129.71333333333334,0.0,0.0,0.0,0.0,0.0,0.0,0.0,9191.9,0.0,55.0,2.0,147.00333333333333,0.0,0.0,0.0,0.0,0.0,0.0,1.0,0.0,26.607,26.607,0.0,17.284,0.0,55.0,616.79921,10000.0,85.000001,85.000001,85.000001,85.000001,395.0,0.0,0.0,0.0,1.0,333.33500000000004,66.895,66.895,60.41,60.41,34.0,-61.79,-5.2180000000000035,-48.57666666666667,-9.9575,0.0,1756.332,26.32,100.0,20.634,12.323,37.972,26.749,0.0,0.0,100.0,0.0,0.0,0.0,0.0,3208.5,643.2999999999997,3923.625,2401.6,306.432,313.116,316.619,319.658,26.008,22.7482,25.9633,24.6056,314.999998,314.999998,324.999988,324.999988,99.64392857142857,99.56333333333333,99.66231428571429,99.62354285714285,-1.6576666666666666,-1.65625,-1.5171666666666668,-1.3001666666666667,-0.12666666666666515,-0.22333333333332916,3.242,4.7275,63.55,43.176,63.271,54.785,74.47,60.03,78.759,73.0035,71.64,57.3895,77.2005,70.9265,69.491,55.695,76.2125,69.63366666666667,2.0389999999999997,-2.0620000000000003,0.11128,0.12095000000000002,0.0,129.44,127.375,129.71333333333334,129.71333333333334,0.0,0.0
533,0.0,0.0,0.0,1.0,1.0,0.0,0.0,1.0,0.0,100.0,1.0,1.1856,26.0,0.0,0.0,0.0,57.999998,0.0,26.0,26.0,26.0,26.0,-1.5668888888888888,0.8449,0.1363,305.893,-2.3429,-3.3850000000000002,-0.82805,-2.0016,-235.14,133.945,189.9035,0.0,0.0,0.0,0.0,0.5954,-5.498166666666667,-5.498166666666667,1.0327,0.5406666666666666,-0.524,-2.855,41.266,-0.5993,-0.11085,26.184000000000005,100.0,0.0,0.0,131.27333333333334,0.0,0.0,0.0,0.0,0.0,0.0,0.0,9302.4,0.0,55.0,2.0,148.49,1.0,0.0,0.0,0.0,0.0,0.0,1.0,0.0,26.658,26.658,0.0,17.284,1.0,55.0,616.79921,10000.0,85.000001,85.000001,85.000001,85.000001,395.0,0.0,0.0,0.0,1.0,333.33500000000004,66.422,66.422,59.906,59.906,34.0,-70.1825,-4.853999999999999,-55.38333333333333,-10.9525,0.0,1756.281,29.215000000000003,100.0,21.366,12.027,38.867,25.977,0.0,0.0,100.0,0.0,0.0,0.0,0.0,3638.25,518.5,4311.0,2239.8,305.482,313.43533333333335,315.906,319.9775,26.012,22.7533,25.9692,24.6115,314.999998,314.999998,324.999988,324.999988,99.64408571428571,99.56336666666667,99.66255714285714,99.62371428571429,-1.9686666666666666,-1.96825,-1.8293333333333333,-1.6253333333333333,-0.14166666666666572,-0.2149999999999963,3.348,5.029,63.575,43.2085,63.307,54.822,74.495,60.008,78.809,73.0365,71.664,57.3695,77.251,70.9585,69.512,55.675,76.26050000000001,69.66233333333334,2.2510000000000003,-2.276,0.11210500000000001,0.11842500000000002,0.0,130.845,128.49,131.27333333333334,131.27333333333334,0.0,0.0
534,0.0,0.0,0.0,1.0,1.0,0.0,0.0,1.0,0.0,100.0,1.0,1.1856,26.0,0.0,0.0,0.0,57.999998,0.0,26.0,26.0,26.0,26.0,-1.6963333333333335,0.8423,0.1374,305.832,-2.3132,-3.448375,-0.7921,-2.0745,-235.94,132.1175,189.945,0.0,0.0,0.0,0.0,0.5965333333333334,-5.498166666666667,-5.498166666666667,1.0735000000000001,0.29166666666666663,-0.5711111111111116,-1.948,41.647,-0.7704000000000001,-0.10015,27.751999999999995,100.0,0.0,0.0,132.66,0.0,0.0,0.0,0.0,0.0,0.0,0.0,9400.8,0.0,55.0,2.0,149.87,0.0,0.0,0.0,0.0,0.0,0.0,1.0,0.0,26.706,26.706,0.0,17.284,0.0,55.0,616.79921,10000.0,85.000001,85.000001,85.000001,85.000001,395.0,0.0,0.0,0.0,1.0,333.33500000000004,66.757,66.757,59.418,59.418,34.0,-66.3725,-3.5319999999999965,-54.63333333333333,-13.04,0.0,1756.232,31.68,100.0,21.801000000000002,11.376999999999999,40.11,25.282,0.0,0.0,100.0,0.0,0.0,0.0,0.0,3627.375,361.6999999999998,4325.125,2403.9,305.469,313.921,315.88075,319.65225,26.016,22.7582,25.9748,24.6171,314.999998,314.999998,324.999988,324.999988,99.64425714285714,99.56338333333333,99.66284285714286,99.62391428571429,-2.334,-2.341,-2.1153333333333335,-1.9140000000000001,-0.10833333333332718,-0.32499999999999574,3.4725,5.2524999999999995,63.6,43.2385,63.342,54.857,74.536,59.9795,78.876,73.0765,71.705,57.343,77.32,70.9965,69.549,55.6495,76.326,69.696,2.4425,-2.4690000000000003,0.11207500000000001,0.11534000000000001,0.0,132.04500000000002,129.445,132.66,132.66,0.0,0.0
535,0.0,0.0,0.0,1.0,1.0,0.0,0.0,1.0,0.0,100.0,1.0,1.1856,26.0,0.0,0.0,0.0,57.999998,55.58,26.0,26.0,26.0,26.0,-2.216,-1.2043,-0.1066,306.03,-2.32085,-3.644625,-0.65925,-2.1677,-236.82,130.18,189.989875,0.0,0.0,0.0,0.0,0.5978,-5.498166666666667,-5.498166666666667,1.0384,-3.429333333333333,-0.6877777777777778,-4.545,41.76,-0.8158000000000001,-0.13105,23.874000000000002,100.0,0.0,0.0,125.57666666666667,0.0,0.0,0.0,0.0,0.0,0.0,0.0,8898.7,0.0,55.0,2.0,150.51333333333332,1.0,0.0,0.0,0.0,0.0,0.0,1.0,0.0,26.757,26.757,0.0,17.284,1.0,55.0,616.79921,10000.0,85.000001,85.000001,85.000001,85.000001,395.0,0.0,0.0,0.0,1.0,333.33500000000004,66.299,66.299,60.059,60.059,34.0,-50.5025,-0.1319999999999979,-73.47666666666666,-19.552500000000002,0.0,1756.182,35.565,100.0,22.387999999999998,10.456999999999999,41.575,24.326999999999998,0.0,0.0,0.0,0.0,0.0,0.0,0.0,4176.25,142.5,4156.125,1699.8999999999999,304.198,314.69966666666664,316.0975,321.10925,26.0202,22.7633,25.9808,24.6229,314.999998,314.999998,324.999988,324.999988,99.6445,99.56338333333333,99.6631,99.62405714285714,-2.861666666666667,-2.85425,-2.043,-1.857,-2.7283333333333317,-7.219999999999999,-1.1509999999999998,-1.06,63.626,43.271,63.38,54.8935,74.597,59.943,78.9295,73.096,71.765,57.3095,77.3755,71.015,69.603,55.6175,76.379,69.71166666666667,2.7504999999999997,-2.7785,0.087965,0.100445,0.0,128.64,119.12,126.57333333333334,124.57666666666667,0.0,0.0
536,0.0,0.0,0.0,1.0,1.0,0.0,0.0,1.0,0.0,100.0,1.0,1.1856,26.0,0.0,0.0,0.0,57.999998,63.13333333333333,26.0,26.0,26.0,26.0,-2.0316666666666667,-2.0305,0.0356,304.123,-1.9325999999999999,-3.6117500000000002,-0.5338499999999999,-2.2873,-237.74,128.2875,190.035,0.0,0.0,0.0,0.0,0.5990333333333333,-5.498166666666667,-5.498166666666667,0.8519,-1.9643333333333337,-0.8167777777777778,0.41700000000000026,40.743,-0.7144,-0.30107500000000004,30.082,100.0,0.0,0.0,117.30333333333333,0.0,0.0,0.0,0.0,0.0,0.0,0.0,8312.4,0.0,55.0,2.0,146.90666666666667,0.0,0.0,0.0,0.0,0.0,0.0,1.0,0.0,26.808,26.808,0.0,17.284,0.0,55.0,616.79921,10000.0,85.000001,85.000001,85.000001,85.000001,395.0,0.0,0.0,0.0,1.0,333.33500000000004,56.046,56.046,65.72,65.72,34.0,-80.285,-3.3740000000000023,-41.99666666666667,0.03500000000000014,0.0,1756.131,37.74,100.0,30.718,15.387,39.912,19.732,0.0,0.0,0.0,0.0,0.0,0.0,0.0,5585.25,1212.8,2987.0,513.7999999999997,300.2295,311.379,318.48475,323.863,26.0254,22.7686,25.9863,24.6281,314.999998,314.999998,324.999988,324.999988,99.64494285714285,99.56353333333334,99.66331428571428,99.62412857142857,-2.7133333333333334,-2.763,-2.1208333333333336,-1.9508333333333332,-2.759999999999998,-6.648333333333326,-2.279,-8.8585,63.659,43.304,63.415,54.9255,74.742,60.0,78.958,73.071,71.907,57.3605,77.4055,70.991,69.735,55.663,76.408,69.68666666666667,2.9210000000000003,-3.026,0.07616500000000001,0.103595,0.0,126.095,117.95,122.68666666666667,111.91666666666666,0.0,0.0
537,0.0,0.0,0.0,1.0,1.0,0.0,0.0,1.0,0.0,100.0,1.0,1.1856,26.0,0.0,0.0,0.0,57.999998,20.556666666666665,26.0,26.0,26.0,26.0,-2.534111111111111,-1.545,0.33605,303.391,-1.8881999999999999,-3.584625,-0.5078,-2.2713,-238.63,126.57249999999999,190.07825,0.0,0.0,0.0,0.0,0.6001666666666667,-5.498166666666667,-5.498166666666667,0.9144,0.4116666666666666,-0.7848888888888887,-3.6500000000000004,39.87,-0.8729,-0.29965,37.808,100.0,0.0,0.0,119.50333333333333,0.0,0.0,0.0,0.0,0.0,0.0,0.0,8468.4,0.0,55.0,2.0,143.73333333333332,1.0,0.0,0.0,0.0,0.0,0.0,1.0,0.0,26.856,26.856,0.0,17.284,1.0,55.0,616.79921,10000.0,85.000001,85.000001,85.000001,85.000001,395.0,0.0,0.0,0.0,1.0,333.33500000000004,56.412,56.412,63.599000000000004,63.599000000000004,34.0,-98.73,-4.770000000000003,-70.19666666666667,-22.7425,0.0,1756.084,30.189999999999998,100.0,32.064,17.198,38.503,17.598,0.0,0.0,0.0,0.0,0.0,0.0,0.0,4875.0,774.3,4470.875,2143.7,302.1915,312.66766666666666,315.56925,320.33075,26.0303,22.773600000000002,25.9915,24.633,314.999998,314.999998,324.999988,324.999988,99.64524285714286,99.56363333333333,99.66354285714286,99.62424285714286,-2.0166666666666666,-2.08025,-2.6726666666666667,-2.5535,-0.7283333333333317,-3.893333333333331,-1.5835,-2.9255000000000004,63.69,43.335,63.447,54.956,74.831,60.0355,78.998,73.0725,71.995,57.3925,77.44800000000001,70.992,69.817,55.6915,76.4485,69.68533333333333,2.3819999999999997,-2.5035,0.07553,0.09567,0.0,126.33500000000001,119.66,121.47666666666666,117.53,0.0,0.0
538,0.0,0.0,0.0,1.0,1.0,0.0,0.0,1.0,0.0,100.0,1.0,1.1856,26.0,0.0,0.0,0.0,57.999998,0.0,26.0,26.0,26.0,26.0,-1.874111111111111,-0.03759999999999997,-0.1384,305.405,-1.7607,-3.781125,-0.37954999999999994,-2.3956,-239.61,124.8075,190.127375,0.0,0.0,0.0,0.0,0.6013333333333334,-5.498166666666667,-5.498166666666667,0.9363,1.084,-0.8986666666666667,4.7540000000000004,39.491,-0.9832000000000001,-0.34487500000000004,34.11,100.0,0.0,0.0,122.67,0.0,0.0,0.0,0.0,0.0,0.0,0.0,8692.9,0.0,55.0,2.0,142.22,0.0,0.0,0.0,0.0,0.0,0.0,1.0,0.0,26.907,26.907,0.0,17.284,0.0,55.0,616.79921,10000.0,85.000001,85.000001,85.000001,85.000001,395.0,0.0,0.0,0.0,1.0,333.33500000000004,58.792,58.792,65.811,65.811,34.0,-99.685,0.0,-62.47666666666667,-10.065000000000001,0.0,1756.032,28.560000000000002,100.0,32.178,15.715,39.95,16.682000000000002,0.0,0.0,49.85,0.0,0.0,0.0,0.0,4813.0,0.0,3843.75,992.1999999999998,301.989,315.0,316.74425,322.87525,26.0355,22.7787,25.9973,24.6382,314.999998,314.999998,324.999988,324.999988,99.64547142857143,99.56363333333333,99.66381428571428,99.62431428571429,-2.118,0.0,-2.7731666666666666,-2.6048333333333336,-0.041666666666671404,0.0,0.6945000000000001,2.021,63.722,43.367,63.483000000000004,54.989,74.893,59.9995,79.0565,73.0535,72.057,57.3595,77.5095,70.9735,69.876,55.6595,76.508,69.66566666666667,2.1660000000000004,-2.2755,0.090435,0.11009500000000001,0.0,125.765,119.84,123.00333333333333,122.34,0.0,0.0
539,0.0,0.0,0.0,1.0,1.0,0.0,0.0,1.0,0.0,100.0,1.0,1.1856,26.0,0.0,0.0,0.0,57.999998,0.0,26.0,26.0,26.0,26.0,-2.0044444444444443,0.26380000000000003,-0.0371,306.229,-2.0228,-3.53975,-0.6046499999999999,-2.1479,-240.64,123.0675,190.176,0.0,0.0,0.0,0.0,0.6025333333333334,-5.498166666666667,-5.498166666666667,1.0595,1.573,-0.6373333333333338,-1.527,39.574,-1.1597,-0.22490000000000002,29.4,100.0,0.0,0.0,123.05333333333333,0.0,0.0,0.0,0.0,0.0,0.0,0.0,8720.0,0.0,55.0,2.0,142.50666666666666,1.0,0.0,0.0,0.0,0.0,0.0,1.0,0.0,26.958,26.958,0.0,17.284,1.0,55.0,616.79921,10000.0,85.000001,85.000001,85.000001,85.000001,395.0,0.0,0.0,0.0,1.0,333.33500000000004,62.302,62.302,64.468,64.468,34.0,-61.6525,-1.259999999999998,-55.92666666666667,-31.895000000000003,0.0,1755.981,32.15,100.0,28.282,14.387,38.114,18.094,0.0,0.0,36.28333333333333,0.0,0.0,0.0,0.0,3697.5,156.39999999999964,3773.75,2462.9,305.265,314.57866666666666,317.11625,319.50475,26.0399,22.7838,26.0028,24.6438,314.999998,314.999998,324.999988,324.999988,99.6457,99.56365,99.66405714285715,99.62445714285714,-2.7633333333333336,-2.8145,-2.8518333333333334,-2.6828333333333334,-0.061666666666667425,-0.9083333333333314,1.3739999999999999,2.2525,63.749,43.399,63.518,55.024,74.951,59.963,79.1035,73.0705,72.114,57.326,77.559,70.98949999999999,69.928,55.6275,76.556,69.67866666666667,2.4030000000000005,-2.476,0.09849000000000001,0.11837500000000001,0.0,125.775,122.3,123.67333333333333,122.43333333333334,0.0,0.0
540,0.0,0.0,0.0,1.0,1.0,0.0,0.0,1.0,0.0,100.0,1.0,1.1856,26.0,0.0,0.0,0.0,57.999998,17.155,26.0,26.0,26.0,26.0,-2.4494444444444445,-0.708,0.08015,305.634,-1.79025,-3.8015,-0.39374999999999993,-2.4395,-241.64,121.46000000000001,190.221875,0.0,0.0,0.0,0.0,0.6036333333333334,-5.498166666666667,-5.498166666666667,1.0704,-0.8620000000000001,-0.9161111111111113,-5.324,39.35,-0.9096000000000001,-0.24735000000000001,25.966,100.0,0.0,0.0,118.66,0.0,0.0,0.0,0.0,0.0,0.0,0.0,8408.6,0.0,55.0,2.0,141.78333333333333,0.0,0.0,0.0,0.0,0.0,0.0,0.0,0.0,27.006,27.006,0.0,17.284,0.0,55.0,616.79921,10000.0,85.000001,85.000001,85.000001,85.000001,395.0,0.0,0.0,0.0,1.0,166.665,60.471,60.471,65.048,65.048,34.0,-90.345,0.0,-77.66333333333333,-8.8975,0.0,1755.934,38.45,100.0,28.807,13.048,39.697,17.677999999999997,0.0,0.0,0.0,0.0,0.0,0.0,0.0,5510.75,0.0,4369.0,889.6999999999998,300.626,315.0,315.71475,322.958,26.0445,22.7886,26.0083,24.6489,314.999998,314.999998,324.999988,324.999988,99.646,99.56365,99.6643,99.62454285714286,-3.075,0.0,-2.3326666666666664,-2.174,-0.7266666666666666,0.0,-0.9035000000000002,-1.5795,63.778,43.4285,63.552,55.0555,75.042,59.923500000000004,79.154,73.0625,72.204,57.289,77.6115,70.9815,70.012,55.5925,76.607,69.669,2.9005,-2.9770000000000003,0.077215,0.09616500000000001,0.0,124.0,111.99,120.09,117.22666666666666,0.0,0.0
541,0.0,0.0,0.0,1.0,1.0,0.0,0.0,1.0,0.0,100.0,1.0,1.1856,26.0,0.0,0.0,0.0,57.999998,8.784999999999997,26.0,26.0,26.0,26.0,-2.3346666666666667,-0.6912,0.013850000000000001,305.649,-1.8769,-3.721,-0.41525,-2.3432000000000004,-242.75,119.8,190.27225,0.0,0.0,0.0,0.0,0.6048,-5.498166666666667,-5.498166666666667,1.1073,0.8793333333333333,-0.8015555555555558,4.612,38.989,-0.7108,-0.2536,30.598000000000006,100.0,0.0,0.0,118.08,0.0,0.0,0.0,0.0,0.0,0.0,0.0,8367.5,0.0,55.0,2.0,140.46666666666667,1.0,0.0,0.0,0.0,0.0,0.0,0.0,0.0,27.057000000000002,27.057000000000002,0.0,17.284,1.0,55.0,616.79921,10000.0,85.000001,85.000001,85.000001,85.000001,395.0,0.0,0.0,0.0,1.0,166.665,60.272,60.272,64.987,64.987,34.0,-79.66,0.11599999999999966,-63.76,-20.28,0.0,1755.883,40.61,100.0,30.278,13.041,40.183,16.177,0.0,0.0,0.0,0.0,0.0,0.0,0.0,4640.0,267.6999999999998,3723.125,1684.0,302.575,314.3256666666667,317.0925,321.386,26.0498,22.7936,26.014,24.654,314.999998,314.999998,324.999988,324.999988,99.64637142857143,99.56366666666666,99.66454285714286,99.6246,-2.8833333333333333,-2.924,-2.3066666666666666,-2.1426666666666665,-0.3533333333333317,-12.773333333333333,-0.8580000000000001,-1.036,63.811,43.46,63.588,55.0875,75.157,59.888,79.1925,73.0305,72.318,57.2565,77.653,70.9505,70.119,55.561,76.6475,69.63766666666666,3.1295,-3.2145,0.08247,0.1018,0.0,123.53,106.435,119.30666666666667,116.85333333333332,0.0,0.0
542,0.0,0.0,0.0,1.0,1.0,0.0,0.0,1.0,0.0,100.0,1.0,1.1856,26.0,0.0,0.0,0.0,57.999998,0.0,26.0,26.0,26.0,26.0,-1.9465555555555556,0.01639999999999997,-0.05075,305.908,-1.92595,-3.687375,-0.4270999999999999,-2.3226,-243.89,118.185,190.323625,0.0,0.0,0.0,0.0,0.6059666666666668,-5.498166666666667,-5.498166666666667,1.1384,0.245,-0.7622222222222224,0.6890000000000001,38.754,-0.7240000000000001,-0.255975,32.464,100.0,0.0,0.0,120.11333333333333,0.0,0.0,0.0,0.0,0.0,0.0,0.0,8511.7,0.0,55.0,2.0,139.54,0.0,0.0,0.0,0.0,0.0,0.0,0.0,0.0,27.108,27.108,0.0,17.284,0.0,55.0,616.79921,10000.0,85.000001,85.000001,85.000001,85.000001,395.0,0.0,0.0,0.0,1.0,333.33500000000004,60.959,60.959,64.88,64.88,34.0,-81.23,-0.2540000000000049,-70.99666666666667,-16.2075,0.0,1755.832,41.15,100.0,29.448,13.24,39.452,16.958,0.0,0.0,29.091666666666665,0.0,0.0,0.0,0.0,4614.125,70.89999999999964,4038.25,1494.6999999999998,302.7795,314.7373333333333,316.4465,321.6435,26.0546,22.7986,26.0196,24.6593,314.999998,314.999998,324.999988,324.999988,99.64667142857142,99.56368333333333,99.66474285714285,99.62468571428572,-2.7960000000000003,-2.8285,-2.3588333333333336,-2.2048333333333336,-0.07166666666666544,-4.888333333333328,0.7334999999999998,1.995,63.842,43.4915,63.623,55.121,75.241,59.8745,79.222,73.017,72.401,57.2435,77.6855,70.937,70.197,55.548,76.679,69.62266666666666,3.162,-3.2365000000000004,0.08758,0.10425500000000001,0.0,123.285,114.98,120.60333333333332,119.62333333333333,0.0,0.0
543,0.0,0.0,0.0,1.0,1.0,0.0,0.0,1.0,0.0,100.0,1.0,1.1856,26.0,0.0,0.0,0.0,57.999998,0.12666666666666515,26.0,26.0,26.0,26.0,-2.416,-0.135,0.058600000000000006,306.29,-2.0253,-3.57925,-0.48295,-2.2302,-245.07999999999998,116.60249999999999,190.375875,0.0,0.0,0.0,0.0,0.6071333333333333,-5.498166666666667,-5.498166666666667,1.1949,0.5356666666666667,-0.6783333333333337,-3.306,38.757,-0.8098000000000001,-0.229575,32.432,100.0,0.0,0.0,118.33333333333333,0.0,0.0,0.0,0.0,0.0,0.0,0.0,8385.4,0.0,55.0,2.0,139.58666666666667,1.0,0.0,0.0,0.0,0.0,0.0,0.0,0.0,27.159,27.159,0.0,17.284,1.0,55.0,616.79921,10000.0,85.000001,85.000001,85.000001,85.000001,395.0,0.0,0.0,0.0,1.0,166.665,62.469,62.469,64.255,64.255,34.0,-65.0825,-1.466000000000001,-66.35,-26.322499999999998,0.0,1755.781,42.105000000000004,100.0,27.976,12.825,39.223,17.722,0.0,0.0,0.0,0.0,0.0,0.0,0.0,4147.875,163.0999999999999,3858.25,1908.1,304.099,314.474,316.90175,320.69975,26.0593,22.8037,26.0252,24.6648,314.999998,314.999998,324.999988,324.999988,99.64695714285715,99.56371666666666,99.66497142857143,99.62478571428571,-3.0156666666666667,-3.0375,-2.4883333333333337,-2.3138333333333336,-0.041666666666671404,-0.7950000000000017,-0.15799999999999992,0.41300000000000003,63.871,43.523,63.658,55.1545,75.324,59.848,79.26050000000001,73.0145,72.483,57.219,77.7265,70.935,70.273,55.524,76.7185,69.61833333333334,3.266,-3.3235,0.089455,0.11434500000000002,0.0,123.3,119.77,119.33666666666667,117.32666666666667,0.0,0.0
544,0.0,0.0,0.0,1.0,1.0,0.0,0.0,1.0,0.0,100.0,1.0,1.1856,26.0,0.0,0.0,0.0,57.999998,0.0,26.0,26.0,26.0,26.0,-1.968,-0.0373,0.08565,306.671,-1.96715,-3.6546250000000002,-0.43589999999999995,-2.3896,-246.31,115.06,190.4285,0.0,0.0,0.0,0.0,0.6083000000000001,-5.498166666666667,-5.498166666666667,1.2174,0.369,-0.7445555555555559,3.098,38.633,-0.8475,-0.22585000000000002,32.016,100.0,0.0,0.0,119.02,0.0,0.0,0.0,0.0,0.0,0.0,0.0,8434.1,0.0,55.0,2.0,139.12333333333333,0.0,0.0,0.0,0.0,0.0,0.0,0.0,0.0,27.21,27.21,0.0,17.284,0.0,55.0,616.79921,10000.0,85.000001,85.000001,85.000001,85.000001,395.0,0.0,0.0,0.0,1.0,166.665,62.958,62.958,64.651,64.651,34.0,-68.9175,0.0,-69.30333333333333,-17.125,0.0,1755.73,42.695,100.0,27.868,12.501,39.874,17.096,0.0,0.0,12.808333333333337,0.0,0.0,0.0,0.0,4520.0,0.0,4025.375,1440.8,302.9865,315.0,316.45175,321.87575,26.0642,22.8086,26.031,24.6699,314.999998,314.999998,324.999988,324.999988,99.64725714285714,99.56371666666666,99.6652,99.62485714285714,-3.166,0.0,-2.5691666666666664,-2.4061666666666666,-0.07166666666666544,0.0,0.43299999999999983,1.3275000000000001,63.900999999999996,43.554,63.693,55.187,75.421,59.802,79.304,72.992,72.578,57.176500000000004,77.7725,70.913,70.362,55.4835,76.7635,69.59533333333333,3.3129999999999997,-3.3725000000000005,0.09416500000000001,0.10669000000000001,0.0,122.85,119.81,119.77666666666667,118.26333333333334,0.0,0.0
545,0.0,0.0,0.0,1.0,1.0,0.0,0.0,1.0,0.0,100.0,1.0,1.1856,26.0,0.0,0.0,0.0,57.999998,0.0,26.0,26.0,26.0,26.0,-2.084777777777778,-0.23159999999999992,0.0268,306.641,-2.18105,-3.5535,-0.53165,-2.2084,-247.57,113.55250000000001,190.481,0.0,0.0,0.0,0.0,0.6094666666666667,-5.498166666666667,-5.498166666666667,1.2179,-1.0983333333333336,-0.5947777777777778,-0.9139999999999999,38.538,-0.8959,-0.21585000000000001,30.200000000000003,100.0,0.0,0.0,117.74333333333334,0.0,0.0,0.0,0.0,0.0,0.0,0.0,8343.8,0.0,55.0,2.0,138.80666666666667,1.0,0.0,0.0,0.0,0.0,0.0,0.0,0.0,27.261,27.261,0.0,17.284,1.0,55.0,616.79921,10000.0,85.000001,85.000001,85.000001,85.000001,395.0,0.0,0.0,0.0,1.0,166.665,62.881,62.881,64.453,64.453,34.0,-52.93,-2.961999999999996,-63.49666666666667,-25.457500000000003,0.0,1755.679,44.435,100.0,26.877,12.33,38.898,17.91,0.0,0.0,7.490000000000002,0.0,0.0,0.0,0.0,4116.0,302.9000000000001,3755.625,1840.9,304.054,314.10366666666664,317.07325,320.92125,26.0688,22.8136,26.0365,24.6753,314.999998,314.999998,324.999988,324.999988,99.64758571428571,99.56371666666666,99.66542857142858,99.62495714285714,-3.417,-3.4495,-2.555,-2.3843333333333336,-0.060000000000002274,0.00833333333333286,-0.03100000000000014,0.0714999999999999,63.93,43.585,63.728,55.2205,75.514,59.7655,79.3405,72.9885,72.67,57.143,77.8115,70.909,70.447,55.451,76.801,69.58966666666666,3.442,-3.4965,0.08915500000000001,0.10824500000000001,0.0,122.41,119.905,118.85,116.64,0.0,0.0
546,0.0,0.0,0.0,1.0,1.0,0.0,0.0,1.0,0.0,100.0,1.0,1.1856,26.0,0.0,0.0,0.0,57.999998,0.0,26.0,26.0,26.0,26.0,-1.9993333333333334,-0.026999999999999913,-0.0975,307.007,-2.07095,-3.650125,-0.48205,-2.3252,-248.79,112.16749999999999,190.53025,0.0,0.0,0.0,0.0,0.6105333333333334,-5.498166666666667,-5.498166666666667,1.1934,0.3613333333333334,-0.6588888888888889,1.024,38.452,-0.9272,-0.23945000000000002,32.104,100.0,0.0,0.0,118.88333333333333,0.0,0.0,0.0,0.0,0.0,0.0,0.0,8424.4,0.0,55.0,2.0,138.47333333333333,0.0,0.0,0.0,0.0,0.0,0.0,0.0,0.0,27.309,27.309,0.0,17.284,0.0,55.0,616.79921,10000.0,85.000001,85.000001,85.000001,85.000001,395.0,0.0,0.0,0.0,1.0,166.665,62.698,62.698,65.979,65.979,34.0,-61.75,0.0,-63.093333333333334,-14.025000000000002,0.0,1755.631,44.34,100.0,27.581,12.235999999999999,38.722,17.445999999999998,0.0,0.0,17.943333333333335,0.0,0.0,0.0,0.0,4580.0,0.0,3814.75,1251.1,302.7225,315.0,316.90075,322.2745,26.0733,22.8182,26.0417,24.6802,314.999998,314.999998,324.999988,324.999988,99.64791428571428,99.56373333333333,99.66562857142857,99.62502857142857,-3.418333333333333,0.0,-2.6658333333333335,-2.5020000000000002,-0.07333333333333059,0.0,0.556,1.7245,63.958,43.614,63.761,55.251,75.618,59.7375,79.377,72.9725,72.772,57.117000000000004,77.85,70.8935,70.541,55.426,76.8385,69.57300000000001,3.468,-3.5244999999999997,0.09087500000000001,0.11105000000000001,0.0,122.2,119.76,119.42333333333333,118.34,0.0,0.0
547,0.0,0.0,0.0,1.0,1.0,0.0,0.0,1.0,0.0,100.0,1.0,1.1856,26.0,0.0,0.0,0.0,57.999998,0.0,26.0,26.0,26.0,26.0,-2.208222222222222,0.11319999999999997,-0.02195,305.786,-2.04425,-3.52225,-0.5742,-2.2883,-250.05,110.8175,190.58025,0.0,0.0,0.0,0.0,0.6116333333333334,-5.498166666666667,-5.498166666666667,1.2618,2.427,-0.6034444444444444,-2.924,38.465,-0.9432,-0.232575,32.92,100.0,0.0,0.0,119.42333333333333,0.0,0.0,0.0,0.0,0.0,0.0,0.0,8462.6,0.0,55.0,2.0,138.51,1.0,0.0,0.0,0.0,0.0,0.0,0.0,0.0,27.357,27.357,0.0,17.284,1.0,55.0,616.79921,10000.0,85.000001,85.000001,85.000001,85.000001,395.0,0.0,0.0,0.0,1.0,333.33500000000004,61.539,61.539,64.072,64.072,34.0,-66.75,-7.509999999999998,-60.68,-22.755,0.0,1755.581,42.410000000000004,100.0,27.593,12.954,38.902,17.841,0.0,0.0,29.263333333333335,0.0,0.0,0.0,0.0,4570.375,616.9000000000001,3793.875,1906.1999999999998,303.061,313.0233333333333,316.959,320.80175,26.078,22.8228,26.047,24.685200000000002,314.999998,314.999998,324.999988,324.999988,99.64824285714286,99.56376666666667,99.66587142857144,99.62514285714286,-3.2350000000000003,-3.25225,-2.7093333333333334,-2.5336666666666665,-0.0933333333333266,-0.045000000000001705,0.9470000000000001,2.1595,63.987,43.643,63.794,55.2825,75.719,59.7185,79.4215,72.973,72.871,57.099000000000004,77.897,70.894,70.633,55.408500000000004,76.884,69.57133333333333,3.3020000000000005,-3.3655,0.09788500000000001,0.11035,0.0,122.355,119.64,120.01333333333334,118.83,0.0,0.0
548,0.0,0.0,0.0,1.0,1.0,0.0,0.0,1.0,0.0,100.0,1.0,1.1856,26.0,0.0,0.0,0.0,57.999998,0.0,26.0,26.0,26.0,26.0,-1.990888888888889,0.3176000000000001,-0.0092,306.213,-2.0663,-3.6845,-0.37729999999999997,-2.4646,-251.43,109.41749999999999,190.636375,0.0,0.0,0.0,0.0,0.6127666666666667,-5.498166666666667,-5.498166666666667,1.4367,2.99,-0.6962222222222221,1.581,38.546,-1.0219,-0.15945,31.29,100.0,0.0,0.0,120.59333333333333,0.0,0.0,0.0,0.0,0.0,0.0,0.0,8545.6,0.0,55.0,2.0,138.78666666666666,0.0,0.0,0.0,0.0,0.0,0.0,0.0,0.0,27.408,27.408,0.0,17.284,0.0,55.0,616.79921,10000.0,85.000001,85.000001,85.000001,85.000001,395.0,0.0,0.0,0.0,1.0,166.665,64.27,64.27,61.432,61.432,34.0,-62.2525,0.0,-74.89666666666668,-15.192499999999999,0.0,1755.532,36.825,100.0,27.123,12.751999999999999,40.794,17.587,0.0,0.0,42.46666666666667,0.0,0.0,0.0,0.0,3961.375,0.0,4633.375,1685.7,304.338,315.0,315.292,321.37425,26.0828,22.8277,26.0529,24.6903,314.999998,314.999998,324.999988,324.999988,99.64854285714286,99.56376666666667,99.66615714285714,99.62524285714285,-3.0006666666666666,0.0,-2.7993333333333337,-2.6383333333333336,-0.06833333333332803,0.0,1.3399999999999999,3.4815,64.017,43.6735,63.831,55.3145,75.807,59.688,79.487,72.9705,72.957,57.071,77.9655,70.891,70.713,55.3815,76.9505,69.566,2.8810000000000002,-2.9370000000000003,0.09583000000000001,0.11724000000000001,0.0,122.61,119.705,120.59333333333333,120.59333333333333,0.0,0.0
549,0.0,0.0,0.0,1.0,1.0,0.0,0.0,1.0,0.0,100.0,1.0,1.1856,26.0,0.0,0.0,0.0,57.999998,0.0,26.0,26.0,26.0,26.0,-2.1455555555555557,0.2591000000000001,0.20915,304.993,-2.1835,-3.44375,-0.4747,-2.2785,-252.76,108.13,190.691,0.0,0.0,0.0,0.0,0.6138666666666667,-5.498166666666667,-5.498166666666667,1.4906000000000001,-0.966,-0.7237777777777779,-6.7780000000000005,38.663,-0.9307000000000001,-0.175325,25.561999999999998,100.0,0.0,0.0,120.06333333333333,0.0,0.0,0.0,0.0,0.0,0.0,0.0,8508.0,0.0,55.0,2.0,139.20666666666665,1.0,0.0,0.0,0.0,0.0,0.0,0.0,0.0,27.456,27.456,0.0,17.284,1.0,55.0,616.79921,10000.0,85.000001,85.000001,85.000001,85.000001,395.0,0.0,0.0,0.0,1.0,333.33500000000004,63.797,63.797,58.517,58.517,34.0,-54.345,-4.399999999999999,-77.23333333333333,-27.380000000000003,0.0,1755.482,38.865,100.0,25.39,12.581999999999999,42.056,19.564,0.0,0.0,45.26166666666667,0.0,0.0,0.0,0.0,3888.75,374.4000000000001,4430.125,2323.0,304.878,313.61,315.636,319.75425,26.0869,22.8323,26.0585,24.6956,314.999998,314.999998,324.999988,324.999988,99.64878571428571,99.5638,99.66642857142857,99.62537142857143,-3.199,-3.23375,-2.4141666666666666,-2.2243333333333335,-0.060000000000002274,-0.19999999999999574,1.1405,2.274,64.043,43.702,63.866,55.3475,75.876,59.6635,79.546,72.98949999999999,73.025,57.048500000000004,78.0265,70.9085,70.776,55.359,77.0095,69.58033333333333,2.9965,-3.045,0.0931,0.11502500000000002,0.0,122.58500000000001,120.29,120.36,119.76666666666667,0.0,0.0
550,0.0,0.0,0.0,1.0,1.0,0.0,0.0,1.0,0.0,100.0,1.0,1.1856,26.0,0.0,0.0,0.0,57.999998,0.0,26.0,26.0,26.0,26.0,-1.761111111111111,0.26870000000000016,-0.10500000000000001,307.663,-2.17785,-3.452625,-0.49139999999999995,-2.3303000000000003,-254.21,106.795,190.75,0.0,0.0,0.0,0.0,0.6150333333333333,-5.498166666666667,-5.498166666666667,1.4376,-2.6103333333333336,-0.7840000000000003,-0.09499999999999997,38.755,-0.9023,-0.17855000000000001,23.75,100.0,0.0,0.0,120.21333333333334,0.0,0.0,0.0,0.0,0.0,0.0,0.0,8518.6,0.0,55.0,2.0,139.53666666666666,0.0,0.0,0.0,0.0,0.0,0.0,1.0,0.0,27.507,27.507,0.0,17.284,0.0,55.0,616.79921,10000.0,85.000001,85.000001,85.000001,85.000001,395.0,0.0,0.0,0.0,1.0,333.33500000000004,67.657,67.657,60.501,60.501,34.0,-36.03,0.0,-65.63,-23.6725,0.0,1755.431,40.565,100.0,23.9,11.556,41.93,18.707,0.0,0.0,31.566666666666666,0.0,0.0,0.0,0.0,3049.125,0.0,3850.25,2105.5,306.8375,315.0,316.776,320.272,26.0913,22.8371,26.0644,24.7007,314.999998,314.999998,324.999988,324.999988,99.64905714285715,99.5638,99.66667142857143,99.62545714285714,-3.416,0.0,-2.3433333333333337,-2.1528333333333336,-0.03999999999999915,0.0,1.117,2.2245,64.07,43.732,63.902,55.3795,75.954,59.622,79.5905,72.977,73.101,57.01,78.074,70.896,70.846,55.3225,77.056,69.56633333333333,3.1580000000000004,-3.1955,0.09401000000000001,0.11572,0.0,122.735,120.37,120.52,119.90333333333334,0.0,0.0
551,0.0,0.0,0.0,1.0,1.0,0.0,0.0,1.0,0.0,100.0,1.0,1.1856,26.0,0.0,0.0,0.0,57.999998,0.0,26.0,26.0,26.0,26.0,-1.5218888888888888,-0.16249999999999998,-0.35495000000000004,311.447,-2.1127,-3.1705,-0.5094,-2.2944,-255.79,105.4125,190.809125,0.0,0.0,0.0,0.0,0.6162666666666667,-5.498166666666667,-5.498166666666667,1.2033,-5.516,-0.8585555555555557,-0.982,38.743,-0.8274,-0.23695000000000002,22.206,100.0,0.0,0.0,118.57,0.0,0.0,0.0,0.0,0.0,0.0,0.0,8402.2,0.0,55.0,2.0,139.53333333333333,1.0,0.0,0.0,0.0,0.0,0.0,1.0,0.0,27.561,27.561,0.0,17.284,1.0,55.0,616.79921,10000.0,85.000001,85.000001,85.000001,85.000001,395.0,0.0,0.0,0.0,1.0,166.665,70.496,70.496,67.459,67.459,34.0,-23.91,0.0,-51.946666666666665,-5.512500000000001,0.0,1755.379,52.345,100.0,22.109,10.440999999999999,39.201,18.302,0.0,0.0,7.44166666666667,0.0,0.0,0.0,0.0,3663.125,0.0,3047.375,590.1999999999998,305.6705,315.0,318.46075,323.593,26.0957,22.8422,26.0701,24.7062,314.999998,314.999998,324.999988,324.999988,99.64937142857143,99.5638,99.66685714285714,99.62554285714286,-4.237666666666667,0.0,-2.1396666666666664,-1.9353333333333333,-0.05666666666667197,0.0,0.0794999999999999,0.6099999999999999,64.098,43.764,63.938,55.414,76.045,59.573,79.61,72.957,73.191,56.9645,78.096,70.8765,70.928,55.2795,77.077,69.54566666666666,4.0175,-4.0465,0.09173,0.10591,0.0,122.425,120.37,119.12666666666667,118.00999999999999,0.0,0.0
552,0.0,0.0,0.0,1.0,1.0,0.0,0.0,1.0,0.0,100.0,1.0,1.1856,26.0,0.0,0.0,0.0,57.999998,0.0,26.0,26.0,26.0,26.0,-2.129666666666667,-0.08619999999999994,-0.0835,309.006,-2.30015,-0.503125,-0.47009999999999996,-1.9344000000000001,-257.21,104.2175,190.855625,0.0,0.0,0.0,0.0,0.6173333333333333,-5.498166666666667,-5.498166666666667,1.0691000000000002,0.05699999999999994,-0.7448888888888887,-2.042,38.65,-0.8344,-0.219675,30.706000000000003,100.0,0.0,0.0,119.63666666666667,0.0,0.0,0.0,0.0,0.0,0.0,0.0,8477.9,0.0,55.0,2.0,139.18666666666667,0.0,0.0,0.0,0.0,0.0,0.0,1.0,0.0,27.609,27.609,0.0,17.284,0.0,55.0,616.79921,10000.0,85.000001,85.000001,85.000001,85.000001,395.0,0.0,0.0,0.0,1.0,166.665,63.4,63.4,68.405,68.405,34.0,-24.775,-10.558,-44.78666666666666,-15.7075,0.0,1755.332,57.745000000000005,100.0,23.416,11.132,34.778,16.317,0.0,0.0,23.791666666666664,0.0,0.0,0.0,0.0,4457.875,1535.7,2887.625,1383.1,303.3115,310.808,319.16975,322.0335,26.1001,22.8468,26.0749,24.7109,314.999998,314.999998,324.999988,324.999988,99.64975714285714,99.56383333333333,99.667,99.62558571428572,-4.4206666666666665,-4.3735,-2.452,-2.266,-0.18333333333333002,0.015000000000000568,0.6854999999999998,1.7225,64.126,43.7925,63.968,55.443,76.174,59.553,79.6115,72.923,73.315,56.948,78.0995,70.8445,71.043,55.265,77.08,69.51333333333334,4.5040000000000004,-4.5235,0.09657,0.10938500000000001,0.0,122.49,120.125,120.15666666666667,119.11666666666667,0.0,0.0
553,0.0,0.0,0.0,1.0,1.0,0.0,0.0,1.0,0.0,100.0,1.0,1.1856,26.0,0.0,0.0,0.0,57.999998,0.0,26.0,26.0,26.0,26.0,-2.013,0.33540000000000014,-0.1153,307.098,-1.9338,-0.8206249999999999,-0.21609999999999996,-2.6565000000000003,-258.66,103.06,190.9025,0.0,0.0,0.0,0.0,0.6184000000000001,-5.498166666666667,-5.498166666666667,1.2708000000000002,5.914333333333333,-1.1413333333333338,-6.357,38.696,-0.9710000000000001,-0.156275,39.412,100.0,0.0,0.0,124.16,0.0,0.0,0.0,0.0,0.0,0.0,0.0,8798.4,0.0,55.0,2.0,139.30666666666667,1.0,0.0,0.0,0.0,0.0,0.0,1.0,0.0,27.657,27.657,0.0,17.284,1.0,55.0,616.79921,10000.0,85.000001,85.000001,85.000001,85.000001,395.0,0.0,0.0,0.0,1.0,333.33500000000004,64.301,64.301,59.54,59.54,34.0,-36.035,-0.07000000000000028,-79.88333333333334,-1.9825,0.0,1755.282,53.925,100.0,25.677,14.116,39.016999999999996,14.792,0.0,0.0,65.675,0.0,0.0,0.0,0.0,3743.25,7.199999999999818,5102.5,1361.3999999999999,304.976,314.784,314.1035,322.49775,26.1049,22.8515,26.0804,24.7157,314.999998,314.999998,324.999988,324.999988,99.65015714285714,99.56391666666667,99.66725714285714,99.62565714285714,-3.869666666666667,-3.86525,-2.8846666666666665,-2.7361666666666666,-0.09166666666666856,-0.10166666666666657,1.902,8.0945,64.155,43.822,64.002,55.473,76.302,59.562,79.6635,72.9065,73.44,56.9585,78.155,70.828,71.159,55.2765,77.1335,69.496,4.2620000000000005,-4.3095,0.09496,0.115775,0.0,123.345,120.035,122.48333333333333,125.83666666666667,0.0,0.0
554,0.0,0.0,0.0,1.0,1.0,0.0,0.0,1.0,0.0,100.0,1.0,1.1856,26.0,0.0,0.0,0.0,57.999998,0.0,26.0,26.0,26.0,26.0,-1.9337777777777778,0.7191000000000001,-0.02755,306.992,-2.0314,-0.834375,-0.29379999999999995,-2.5694,-260.24,101.86500000000001,190.953375,0.0,0.0,0.0,0.0,0.6195666666666667,-5.498166666666667,-5.498166666666667,1.4574,-1.6663333333333337,-1.1336666666666666,-1.861,38.976,-1.2821,-0.03665,29.759999999999998,100.0,0.0,0.0,122.51,0.0,0.0,0.0,0.0,0.0,0.0,0.0,8681.5,0.0,55.0,2.0,140.33333333333334,0.0,0.0,0.0,0.0,0.0,0.0,1.0,0.0,27.708,27.708,0.0,17.284,0.0,55.0,616.79921,10000.0,85.000001,85.000001,85.000001,85.000001,395.0,0.0,0.0,0.0,1.0,333.33500000000004,70.023,70.023,51.650999999999996,51.650999999999996,34.0,-10.604999999999997,0.0,-74.43,-17.4775,0.0,1755.231,50.575,100.0,20.766,11.64,44.842,17.157,0.0,0.0,49.20166666666667,0.0,0.0,0.0,0.0,2282.5,0.0,5224.5,2368.7,309.0395,315.0,313.85975,319.696,26.1088,22.8563,26.0867,24.7209,314.999998,314.999998,324.999988,324.999988,99.6504,99.56391666666667,99.66767142857142,99.62584285714286,-4.395333333333333,0.0,-3.0953333333333335,-2.934,-0.06499999999999773,0.0,2.213,4.2989999999999995,64.18,43.852,64.042,55.506,76.372,59.5155,79.779,72.9515,73.51,56.9155,78.274,70.8695,71.224,55.236000000000004,77.2505,69.532,3.9210000000000003,-3.9345,0.10096500000000001,0.12287500000000001,0.0,123.57,120.035,122.51,122.51,0.0,0.0
555,0.0,0.0,0.0,1.0,1.0,0.0,0.0,1.0,0.0,100.0,1.0,1.1856,26.0,0.0,0.0,0.0,57.999998,0.0,26.0,26.0,26.0,26.0,-1.902888888888889,-0.0764999999999999,-0.16705,309.601,-1.9385999999999999,-1.099875,-0.010999999999999899,-2.8637,-261.85,100.7025,191.004875,0.0,0.0,0.0,0.0,0.6207333333333334,-5.498166666666667,-5.498166666666667,1.1986,-5.327,-1.4547777777777777,-1.7349999999999999,39.047,-1.1501000000000001,-0.2127,25.86,100.0,0.0,0.0,122.73666666666666,0.0,0.0,0.0,0.0,0.0,0.0,0.0,8697.5,0.0,55.0,2.0,140.64333333333332,1.0,0.0,0.0,0.0,0.0,0.0,1.0,0.0,27.759,27.759,0.0,17.284,1.0,55.0,616.79921,10000.0,85.000001,85.000001,85.000001,85.000001,395.0,0.0,0.0,0.0,1.0,166.665,66.818,66.818,60.135,60.135,34.0,-7.475000000000001,0.0,-60.04,0.0,0.0,1755.181,58.31,100.0,22.653,10.027,44.231,17.91,0.0,0.0,35.385,0.0,0.0,0.0,0.0,3772.375,0.0,3697.875,0.0,303.456,315.0,317.0015,325.0,26.1133,22.861,26.0926,24.7261,314.999998,314.999998,324.999988,324.999988,99.6508,99.56393333333334,99.66797142857143,99.62595714285715,-5.022333333333334,0.0,-2.6941666666666664,0.0,-0.15166666666667084,0.0,1.0919999999999999,0.0,64.208,43.8815,64.07900000000001,55.5385,76.504,59.476,79.8435,72.939,73.639,56.879,78.3425,70.8605,71.344,55.201,77.3185,69.524,4.54,-4.5595,0.09217,0.10189000000000001,0.0,123.245,120.395,121.44666666666667,124.02666666666667,0.0,0.0
556,0.0,0.0,0.0,1.0,1.0,0.0,0.0,1.0,0.0,100.0,1.0,1.1856,26.0,0.0,0.0,0.0,57.999998,0.0,26.0,26.0,26.0,26.0,-2.5503333333333336,0.3366,-0.0204,306.87,-1.9626,-0.88925,-0.20355,0.31190000000000007,-263.5,99.5775,191.052625,0.0,0.0,0.0,0.0,0.6219,-5.498166666666667,-5.498166666666667,1.1326,0.9823333333333333,-1.2724444444444445,-0.4059999999999999,39.073,-1.2833,-0.17765,34.184000000000005,100.0,0.0,0.0,124.46666666666667,0.0,0.0,0.0,0.0,0.0,0.0,0.0,8820.1,0.0,55.0,2.0,140.70666666666668,0.0,0.0,0.0,0.0,0.0,0.0,1.0,0.0,27.810000000000002,27.810000000000002,0.0,17.284,0.0,55.0,616.79921,10000.0,85.000001,85.000001,85.000001,85.000001,395.0,0.0,0.0,0.0,1.0,166.665,63.309,63.309,62.378,62.378,34.0,-11.945,-6.564,-36.263333333333335,-10.5975,0.0,1755.13,56.22,100.0,23.652,11.331,39.185,16.399,0.0,0.0,100.0,0.0,0.0,0.0,0.0,4219.375,1341.3,3368.0,2045.4,303.7085,310.40133333333335,317.924,320.5355,26.1182,22.8659,26.098,24.7312,314.999998,314.999998,324.999988,324.999988,99.65128571428572,99.56396666666667,99.66821428571428,99.62605714285715,-4.882333333333333,-4.8675,-3.2395,-3.0816666666666666,-0.24833333333332774,-0.2666666666666657,2.7984999999999998,4.895,64.239,43.911500000000004,64.113,55.57,76.665,59.462,79.885,72.9205,73.797,56.867000000000004,78.3875,70.845,71.493,55.19,77.3635,69.51033333333334,4.4555,-4.49,0.10414000000000001,0.10639000000000001,0.0,123.825,120.87,124.1,124.83333333333333,0.0,0.0
557,0.0,0.0,0.0,1.0,1.0,0.0,0.0,1.0,0.0,100.0,1.0,1.1856,26.0,0.0,0.0,0.0,57.999998,0.0,26.0,26.0,26.0,26.0,-1.9282222222222223,0.7176,0.1109,307.648,-1.724,-1.14275,0.017200000000000104,0.14240000000000008,-265.08,98.555,191.098875,0.0,0.0,0.0,0.0,0.623,-5.498166666666667,-5.498166666666667,1.3206,3.6246666666666667,-1.4632222222222224,-2.315,39.286,-1.5259,-0.10295,37.996,100.0,0.0,0.0,127.31,0.0,0.0,0.0,0.0,0.0,0.0,0.0,9021.7,0.0,55.0,2.0,141.48,1.0,0.0,0.0,0.0,0.0,0.0,1.0,0.0,27.858,27.858,0.0,17.284,1.0,55.0,616.79921,10000.0,85.000001,85.000001,85.000001,85.000001,395.0,0.0,0.0,0.0,1.0,333.33500000000004,68.863,68.863,61.584,61.584,34.0,-17.5525,0.0,-46.553333333333335,1.7874999999999996,0.0,1755.082,50.015,100.0,24.332,11.92,40.412,17.084,0.0,0.0,20.0,0.0,0.0,0.0,0.0,3501.625,0.0,4937.0,1733.6,305.5685,315.0,314.6315,321.28725,26.1229,22.8704,26.1036,24.7361,314.999998,314.999998,324.999988,324.999988,99.6517,99.56401666666666,99.6686,99.62622857142857,-4.534666666666666,0.0,-3.6681666666666666,-3.519,-0.21666666666666856,0.0,3.2855,10.067,64.268,43.94,64.148,55.6005,76.802,59.442,79.9865,72.9475,73.931,56.849000000000004,78.4935,70.8755,71.619,55.173,77.468,69.542,4.022,-4.0535000000000005,0.108215,0.13015500000000002,0.0,124.89,121.135,124.75333333333333,129.87,0.0,0.0
558,0.0,0.0,0.0,1.0,1.0,0.0,0.0,1.0,0.0,100.0,1.0,1.1856,26.0,0.0,0.0,0.0,57.999998,0.0,26.0,26.0,26.0,26.0,-1.7645555555555554,0.6069,-0.0236,312.027,-1.8524,-4.02375,-0.13549999999999995,0.16470000000000007,-266.69,97.565,191.145,0.0,0.0,0.0,0.0,0.6241,-5.498166666666667,-5.498166666666667,1.3738000000000001,-4.03,-1.4376666666666664,-1.8639999999999999,39.493,-1.7518,-0.058750000000000004,27.612000000000002,100.0,0.0,0.0,126.81,0.0,0.0,0.0,0.0,0.0,0.0,0.0,8986.3,0.0,55.0,2.0,142.25666666666666,0.0,0.0,0.0,0.0,0.0,0.0,1.0,0.0,27.906,27.906,0.0,17.284,0.0,55.0,616.79921,10000.0,85.000001,85.000001,85.000001,85.000001,395.0,0.0,0.0,0.0,1.0,166.665,80.994,80.994,60.867,60.867,34.0,-1.3399999999999963,0.0,-48.53333333333333,-0.4375,0.0,1755.035,48.995000000000005,100.0,19.526,10.539,44.867000000000004,19.817,0.0,0.0,71.27833333333334,0.0,0.0,0.0,0.0,1766.75,0.0,4806.0,1903.1999999999998,310.402,315.0,314.65475,320.634,26.1265,22.8748,26.1097,24.7412,314.999998,314.999998,324.999988,324.999988,99.65195714285714,99.56401666666666,99.66905714285714,99.62647142857143,-5.0953333333333335,0.0,-3.6585,-3.5005,-0.060000000000002274,0.0,2.875,7.883,64.291,43.967,64.185,55.6325,76.878,59.397999999999996,80.118,72.9975,74.007,56.8085,78.62950000000001,70.928,71.69,55.1345,77.6025,69.59533333333333,3.8625,-3.8555,0.10220000000000001,0.11997500000000001,0.0,124.94,121.135,125.24666666666667,128.37666666666667,0.0,0.0
559,0.0,0.0,0.0,1.0,1.0,0.0,0.0,1.0,0.0,100.0,1.0,1.1856,26.0,0.0,0.0,0.0,57.999998,0.0,26.0,26.0,26.0,26.0,-1.504,-0.2114999999999999,-0.62515,320.602,-1.9093499999999999,-3.987,-0.11624999999999996,0.24940000000000007,-268.43,96.5475,191.1895,0.0,0.0,0.0,0.0,0.6252666666666667,-5.498166666666667,-5.498166666666667,1.0105,-9.488666666666667,-1.466222222222222,0.15100000000000025,39.449,-1.7105000000000001,-0.104225,18.998,100.0,0.0,0.0,121.57666666666667,0.0,0.0,0.0,0.0,0.0,0.0,0.0,8615.4,0.0,55.0,2.0,142.18,1.0,0.0,0.0,0.0,0.0,0.0,1.0,0.0,27.957,27.957,0.0,17.284,1.0,55.0,616.79921,10000.0,85.000001,85.000001,85.000001,85.000001,395.0,0.0,0.0,0.0,1.0,333.33500000000004,86.624,86.624,69.489,69.489,34.0,4.277500000000003,0.0,-39.95666666666666,0.0,0.0,1754.981,56.105000000000004,100.0,15.498,8.562999999999999,42.907,15.052,0.0,0.0,0.0,0.0,0.0,0.0,0.0,1763.125,0.0,3118.75,0.0,310.017,315.0,318.51125,325.0,26.1301,22.8794,26.1155,24.7461,314.999998,314.999998,324.999988,324.999988,99.65222857142857,99.56401666666666,99.66938571428571,99.62652857142857,-6.015,0.0,-3.3113333333333337,0.0,0.060000000000002274,0.0,-0.18700000000000028,0.0,64.313,43.996,64.222,55.663,76.955,59.3515,80.1965,72.9505,74.084,56.7655,78.7125,70.8845,71.761,55.094,77.684,69.55366666666667,4.4190000000000005,-4.3775,0.09105,0.10392000000000001,0.0,124.19,121.135,120.73333333333333,122.42333333333333,0.0,0.0
560,0.0,0.0,0.0,1.0,1.0,0.0,0.0,1.0,0.0,100.0,1.0,1.1856,26.0,0.0,0.0,0.0,57.999998,0.0,26.0,26.0,26.0,26.0,-1.365,-0.20089999999999997,-0.64575,321.869,-2.1238,-3.837125,-0.0625,-2.4691,-270.18,95.565,191.22025,0.0,0.0,0.0,0.0,0.6264333333333333,-5.498166666666667,-5.498166666666667,0.5163,-9.589333333333334,-1.270777777777778,6.579000000000001,39.343,-1.6705,-0.145075,17.014000000000003,100.0,0.0,0.0,121.31666666666666,0.0,0.0,0.0,0.0,0.0,0.0,0.0,8597.0,0.0,55.0,2.0,141.79,0.0,0.0,0.0,0.0,0.0,0.0,0.0,0.0,28.008000000000003,28.008000000000003,0.0,17.284,0.0,55.0,616.79921,10000.0,85.000001,85.000001,85.000001,85.000001,395.0,0.0,0.0,0.0,1.0,333.33500000000004,84.076,84.076,74.738,74.738,34.0,8.314999999999998,0.0,-42.03,0.0,0.0,1754.93,66.925,100.0,14.108,7.102999999999998,35.607,11.657,0.0,0.0,6.12166666666667,0.0,0.0,0.0,0.0,2653.625,0.0,3099.625,0.0,308.068,315.0,318.3625,325.0,26.1338,22.884,26.1207,24.7508,314.999998,314.999998,324.999988,324.999988,99.65254285714286,99.56401666666666,99.6696,99.62652857142857,-6.9030000000000005,0.0,-3.225,0.0,-0.09499999999999886,0.0,0.05750000000000011,0.0,64.337,44.025,64.255,55.6925,77.062,59.305,80.2275,72.8835,74.189,56.723,78.747,70.82,71.859,55.053,77.7185,69.491,5.21,-5.1530000000000005,0.09387000000000001,0.10804000000000001,0.0,123.43,121.135,120.53,122.10666666666667,0.0,0.0
561,0.0,0.0,0.0,1.0,1.0,0.0,0.0,1.0,0.0,100.0,1.0,1.1856,26.0,0.0,0.0,0.0,57.999998,0.0,26.0,26.0,26.0,26.0,-1.8836666666666666,-0.09859999999999991,-0.33490000000000003,315.826,-2.47805,-3.3965,-0.6049,-2.1811,-271.85,94.67,191.2365,0.0,0.0,0.0,0.0,0.6275333333333334,-5.498166666666667,-5.498166666666667,0.2071,-3.326666666666667,-0.7751111111111113,10.928,39.229,-1.6143,-0.126325,23.304000000000002,100.0,0.0,0.0,120.97333333333333,0.0,0.0,0.0,0.0,0.0,0.0,0.0,8572.6,0.0,55.0,2.0,141.36666666666667,1.0,0.0,0.0,0.0,0.0,0.0,0.0,0.0,28.056,28.056,0.0,17.284,1.0,55.0,616.79921,10000.0,85.000001,85.000001,85.000001,85.000001,395.0,0.0,0.0,0.0,1.0,333.33500000000004,69.397,69.397,76.63,76.63,34.0,14.649999999999999,0.08599999999999852,-25.45,-11.8825,0.0,1754.883,70.16,100.0,18.612000000000002,6.66,28.681,10.504000000000001,0.0,0.0,13.165,0.0,0.0,0.0,0.0,4202.25,305.4000000000001,2378.25,1027.3999999999999,303.869,314.846,320.1055,322.36575,26.1383,22.8883,26.1253,24.7553,314.999998,314.999998,324.999988,324.999988,99.6531,99.56401666666666,99.66975714285714,99.62655714285714,-7.008,-6.9575000000000005,-3.4076666666666666,-3.2538333333333336,-0.25,-0.4033333333333289,0.5284999999999997,1.5335,64.365,44.052,64.283,55.7205,77.267,59.264,80.2335,72.83500000000001,74.386,56.685500000000005,78.7555,70.774,72.042,55.0175,77.7265,69.44566666666667,5.5475,-5.5135000000000005,0.09434000000000001,0.10697000000000001,0.0,123.255,121.165,121.27333333333333,120.67333333333333,0.0,0.0
562,0.0,0.0,0.0,1.0,1.0,0.0,0.0,1.0,0.0,100.0,1.0,1.1856,26.0,0.0,0.0,0.0,57.999998,0.0,26.0,26.0,26.0,26.0,-3.0936666666666666,-0.4472999999999999,0.3311,307.373,-1.93045,-3.6906250000000003,-0.18259999999999998,-2.5418000000000003,-273.63,93.775,191.24975,0.0,0.0,0.0,0.0,0.6286666666666667,-5.498166666666667,-5.498166666666667,0.2892,4.000333333333334,-1.3374444444444444,-23.805,39.005,-1.1673,-0.163975,35.762,100.0,0.0,0.0,118.49666666666667,0.0,0.0,0.0,0.0,0.0,0.0,0.0,8397.1,0.0,55.0,2.0,140.54,0.0,0.0,0.0,0.0,0.0,0.0,0.0,0.0,28.107,28.107,0.0,17.284,0.0,55.0,616.79921,10000.0,85.000001,85.000001,85.000001,85.000001,395.0,0.0,0.0,0.0,1.0,333.33500000000004,58.777,58.777,67.947,67.947,34.0,-14.7925,-1.8640000000000043,-89.56666666666666,-2.182500000000001,0.0,1754.831,64.04,100.0,29.322,12.472,35.004,11.547999999999998,0.0,0.0,0.0,0.0,0.0,0.0,0.0,6237.25,283.5,5234.125,251.5999999999999,298.754,313.61,314.11025,324.37625,26.1441,22.8932,26.1308,24.7603,314.999998,314.999998,324.999988,324.999988,99.65384285714286,99.56418333333333,99.67001428571429,99.62665714285714,-5.105,-5.0992500000000005,-2.8681666666666668,-2.7641666666666667,-0.2183333333333266,0.016666666666672825,-0.5285000000000002,-0.677,64.401,44.0825,64.318,55.7515,77.53,59.337,80.284,72.8275,74.641,56.752,78.8085,70.767,72.276,55.0785,77.778,69.437,5.0600000000000005,-5.117,0.08104,0.10638,0.0,123.81,121.175,120.03,116.96666666666667,0.0,0.0
563,0.0,0.0,0.0,1.0,1.0,0.0,0.0,1.0,0.0,100.0,1.0,1.1856,26.0,0.0,0.0,0.0,57.999998,0.0,26.0,26.0,26.0,26.0,-2.3455555555555554,0.8151000000000002,0.37385,305.161,-1.48755,-4.11725,0.06164999999999998,-2.8937,-275.44,92.945,191.273,0.0,0.0,0.0,0.0,0.6298333333333334,-5.498166666666667,-5.498166666666667,0.6167,5.867333333333333,-1.5721111111111115,6.7509999999999994,39.169,-1.1948,-0.17772500000000002,37.632,100.0,0.0,0.0,126.14333333333333,0.0,0.0,0.0,0.0,0.0,0.0,0.0,8939.0,0.0,55.0,2.0,140.99666666666667,1.0,0.0,0.0,0.0,0.0,0.0,0.0,0.0,28.158,28.158,0.0,17.284,1.0,55.0,616.79921,10000.0,85.000001,85.000001,85.000001,85.000001,395.0,0.0,0.0,0.0,1.0,166.665,65.521,65.521,57.892,57.892,34.0,-42.805,0.0,-71.61,-5.077500000000001,0.0,1754.783,47.19,100.0,32.339,13.212,48.128,13.940999999999999,0.0,0.0,100.0,0.0,0.0,0.0,0.0,4392.25,0.0,6017.875,1775.1999999999998,303.058,315.0,312.23425,320.9735,26.1505,22.8978,26.1377,24.7652,314.999998,314.999998,324.999988,324.999988,99.65441428571428,99.56418333333333,99.67047142857143,99.6268,-4.020333333333333,0.0,-3.2643333333333335,-3.1351666666666667,-0.11833333333333229,0.0,3.3605,7.1315,64.44,44.111,64.361,55.7825,77.717,59.2935,80.4075,72.8435,74.825,56.712,78.937,70.781,72.452,55.0405,77.9055,69.447,3.8505000000000003,-3.9270000000000005,0.109825,0.11740500000000001,0.0,124.615,121.165,125.43666666666667,126.85,0.0,0.0
564,0.0,0.0,0.0,1.0,1.0,0.0,0.0,1.0,0.0,100.0,1.0,1.1856,26.0,0.0,0.0,0.0,57.999998,0.0,26.0,26.0,26.0,26.0,-1.7706666666666666,0.7943,-0.1467,308.075,-2.0138,-3.62425,-0.3901,-2.5170000000000003,-277.29,92.1625,191.304625,0.0,0.0,0.0,0.0,0.631,-5.498166666666667,-5.498166666666667,0.7761,-1.2843333333333335,-1.1961111111111116,4.013,39.577,-1.3277,-0.12840000000000001,28.264000000000003,100.0,0.0,0.0,127.05666666666667,0.0,0.0,0.0,0.0,0.0,0.0,0.0,9003.6,0.0,55.0,2.0,142.48,0.0,0.0,0.0,0.0,0.0,0.0,0.0,0.0,28.209,28.209,0.0,17.284,0.0,55.0,616.79921,10000.0,85.000001,85.000001,85.000001,85.000001,395.0,0.0,0.0,0.0,1.0,166.665,72.174,72.174,56.961,56.961,34.0,-21.162499999999998,0.0,-39.02666666666667,-9.197500000000002,0.0,1754.731,40.5,100.0,23.368,12.251,46.954,20.573,0.0,0.0,100.0,0.0,0.0,0.0,0.0,2559.875,0.0,4243.75,1933.0,308.122,315.0,315.90575,320.59225,26.155,22.9023,26.1443,24.7707,314.999998,314.999998,324.999988,324.999988,99.6547,99.56418333333333,99.67094285714286,99.62704285714285,-3.8840000000000003,0.0,-3.1065,-2.9256666666666664,-0.14666666666666828,0.0,4.085,6.0280000000000005,64.469,44.1395,64.402,55.817,77.794,59.247,80.542,72.92,74.902,56.6695,79.076,70.852,72.524,54.9995,78.042,69.51066666666667,3.1975,-3.2300000000000004,0.112265,0.11806000000000001,0.0,125.36,121.165,127.05666666666667,127.05666666666667,0.0,0.0
565,0.0,0.0,0.0,1.0,1.0,0.0,0.0,1.0,0.0,100.0,1.0,1.1856,26.0,0.0,0.0,0.0,57.999998,0.0,26.0,26.0,26.0,26.0,-1.579222222222222,0.8135000000000001,-0.26045,310.44,-2.2035,-3.536125,-0.55935,-2.2508,-279.07,91.4575,191.332,0.0,0.0,0.0,0.0,0.6321,-5.498166666666667,-5.498166666666667,0.6973,-2.5343333333333335,-1.0452222222222223,1.266,39.893,-1.5091,-0.048650000000000006,26.689999999999998,100.0,0.0,0.0,129.31666666666666,0.0,0.0,0.0,0.0,0.0,0.0,0.0,9163.8,0.0,55.0,2.0,143.64,1.0,0.0,0.0,0.0,0.0,0.0,0.0,0.0,28.256999999999998,28.256999999999998,0.0,17.284,1.0,55.0,616.79921,10000.0,85.000001,85.000001,85.000001,85.000001,395.0,0.0,0.0,0.0,1.0,333.33500000000004,73.227,73.227,61.203,61.203,34.0,-21.634999999999998,0.0,-18.756666666666668,-4.8225,0.0,1754.681,36.47,100.0,19.506999999999998,10.08,42.112,20.197,0.0,0.0,86.12,0.0,0.0,0.0,0.0,2738.125,0.0,3564.25,1839.1999999999998,307.9235,315.0,317.523,320.94025,26.159,22.9065,26.1497,24.7755,314.999998,314.999998,324.999988,324.999988,99.65492857142857,99.56418333333333,99.6713,99.62724285714286,-3.8986666666666667,0.0,-3.2488333333333337,-3.0638333333333336,-0.19999999999999574,0.0,5.3795,7.3285,64.493,44.166,64.436,55.847,77.854,59.2005,80.634,72.9655,74.962,56.6265,79.1705,70.895,72.578,54.959,78.134,69.54866666666666,2.8950000000000005,-2.8955,0.10928,0.11292,0.0,126.185,121.165,129.31666666666666,129.31666666666666,0.0,0.0
566,0.0,0.0,0.0,1.0,1.0,0.0,0.0,1.0,0.0,100.0,1.0,1.1856,26.0,0.0,0.0,0.0,57.999998,0.0,26.0,26.0,26.0,26.0,-1.9683333333333333,0.7210000000000001,-0.013600000000000001,307.877,-2.0516,-3.698875,-0.5280499999999999,-2.2818,-280.98,90.74000000000001,191.357125,0.0,0.0,0.0,0.0,0.6333000000000001,-5.498166666666667,-5.498166666666667,0.5678000000000001,-2.3040000000000003,-1.1294444444444443,-1.26,40.269,-1.4791,-0.13090000000000002,26.270000000000003,100.0,0.0,0.0,130.24666666666667,0.0,0.0,0.0,0.0,0.0,0.0,0.0,9229.7,0.0,55.0,2.0,145.0,0.0,0.0,0.0,0.0,0.0,0.0,0.0,0.0,28.308,28.308,0.0,17.284,0.0,55.0,616.79921,10000.0,85.000001,85.000001,85.000001,85.000001,395.0,0.0,0.0,0.0,1.0,333.33500000000004,67.886,67.886,62.012,62.012,34.0,-59.3175,0.0,-32.123333333333335,-3.7675,0.0,1754.63,30.28,100.0,21.289,8.717,41.274,21.233,0.0,0.0,100.0,0.0,0.0,0.0,0.0,4540.5,0.0,4068.25,1457.5,303.078,315.0,316.34,321.739,26.164,22.911,26.1557,24.7809,314.999998,314.999998,324.999988,324.999988,99.65527142857142,99.56418333333333,99.6717,99.62748571428571,-3.4443333333333332,0.0,-3.1323333333333334,-2.9415,-0.173333333333332,0.0,4.503,7.251,64.525,44.194,64.473,55.8805,77.952,59.1535,80.7405,73.03,75.058,56.5835,79.2795,70.956,72.667,54.918,78.239,69.604,2.441,-2.4524999999999997,0.11107000000000002,0.11904500000000001,0.0,127.385,121.165,129.59,130.90666666666667,0.0,0.0
567,0.0,0.0,0.0,1.0,1.0,0.0,0.0,1.0,0.0,100.0,1.0,1.1856,26.0,0.0,0.0,0.0,57.999998,0.0,26.0,26.0,26.0,26.0,-1.7346666666666666,0.9913000000000001,-0.10450000000000001,308.823,-2.0807,-3.695875,-0.6685,-2.1141,-282.82,90.10249999999999,191.381125,0.0,0.0,0.0,0.0,0.6344333333333333,-5.498166666666667,-5.498166666666667,0.5841000000000001,0.08566666666666656,-0.9888888888888889,2.4530000000000003,40.627,-1.5855000000000001,-0.10600000000000001,28.008000000000003,100.0,0.0,0.0,132.04,0.0,0.0,0.0,0.0,0.0,0.0,0.0,9356.9,0.0,55.0,2.0,146.27,1.0,0.0,0.0,0.0,0.0,0.0,0.0,0.0,28.356,28.356,0.0,17.284,1.0,55.0,616.79921,10000.0,85.000001,85.000001,85.000001,85.000001,395.0,0.0,0.0,0.0,1.0,333.33500000000004,70.74,70.74,62.057,62.057,34.0,-46.2175,0.0,-18.596666666666664,-6.9025,0.0,1754.584,20.835,100.0,21.698999999999998,8.911,40.316,21.397,0.0,0.0,100.0,0.0,0.0,0.0,0.0,2938.625,0.0,4011.875,2638.9,307.099,315.0,316.53275,319.27125,26.1689,22.9152,26.1614,24.785800000000002,314.999998,314.999998,324.999988,324.999988,99.65551428571429,99.56418333333333,99.67207142857143,99.6277,-2.7716666666666665,0.0,-3.359,-3.1755,-0.173333333333332,0.0,5.6345,7.516,64.556,44.22,64.508,55.911500000000004,78.02,59.1125,80.842,73.095,75.124,56.545,79.383,71.0185,72.729,54.8815,78.3395,69.66066666666667,1.7149999999999999,-1.729,0.11241000000000001,0.119345,0.0,128.79500000000002,121.165,132.04,132.04,0.0,0.0
568,0.0,0.0,0.0,1.0,1.0,0.0,0.0,1.0,0.0,100.0,1.0,1.1856,26.0,0.0,0.0,0.0,57.999998,0.0,26.0,26.0,26.0,26.0,-1.7097777777777778,0.7995000000000001,-0.14595,310.486,-1.9730999999999999,-3.80075,-0.5671999999999999,-2.2312000000000003,-284.8,89.4625,191.40575,0.0,0.0,0.0,0.0,0.6356333333333334,-5.498166666666667,-5.498166666666667,0.4847,-4.197,-1.0984444444444446,-3.957,41.059,-1.5836000000000001,-0.14550000000000002,20.996,100.0,0.0,0.0,132.47666666666666,0.0,0.0,0.0,0.0,0.0,0.0,0.0,9387.7,0.0,55.0,2.0,147.84666666666666,0.0,0.0,0.0,0.0,0.0,0.0,0.0,0.0,28.407,28.407,0.0,17.284,0.0,55.0,616.79921,10000.0,85.000001,85.000001,85.000001,85.000001,395.0,0.0,0.0,0.0,1.0,333.33500000000004,73.761,73.761,62.363,62.363,34.0,-54.845,0.0,-34.343333333333334,-5.095000000000001,0.0,1754.532,16.619999999999997,100.0,19.185,8.677,41.103,22.2,0.0,0.0,100.0,0.0,0.0,0.0,0.0,3289.5,0.0,4282.875,1542.5,306.6245,315.0,315.95975,321.36525,26.1734,22.9196,26.1676,24.7914,314.999998,314.999998,324.999988,324.999988,99.6557,99.56418333333333,99.67251428571429,99.62797142857143,-2.608,0.0,-3.0453333333333337,-2.8368333333333338,-0.11166666666667169,0.0,4.6,6.839,64.584,44.2475,64.548,55.946,78.051,59.065,80.965,73.1755,75.156,56.5015,79.508,71.095,72.758,54.8405,78.4595,69.73133333333334,1.3054999999999999,-1.3040000000000003,0.11246,0.12331500000000001,0.0,129.765,121.165,131.81666666666666,133.13666666666666,0.0,0.0
569,0.0,0.0,0.0,1.0,1.0,0.0,0.0,1.0,0.0,100.0,1.0,1.1856,26.0,0.0,0.0,0.0,57.999998,0.0,26.0,26.0,26.0,26.0,-1.5651111111111111,0.734,-0.28090000000000004,311.035,-2.0217,-3.761375,-0.6405,-2.0958,-286.82,88.85499999999999,191.42675,0.0,0.0,0.0,0.0,0.6368666666666667,-5.498166666666667,-5.498166666666667,0.38270000000000004,-0.7370000000000001,-0.9430000000000001,6.897,41.36,-1.6304,-0.11085,23.188000000000002,100.0,0.0,0.0,135.46333333333334,0.0,0.0,0.0,0.0,0.0,0.0,0.0,9599.4,0.0,55.0,2.0,148.93666666666667,1.0,0.0,0.0,0.0,0.0,0.0,0.0,0.0,28.458,28.458,0.0,17.284,1.0,55.0,616.79921,10000.0,85.000001,85.000001,85.000001,85.000001,395.0,0.0,0.0,0.0,1.0,166.665,71.747,71.747,64.804,64.804,34.0,-58.4675,0.0,-19.32333333333333,-0.5750000000000011,0.0,1754.482,9.04,100.0,19.728,8.471,39.069,19.945999999999998,0.0,0.0,100.0,0.0,0.0,0.0,0.0,3152.75,0.0,3085.375,1742.6,306.564,315.0,318.3105,321.08175,26.1784,22.924,26.1735,24.7963,314.999998,314.999998,324.999988,324.999988,99.6559,99.56418333333333,99.67287142857143,99.62815714285715,-2.163666666666667,0.0,-3.214,-3.0223333333333335,-0.0899999999999963,0.0,4.804,9.558,64.615,44.275,64.58500000000001,55.977000000000004,78.094,59.0175,81.053,73.218,75.199,56.458,79.5985,71.135,72.797,54.799,78.547,69.76666666666667,0.8085,-0.8130000000000002,0.10600000000000001,0.12123,0.0,130.955,121.165,133.89333333333335,137.03666666666666,0.0,0.0
570,0.0,0.0,0.0,1.0,1.0,0.0,0.0,1.0,0.0,100.0,1.0,1.1856,26.0,0.0,0.0,0.0,57.999998,0.0,26.0,26.0,26.0,26.0,-1.8391111111111111,0.9912000000000001,0.16545,307.465,-2.1689499999999997,-3.6455,-0.8305,-1.9443000000000001,-288.86,88.2825,191.442625,0.0,0.0,0.0,0.0,0.6380666666666668,-5.498166666666667,-5.498166666666667,0.3905,-0.776,-0.7481111111111112,-4.656000000000001,41.777,-1.6813,-0.06407500000000001,20.726,100.0,0.0,0.0,134.81666666666666,0.0,0.0,0.0,0.0,0.0,0.0,0.0,9553.6,0.0,55.0,2.0,150.41666666666666,0.0,0.0,0.0,0.0,0.0,0.0,1.0,0.0,28.509,28.509,0.0,17.284,0.0,55.0,616.79921,10000.0,85.000001,85.000001,85.000001,85.000001,395.0,0.0,0.0,0.0,1.0,166.665,68.405,68.405,61.02,61.02,34.0,-65.3125,-6.024000000000001,-26.23,-13.32,0.0,1754.431,2.955000000000002,100.0,19.537,9.237,37.541,23.645,0.0,0.0,100.0,0.0,0.0,0.0,0.0,3410.875,752.8999999999999,4304.625,3041.7,306.1885,312.5926666666667,315.98975,318.1735,26.1831,22.9284,26.1795,24.8021,314.999998,314.999998,324.999988,324.999988,99.65604285714285,99.5642,99.67328571428571,99.62851428571429,-1.676,-1.69375,-3.1305,-2.9261666666666666,-0.11666666666666714,-1.1000000000000014,5.2575,6.6425,64.644,44.3025,64.622,56.013,78.11,58.9915,81.1705,73.3355,75.216,56.4335,79.717,71.248,72.812,54.7755,78.6605,69.87166666666667,0.24149999999999983,-0.2520000000000002,0.11539,0.13135000000000002,0.0,132.225,129.535,134.81666666666666,134.81666666666666,0.0,0.0
571,0.0,0.0,0.0,1.0,1.0,0.0,0.0,1.0,0.0,100.0,1.0,1.1856,26.0,0.0,0.0,0.0,57.999998,0.0,26.0,26.0,26.0,26.0,-1.6993333333333334,0.8931,0.0362,306.564,-1.89395,-3.857125,-0.6485,-2.1846,-290.81,87.7775,191.460625,0.0,0.0,0.0,0.0,0.6392666666666668,-5.498166666666667,-5.498166666666667,0.38870000000000005,0.6616666666666666,-0.9649999999999999,-0.0009999999999998899,42.185,-1.4642000000000002,-0.146875,16.002,100.0,0.0,0.0,135.18333333333334,0.0,0.0,0.0,0.0,0.0,0.0,0.0,9579.6,0.0,55.0,2.0,151.87333333333333,1.0,0.0,0.0,0.0,0.0,0.0,1.0,0.0,28.557000000000002,28.557000000000002,0.0,17.284,1.0,55.0,616.79921,10000.0,85.000001,85.000001,85.000001,85.000001,395.0,0.0,0.0,0.0,1.0,333.33500000000004,67.215,67.215,60.593,60.593,34.0,-82.00999999999999,-0.13000000000000256,-47.07333333333333,-10.3125,0.0,1754.381,-0.19000000000000128,100.0,22.078,9.58,40.54,23.719,0.0,0.0,100.0,0.0,0.0,0.0,0.0,4235.125,34.09999999999991,4641.625,2044.5,303.7715,314.74833333333333,315.20225,320.49825,26.1883,22.9325,26.1857,24.8074,314.999998,314.999998,324.999988,324.999988,99.65618571428571,99.56421666666667,99.67371428571428,99.62875714285714,-1.2999999999999998,-1.315,-2.6750000000000003,-2.4606666666666666,-0.1283333333333303,-0.46666666666666856,4.209,5.8045,64.67699999999999,44.328,64.66,56.046,78.128,58.9595,81.289,73.39750000000001,75.236,56.403999999999996,79.837,71.307,72.829,54.7465,78.776,69.92566666666667,-0.04849999999999999,0.025499999999999856,0.11392000000000001,0.12069,0.0,133.405,131.475,134.82333333333332,135.54333333333332,0.0,0.0
572,0.0,0.0,0.0,1.0,1.0,0.0,0.0,1.0,0.0,100.0,1.0,1.1856,26.0,0.0,0.0,0.0,57.999998,0.0,26.0,26.0,26.0,26.0,-1.4228888888888889,0.9541000000000002,0.09115000000000001,306.58,-2.1271,-3.63525,-0.82845,-1.9714,-292.92,87.2775,191.481625,0.0,0.0,0.0,0.0,0.6405000000000001,-5.498166666666667,-5.498166666666667,0.4459,0.9796666666666667,-0.7395555555555555,3.276,42.627,-1.2063000000000001,-0.0942,10.012,100.0,0.0,0.0,135.82,0.0,0.0,0.0,0.0,0.0,0.0,0.0,9624.6,0.0,55.0,2.0,153.42333333333335,0.0,0.0,0.0,0.0,0.0,0.0,1.0,0.0,28.608,28.608,0.0,17.284,0.0,55.0,616.79921,10000.0,85.000001,85.000001,85.000001,85.000001,395.0,0.0,0.0,0.0,1.0,333.33500000000004,67.688,67.688,59.586,59.586,34.0,-55.085,-2.804000000000002,-38.81333333333333,-19.935000000000002,0.0,1754.33,-0.7650000000000006,100.0,21.494,10.26,40.367000000000004,24.326999999999998,0.0,0.0,100.0,0.0,0.0,0.0,0.0,3108.625,784.1999999999998,3748.375,3015.2,306.7885,312.84233333333333,317.04,318.49725,26.1933,22.9368,26.192,24.8131,314.999998,314.999998,324.999988,324.999988,99.65628571428572,99.56421666666667,99.67404285714285,99.62897142857143,-1.124,-1.13925,-2.1453333333333333,-1.921,-0.10999999999999943,-0.33166666666667055,4.1315,4.7945,64.708,44.355000000000004,64.7,56.0815,78.124,58.926,81.3665,73.449,75.233,56.373,79.9165,71.3565,72.826,54.717,78.852,69.97,-0.121,0.09549999999999992,0.11132,0.11625500000000001,0.0,134.555,133.435,135.82,135.82,0.0,0.0
573,0.0,0.0,0.0,1.0,1.0,0.0,0.0,1.0,0.0,100.0,1.0,1.1856,26.0,0.0,0.0,0.0,57.999998,0.0,26.0,26.0,26.0,26.0,-1.2512222222222222,0.9024000000000001,0.085,305.954,-2.11165,-3.5825,-0.846,-2.0051,-294.93,86.8325,191.502125,0.0,0.0,0.0,0.0,0.6417,-5.498166666666667,-5.498166666666667,0.4938,0.854,-0.749222222222222,0.7389999999999999,43.056,-0.8504,-0.0825,6.0859999999999985,100.0,0.0,0.0,136.19333333333333,0.0,0.0,0.0,0.0,0.0,0.0,0.0,9651.1,0.0,55.0,2.0,154.94,1.0,0.0,0.0,0.0,0.0,0.0,1.0,0.0,28.656,28.656,0.0,17.284,1.0,55.0,616.79921,10000.0,85.000001,85.000001,85.000001,85.000001,395.0,0.0,0.0,0.0,1.0,166.665,67.108,67.108,59.25,59.25,34.0,-61.182500000000005,-1.4840000000000018,-48.64,-13.135000000000002,0.0,1754.284,2.344999999999999,100.0,21.373,11.045,40.112,25.698999999999998,0.0,0.0,100.0,0.0,0.0,0.0,0.0,3498.75,608.1999999999998,4169.875,2713.5,305.8235,313.3446666666667,316.214,319.10125,26.1979,22.9408,26.1978,24.8186,314.999998,314.999998,324.999988,324.999988,99.65637142857143,99.56423333333333,99.67431428571429,99.62915714285714,-1.0116666666666667,-1.01975,-1.4726666666666668,-1.2406666666666668,-0.09166666666666856,-0.24499999999999744,3.4645,3.8465,64.737,44.3805,64.736,56.1165,78.113,58.9,81.416,73.489,75.225,56.349000000000004,79.967,71.395,72.81700000000001,54.693,78.8995,70.005,0.11100000000000021,-0.137,0.110475,0.12170500000000001,0.0,135.71,134.99,136.19333333333333,136.19333333333333,0.0,0.0
574,0.0,0.0,0.0,1.0,1.0,0.0,0.0,1.0,0.0,100.0,1.0,1.1856,26.0,0.0,0.0,0.0,57.999998,0.0,26.0,26.0,26.0,26.0,-0.9782222222222222,0.905,0.060700000000000004,305.389,-2.2904999999999998,-3.419,-0.98775,-1.9291,-297.09,86.38749999999999,191.526,0.0,0.0,0.0,0.0,0.6429666666666667,-5.498166666666667,-5.498166666666667,0.522,-0.0003333333333332966,-0.6176666666666666,3.4830000000000005,43.503,-0.523,-0.10145,5.677999999999999,100.0,0.0,0.0,137.02333333333334,0.0,0.0,0.0,0.0,0.0,0.0,0.0,9709.9,0.0,55.0,2.0,156.53,0.0,0.0,0.0,0.0,0.0,0.0,1.0,0.0,28.707,28.707,0.0,17.284,0.0,55.0,616.79921,10000.0,85.000001,85.000001,85.000001,85.000001,395.0,0.0,0.0,0.0,1.0,333.33500000000004,66.895,66.895,58.121,58.121,34.0,-51.1525,-1.5159999999999982,-43.16666666666667,-7.852499999999999,0.0,1754.231,4.940000000000001,100.0,20.81,12.049,40.054,27.426,0.0,0.0,100.0,0.0,0.0,0.0,0.0,3109.625,929.3999999999999,3927.875,3110.8,306.8335,312.2796666666667,316.578,318.15775,26.2028,22.9452,26.2042,24.8246,314.999998,314.999998,324.999988,324.999988,99.65644285714286,99.56426666666667,99.67454285714285,99.62932857142857,-0.8596666666666668,-0.875,-1.0443333333333333,-0.8115,-0.09166666666666856,-0.16833333333332945,3.061,3.41,64.768,44.4075,64.776,56.153999999999996,78.096,58.871,81.451,73.515,75.209,56.322,80.004,71.4205,72.801,54.667,78.9335,70.02733333333333,0.33899999999999997,-0.36949999999999994,0.11048000000000001,0.11989500000000002,0.0,137.05,136.465,137.02333333333334,137.02333333333334,0.0,0.0
575,0.0,0.0,0.0,1.0,1.0,0.0,0.0,1.0,0.0,100.0,1.0,1.1856,26.0,0.0,0.0,0.0,57.999998,0.0,26.0,26.0,26.0,26.0,-0.7633333333333333,0.9036000000000002,0.10790000000000001,305.71,-2.4629,-3.267375,-1.07605,-1.787,-299.28,85.96000000000001,191.551375,0.0,0.0,0.0,0.0,0.6442666666666668,-5.498166666666667,-5.498166666666667,0.522,-0.07966666666666677,-0.4948888888888887,1.145,43.933,-0.3533,-0.09695000000000001,6.832000000000001,100.0,0.0,0.0,138.56666666666666,0.0,0.0,0.0,0.0,0.0,0.0,0.0,9819.4,0.0,55.0,2.0,158.07333333333332,1.0,0.0,0.0,0.0,0.0,0.0,1.0,0.0,28.758000000000003,28.758000000000003,0.0,17.284,1.0,55.0,616.79921,10000.0,85.000001,85.000001,85.000001,85.000001,395.0,0.0,0.0,0.0,1.0,333.33500000000004,66.818,66.818,58.914,58.914,34.0,-41.8425,-0.911999999999999,-33.230000000000004,-2.6325000000000003,0.0,1754.182,7.405000000000001,100.0,20.106,13.052999999999999,38.335,28.691,0.0,0.0,100.0,0.0,0.0,0.0,0.0,2702.0,1225.3999999999999,3616.5,3098.9,307.9055,311.442,317.4245,318.17025,26.2073,22.9497,26.2102,24.8307,314.999998,314.999998,324.999988,324.999988,99.65651428571428,99.56428333333334,99.67472857142857,99.6295,-0.742,-0.75775,-0.8196666666666667,-0.5720000000000001,-0.134999999999998,-0.11833333333333229,3.2035,3.5905,64.79599999999999,44.436,64.814,56.192,78.069,58.8495,81.4625,73.537,75.184,56.302,80.01650000000001,71.44200000000001,72.776,54.647999999999996,78.944,70.04633333333334,0.5345,-0.5634999999999999,0.11480000000000001,0.12567,0.0,138.425,137.78,138.56666666666666,138.56666666666666,0.0,0.0
576,0.0,0.0,0.0,1.0,1.0,0.0,0.0,1.0,0.0,100.0,1.0,1.1856,26.0,0.0,0.0,0.0,57.999998,0.0,26.0,26.0,26.0,26.0,-0.7096666666666667,0.869,-0.11915,305.74,-2.51945,-3.23925,-1.10665,-1.7792,-301.49,85.5475,191.57675,0.0,0.0,0.0,0.0,0.6456000000000001,-5.498166666666667,-5.498166666666667,0.5133,-0.3823333333333332,-0.47044444444444444,0.03299999999999992,44.367,-0.2892,-0.10322500000000001,8.344000000000001,100.0,0.0,0.0,139.89333333333335,0.0,0.0,0.0,0.0,0.0,0.0,0.0,9913.4,0.0,55.0,2.0,159.63666666666666,0.0,0.0,0.0,0.0,0.0,0.0,1.0,0.0,28.809,28.809,0.0,17.284,0.0,55.0,616.79921,10000.0,85.000001,85.000001,85.000001,85.000001,395.0,0.0,0.0,0.0,1.0,166.665,66.727,66.727,58.838,58.838,34.0,-40.8725,0.027999999999998693,-34.446666666666665,-1.5600000000000005,0.0,1754.131,8.120000000000001,100.0,19.731,13.564,37.782,29.395,0.0,0.0,100.0,0.0,0.0,0.0,0.0,2713.75,1231.0,3730.875,2861.4,307.924,311.326,317.20125,318.6645,26.2118,22.9543,26.2164,24.8367,314.999998,314.999998,324.999988,324.999988,99.65655714285714,99.5643,99.67491428571428,99.62965714285714,-0.675,-0.688,-0.776,-0.5328333333333334,-0.08500000000000085,-0.10999999999999943,3.1035,3.5995,64.824,44.4645,64.852,56.2295,78.035,58.826,81.4755,73.55799999999999,75.153,56.2805,80.0305,71.4625,72.746,54.6265,78.9555,70.06466666666667,0.6085000000000003,-0.6364999999999998,0.11881000000000001,0.11524500000000001,0.0,139.79,139.075,139.89333333333335,139.89333333333335,0.0,0.0
577,0.0,0.0,0.0,1.0,1.0,0.0,0.0,1.0,0.0,100.0,1.0,1.1856,26.0,0.0,0.0,0.0,57.999998,0.0,26.0,26.0,26.0,26.0,-0.7102222222222222,-0.19079999999999997,0.00315,305.771,-2.47735,-3.2425,-1.0887,-1.7525,-303.59,85.175,191.600375,0.0,0.0,0.0,0.0,0.6468333333333334,-5.498166666666667,-5.498166666666667,0.4309,-2.4763333333333337,-0.4672222222222224,-0.8739999999999999,44.35,-0.2417,-0.15605,8.485999999999999,100.0,0.0,0.0,135.27666666666667,0.0,0.0,0.0,0.0,0.0,0.0,0.0,9523.9,0.0,55.0,0.0,159.68666666666667,1.0,0.0,0.0,0.0,0.0,0.0,1.0,0.0,28.857,28.857,0.0,17.284,1.0,55.0,616.79921,10000.0,85.000001,85.000001,85.000001,85.000001,395.0,0.0,0.0,0.0,1.0,333.33500000000004,64.682,64.682,59.86,59.86,34.0,-44.7825,1.2340000000000018,-41.00333333333333,-0.870000000000001,0.0,1754.082,8.379999999999999,100.0,20.026,14.735,37.032,28.902,0.0,0.0,0.0,0.0,0.0,0.0,0.0,3014.75,1777.4,3226.625,2276.7,307.168,309.748,318.182,319.90275,26.2161,22.9588,26.222,24.8422,314.999998,314.999998,324.999988,324.999988,99.65661428571428,99.56431666666667,99.675,99.6297,-0.6206666666666667,-0.6447499999999999,-0.6945,-0.4826666666666667,-0.036666666666668846,0.02499999999999858,-0.04600000000000026,0.009500000000000064,64.851,44.4925,64.887,56.2635,78.005,58.807,81.4435,73.526,75.125,56.263,80.0,71.432,72.717,54.6095,78.9245,70.03433333333334,0.6275,-0.669,0.09412500000000001,0.10587500000000001,0.0,139.84,139.14,135.57,134.98666666666668,0.0,0.0
578,0.0,0.0,0.0,1.0,1.0,0.0,0.0,1.0,0.0,100.0,1.0,1.1856,26.0,0.0,0.0,0.0,57.999998,0.0,26.0,26.0,26.0,26.0,-0.7556666666666667,0.7270000000000001,0.028900000000000002,305.435,-2.4663,-3.15325,-1.10735,-1.7662,-305.83,84.7975,191.6255,0.0,0.0,0.0,0.0,0.6481333333333333,-5.498166666666667,-5.498166666666667,0.464,2.150666666666667,-0.4374444444444445,2.0680000000000005,44.679,-0.2818,-0.141875,10.186,100.0,0.0,0.0,139.81,0.0,0.0,0.0,0.0,0.0,0.0,0.0,7956.9,0.0,55.0,3.0,160.77666666666667,0.0,0.0,0.0,0.0,0.0,0.0,1.0,0.0,28.908,28.908,0.0,17.284,0.0,55.0,616.79921,10000.0,85.000001,85.000001,85.000001,85.000001,395.0,0.0,0.0,0.0,1.0,166.665,65.125,65.125,59.723,59.723,34.0,-37.965,1.4799999999999969,-42.18333333333333,-3.5175,0.0,1754.032,7.699999999999999,100.0,21.291,15.529,36.345,28.365,0.0,0.0,100.0,0.0,0.0,0.0,0.0,2665.125,1281.0,3770.875,3152.2,307.806,311.1963333333333,317.0435,318.2385,26.2209,22.9638,26.227899999999998,24.848,314.999998,314.999998,324.999988,324.999988,99.65665714285714,99.56435,99.67515714285715,99.62985714285715,-0.5586666666666666,-0.59,-0.8098333333333334,-0.5801666666666666,-0.08833333333333115,-0.1216666666666697,2.301,2.8865,64.881,44.5235,64.925,56.3,77.974,58.789,81.451,73.5375,75.096,56.2465,80.009,71.4445,72.689,54.593,78.931,70.04433333333333,0.5845000000000002,-0.6350000000000002,0.10765500000000001,0.11385,0.0,141.015,140.1,139.81,139.81,0.0,0.0
579,0.0,0.0,0.0,1.0,1.0,0.0,0.0,1.0,0.0,100.0,1.0,1.1856,26.0,0.0,0.0,0.0,57.999998,0.0,26.0,26.0,26.0,26.0,-0.7585555555555555,0.6383000000000001,-0.02535,305.618,-2.4702,-3.21125,-0.9713,-1.6953,-307.95,84.455,191.6495,0.0,0.0,0.0,0.0,0.6494,-5.498166666666667,-5.498166666666667,0.48450000000000004,-1.1273333333333335,-0.4684444444444442,-0.7090000000000001,44.994,-0.2841,-0.11720000000000001,8.904000000000002,100.0,0.0,0.0,140.56333333333333,0.0,0.0,0.0,0.0,0.0,0.0,0.0,7999.8,0.0,55.0,3.0,161.91333333333333,1.0,0.0,0.0,0.0,0.0,0.0,1.0,0.0,28.956,28.956,0.0,17.284,1.0,55.0,616.79921,10000.0,85.000001,85.000001,85.000001,85.000001,395.0,0.0,0.0,0.0,1.0,166.665,65.93299999999999,65.93299999999999,59.845,59.845,34.0,-42.76,-0.1460000000000008,-43.269999999999996,-2.2650000000000006,0.0,1753.985,8.86,100.0,20.508,14.681,36.573,29.62,0.0,0.0,100.0,0.0,0.0,0.0,0.0,2843.25,1014.5,3980.375,2756.6,307.607,312.0636666666667,316.65425,318.8475,26.225,22.9679,26.2337,24.8537,314.999998,314.999998,324.999988,324.999988,99.6567,99.56436666666667,99.6753,99.62998571428571,-0.6663333333333332,-0.696,-0.755,-0.5265,-0.06833333333332803,-0.10999999999999943,2.152,2.6645,64.906,44.5495,64.96000000000001,56.336,77.938,58.7625,81.444,73.545,75.063,56.222,80.003,71.4525,72.657,54.57,78.9235,70.05066666666667,0.6495000000000002,-0.6935000000000002,0.10743000000000001,0.110975,0.0,141.8,141.02,140.56333333333333,140.56333333333333,0.0,0.0
580,0.0,0.0,0.0,1.0,1.0,0.0,0.0,1.0,0.0,100.0,1.0,1.1856,26.0,0.0,0.0,0.0,57.999998,0.0,26.0,26.0,26.0,26.0,-0.7917777777777778,0.6587000000000001,0.0029000000000000002,305.45,-2.50915,-3.14975,-1.1268,-1.7196,-310.36,84.0875,191.676125,0.0,0.0,0.0,0.0,0.6508333333333334,-5.498166666666667,-5.498166666666667,0.44430000000000003,0.19633333333333336,-0.4159999999999999,1.3719999999999999,45.334,-0.2852,-0.14377500000000001,10.254000000000001,100.0,0.0,0.0,141.89333333333335,0.0,0.0,0.0,0.0,0.0,0.0,0.0,8075.6,0.0,55.0,3.0,163.13666666666666,0.0,0.0,0.0,0.0,0.0,0.0,0.0,0.0,29.009999999999998,29.009999999999998,0.0,17.284,0.0,55.0,616.79921,10000.0,85.000001,85.000001,85.000001,85.000001,395.0,0.0,0.0,0.0,1.0,166.665,64.926,64.926,60.104,60.104,34.0,-44.495,-0.3819999999999979,-38.25333333333333,-3.147500000000001,0.0,1753.93,8.975000000000001,100.0,20.756,14.991,36.712,29.164,0.0,0.0,100.0,0.0,0.0,0.0,0.0,2900.25,1494.5,3505.125,2851.1,307.278,310.6526666666667,317.631,318.75925,26.23,22.9729,26.240099999999998,24.8599,314.999998,314.999998,324.999988,324.999988,99.65674285714286,99.5644,99.67545714285714,99.6301,-0.6663333333333332,-0.69075,-0.806,-0.5686666666666667,-0.07333333333333059,-0.10333333333333172,2.336,2.8975,64.937,44.5805,65.001,56.3745,77.906,58.7405,81.438,73.5445,75.033,56.202,79.999,71.4525,72.627,54.55,78.9175,70.04933333333334,0.6835,-0.7275,0.10876500000000001,0.11614000000000001,0.0,142.955,142.075,141.89333333333335,141.89333333333335,0.0,0.0
581,0.0,0.0,0.0,1.0,1.0,0.0,0.0,1.0,0.0,100.0,1.0,1.1856,26.0,0.0,0.0,0.0,57.999998,0.0,26.0,26.0,26.0,26.0,-0.7975555555555556,0.6523000000000001,-0.00965,305.603,-2.51605,-3.196625,-1.139,-1.7392,-312.53,83.7775,191.7,0.0,0.0,0.0,0.0,0.6521,-5.498166666666667,-5.498166666666667,0.4651,0.054333333333333345,-0.43488888888888866,-0.587,45.644,-0.3035,-0.13087500000000002,10.006,100.0,0.0,0.0,142.65,0.0,0.0,0.0,0.0,0.0,0.0,0.0,8118.7,0.0,55.0,3.0,164.25,1.0,0.0,0.0,0.0,0.0,0.0,0.0,0.0,29.058,29.058,0.0,17.284,1.0,55.0,616.79921,10000.0,85.000001,85.000001,85.000001,85.000001,395.0,0.0,0.0,0.0,1.0,333.33500000000004,65.842,65.842,59.631,59.631,34.0,-42.0775,-0.16799999999999926,-42.56666666666666,-3.3375000000000004,0.0,1753.881,9.09,100.0,20.41,14.699,36.857,29.346,0.0,0.0,100.0,0.0,0.0,0.0,0.0,2766.125,1233.6,3723.125,2959.8,307.6865,311.39566666666667,317.14175,318.4695,26.2343,22.9772,26.2458,24.8655,314.999998,314.999998,324.999988,324.999988,99.6568,99.56441666666667,99.6756,99.63022857142857,-0.673,-0.69175,-0.7953333333333333,-0.5705,-0.05666666666667197,-0.125,2.142,2.733,64.964,44.6075,65.036,56.4095,77.875,58.7205,81.43299999999999,73.5495,75.005,56.1835,79.99549999999999,71.458,72.599,54.532,78.912,70.05366666666667,0.6819999999999999,-0.718,0.107005,0.11084500000000001,0.0,143.905,143.06,142.65,142.65,0.0,0.0
582,0.0,0.0,0.0,1.0,1.0,0.0,0.0,1.0,0.0,100.0,1.0,1.1856,26.0,0.0,0.0,0.0,57.999998,0.0,26.0,26.0,26.0,26.0,-0.8042222222222222,0.6479000000000001,-0.00865,305.878,-2.49975,-3.1935000000000002,-1.1124,-1.7504,-314.84000000000003,83.465,191.72525,0.0,0.0,0.0,0.0,0.6534333333333333,-5.498166666666667,-5.498166666666667,0.45020000000000004,-0.5780000000000001,-0.4334444444444445,0.31599999999999984,45.964,-0.3141,-0.12862500000000002,10.444000000000003,100.0,0.0,0.0,143.75666666666666,0.0,0.0,0.0,0.0,0.0,0.0,0.0,8181.6,0.0,55.0,3.0,165.40666666666667,0.0,0.0,0.0,0.0,0.0,0.0,0.0,0.0,29.109,29.109,0.0,17.284,0.0,55.0,616.79921,10000.0,85.000001,85.000001,85.000001,85.000001,395.0,0.0,0.0,0.0,1.0,166.665,66.055,66.055,59.998,59.998,34.0,-46.1225,-0.794000000000004,-41.733333333333334,-4.2675,0.0,1753.831,9.235,100.0,20.131999999999998,14.326,37.073,29.179,0.0,0.0,100.0,0.0,0.0,0.0,0.0,2961.125,1131.8,3646.75,2820.4,307.315,311.62,317.333,318.7685,26.2389,22.9817,26.252,24.8714,314.999998,314.999998,324.999988,324.999988,99.65685714285715,99.56443333333333,99.67575714285714,99.63035714285714,-0.718,-0.7384999999999999,-0.849,-0.6203333333333334,-0.07000000000000028,-0.10166666666666657,2.2635,2.858,64.993,44.6355,65.075,56.446,77.845,58.6955,81.4305,73.5505,74.977,56.1605,79.994,71.4595,72.571,54.51,78.9085,70.05366666666667,0.698,-0.734,0.11105500000000001,0.116915,0.0,144.9,144.0,143.75666666666666,143.75666666666666,0.0,0.0
583,0.0,0.0,0.0,1.0,1.0,0.0,0.0,1.0,0.0,100.0,1.0,1.1856,26.0,0.0,0.0,0.0,57.999998,0.0,26.0,26.0,26.0,26.0,-0.8244444444444444,0.6455000000000002,-0.02205,305.786,-2.48255,-3.178,-1.1043,-1.7561,-317.04,83.1875,191.748375,0.0,0.0,0.0,0.0,0.6547333333333334,-5.498166666666667,-5.498166666666667,0.4394,-0.139,-0.43822222222222207,-1.557,46.267,-0.33230000000000004,-0.127975,10.620000000000001,100.0,0.0,0.0,144.67,0.0,0.0,0.0,0.0,0.0,0.0,0.0,8233.6,0.0,55.0,3.0,166.5,1.0,0.0,0.0,0.0,0.0,0.0,0.0,0.0,29.157,29.157,0.0,17.284,1.0,55.0,616.79921,10000.0,85.000001,85.000001,85.000001,85.000001,395.0,0.0,0.0,0.0,1.0,333.33500000000004,65.994,65.994,59.692,59.692,34.0,-47.045,-0.8620000000000019,-44.29333333333334,-4.4475,0.0,1753.782,9.185000000000002,100.0,20.076,14.443,36.981,29.152,0.0,0.0,100.0,0.0,0.0,0.0,0.0,3009.625,1120.8,3816.875,2789.2,307.2195,311.53833333333336,317.02425,318.826,26.2432,22.986,26.2577,24.8769,314.999998,314.999998,324.999988,324.999988,99.6569,99.56446666666666,99.6759,99.63048571428571,-0.7266666666666668,-0.73975,-0.852,-0.6295000000000001,-0.05833333333333002,-0.09499999999999886,2.2315,2.8145,65.02,44.6625,65.11,56.481,77.816,58.676,81.426,73.5545,74.95,56.141999999999996,79.991,71.464,72.545,54.492000000000004,78.904,70.05666666666667,0.7010000000000001,-0.7309999999999999,0.10195000000000001,0.11159500000000001,0.0,145.865,144.95499999999998,144.67,144.67,0.0,0.0
584,0.0,0.0,0.0,1.0,1.0,0.0,0.0,1.0,0.0,100.0,1.0,1.1856,26.0,0.0,0.0,0.0,57.999998,0.0,26.0,26.0,26.0,26.0,-0.8665555555555555,0.6453,-0.00285,305.511,-2.508,-3.197,-1.11005,-1.7634,-319.39,82.9125,191.772875,0.0,0.0,0.0,0.0,0.6561,-5.498166666666667,-5.498166666666667,0.439,-0.1180000000000001,-0.4485555555555556,0.13900000000000023,46.589,-0.3468,-0.12685000000000002,10.562000000000001,100.0,0.0,0.0,145.58,0.0,0.0,0.0,0.0,0.0,0.0,0.0,8285.4,0.0,55.0,3.0,167.65666666666667,0.0,0.0,0.0,0.0,0.0,0.0,0.0,0.0,29.208,29.208,0.0,17.284,0.0,55.0,616.79921,10000.0,85.000001,85.000001,85.000001,85.000001,395.0,0.0,0.0,0.0,1.0,333.33500000000004,65.765,65.765,59.418,59.418,34.0,-46.19,-0.7839999999999989,-44.196666666666665,-4.9125,0.0,1753.732,8.98,100.0,20.476,14.329,37.486,29.081,0.0,0.0,100.0,0.0,0.0,0.0,0.0,2951.75,1254.6999999999998,3746.0,3012.2,307.216,311.35133333333334,317.081,318.4115,26.2479,22.9906,26.2638,24.8828,314.999998,314.999998,324.999988,324.999988,99.65697142857142,99.56448333333333,99.67605714285715,99.63061428571429,-0.7103333333333333,-0.7324999999999999,-0.8593333333333334,-0.6308333333333334,-0.086666666666666,-0.14999999999999858,2.1755,2.7555,65.049,44.691,65.149,56.5175,77.787,58.653999999999996,81.4245,73.55799999999999,74.924,56.122,79.991,71.468,72.518,54.4725,78.902,70.059,0.681,-0.7164999999999999,0.10974,0.11026500000000002,0.0,146.875,145.97,145.58,145.58,0.0,0.0
585,0.0,0.0,0.0,1.0,1.0,0.0,0.0,1.0,0.0,100.0,1.0,1.1856,26.0,0.0,0.0,0.0,57.999998,0.0,26.0,26.0,26.0,26.0,-0.8726666666666667,0.6598000000000002,0.01795,305.222,-2.43665,-3.211125,-1.1268,-1.7978,-321.62,82.67,191.796125,0.0,0.0,0.0,0.0,0.6574333333333333,-5.498166666666667,-5.498166666666667,0.44930000000000003,0.3453333333333334,-0.44499999999999984,0.7650000000000001,46.889,-0.3572,-0.1252,10.544,100.0,0.0,0.0,146.48666666666668,0.0,0.0,0.0,0.0,0.0,0.0,0.0,8336.9,0.0,55.0,3.0,168.73666666666668,1.0,0.0,0.0,0.0,0.0,0.0,0.0,0.0,29.256,29.256,0.0,17.284,1.0,55.0,616.79921,10000.0,85.000001,85.000001,85.000001,85.000001,395.0,0.0,0.0,0.0,1.0,166.665,65.414,65.414,59.296,59.296,34.0,-45.365,-0.6659999999999968,-44.57,-5.442500000000001,0.0,1753.684,8.635000000000002,100.0,20.964,14.526,37.707,29.118,0.0,0.0,100.0,0.0,0.0,0.0,0.0,2924.5,1269.1999999999998,3723.625,3145.7,307.2265,311.2556666666667,317.124,318.14975,26.2524,22.9949,26.2696,24.8884,314.999998,314.999998,324.999988,324.999988,99.65701428571428,99.56451666666666,99.6762,99.63075714285715,-0.7033333333333331,-0.7264999999999999,-0.874,-0.6491666666666667,-0.04999999999999716,-0.10499999999999687,2.152,2.759,65.077,44.718,65.185,56.5525,77.761,58.634,81.4235,73.5615,74.9,56.1035,79.991,71.472,72.494,54.454,78.9,70.06133333333334,0.6550000000000002,-0.694,0.11053500000000001,0.11534000000000001,0.0,147.79500000000002,146.905,146.48666666666668,146.48666666666668,0.0,0.0
586,0.0,0.0,0.0,1.0,1.0,0.0,0.0,1.0,0.0,100.0,1.0,1.1856,26.0,0.0,0.0,0.0,57.999998,0.0,26.0,26.0,26.0,26.0,-0.8626666666666667,0.6459000000000001,0.00645,305.222,-2.4971,-3.216,-1.08445,-1.7957,-324.15,82.4225,191.8225,0.0,0.0,0.0,0.0,0.6589,-5.498166666666667,-5.498166666666667,0.4455,-0.619,-0.43033333333333346,1.085,47.227,-0.3583,-0.126475,9.984000000000002,100.0,0.0,0.0,147.43666666666667,0.0,0.0,0.0,0.0,0.0,0.0,0.0,8391.0,0.0,55.0,3.0,169.95666666666668,0.0,0.0,0.0,0.0,0.0,0.0,0.0,0.0,29.310000000000002,29.310000000000002,0.0,17.284,0.0,55.0,616.79921,10000.0,85.000001,85.000001,85.000001,85.000001,395.0,0.0,0.0,0.0,1.0,166.665,65.796,65.796,58.731,58.731,34.0,-43.6725,-0.8240000000000052,-45.22666666666667,-4.9575,0.0,1753.63,8.475000000000001,100.0,20.688,14.276,38.059,29.468,0.0,0.0,100.0,0.0,0.0,0.0,0.0,2803.625,1307.0,3807.5,3153.1,307.508,311.23566666666665,316.93875,318.116,26.2573,22.9996,26.2762,24.8947,314.999998,314.999998,324.999988,324.999988,99.65708571428571,99.56453333333333,99.67637142857143,99.63088571428571,-0.71,-0.7364999999999999,-0.8511666666666666,-0.6283333333333334,-0.07000000000000028,-0.09833333333332916,2.109,2.6635,65.108,44.7475,65.226,56.592,77.73,58.609,81.4225,73.56700000000001,74.871,56.0805,79.9915,71.478,72.465,54.4315,78.898,70.06533333333334,0.6404999999999998,-0.6825000000000001,0.10860500000000001,0.11639500000000001,0.0,148.825,147.95499999999998,147.43666666666667,147.43666666666667,0.0,0.0
587,0.0,0.0,0.0,1.0,1.0,0.0,0.0,1.0,0.0,100.0,1.0,1.1856,26.0,0.0,0.0,0.0,57.999998,0.0,26.0,26.0,26.0,26.0,-0.8594444444444445,0.6352,-0.03475,305.359,-2.4611,-3.218375,-1.0919,-1.8009,-326.41,82.2175,191.845875,0.0,0.0,0.0,0.0,0.6602333333333333,-5.498166666666667,-5.498166666666667,0.4179,-0.17233333333333323,-0.43166666666666664,1.1099999999999999,47.521,-0.3637,-0.134825,10.309999999999999,100.0,0.0,0.0,148.59,0.0,0.0,0.0,0.0,0.0,0.0,0.0,8456.7,0.0,55.0,3.0,171.01333333333332,1.0,0.0,0.0,0.0,0.0,0.0,0.0,0.0,29.358,29.358,0.0,17.284,1.0,55.0,616.79921,10000.0,85.000001,85.000001,85.000001,85.000001,395.0,0.0,0.0,0.0,1.0,333.33500000000004,65.399,65.399,59.326,59.326,34.0,-47.88,-0.5159999999999982,-42.653333333333336,-4.2675,0.0,1753.582,8.094999999999999,100.0,20.756,14.384,37.942,29.27,0.0,0.0,100.0,0.0,0.0,0.0,0.0,3072.625,1338.3,3696.125,2817.4,306.883,311.141,317.2045,318.8545,26.2616,23.0039,26.282,24.9002,314.999998,314.999998,324.999988,324.999988,99.65712857142857,99.56456666666666,99.67652857142858,99.63101428571429,-0.6930000000000001,-0.71675,-0.8648333333333333,-0.6343333333333334,-0.08166666666667055,-0.086666666666666,2.278,2.838,65.135,44.774,65.262,56.6265,77.702,58.588499999999996,81.4195,73.568,74.845,56.0615,79.99,71.48,72.44,54.4135,78.895,70.06566666666667,0.6179999999999999,-0.661,0.10962500000000001,0.11761,0.0,149.765,148.865,148.59,148.59,0.0,0.0
588,0.0,0.0,0.0,1.0,1.0,0.0,0.0,1.0,0.0,100.0,1.0,1.1856,26.0,0.0,0.0,0.0,57.999998,0.0,26.0,26.0,26.0,26.0,-0.8408888888888889,0.6412,0.012,305.084,-2.4253,-3.214625,-1.09175,-1.7810000000000001,-328.7,82.035,191.86875,0.0,0.0,0.0,0.0,0.6615666666666667,-5.498166666666667,-5.498166666666667,0.4368,0.483,-0.43611111111111134,-0.07600000000000007,47.819,-0.37610000000000005,-0.115675,9.784,100.0,0.0,0.0,149.36666666666667,0.0,0.0,0.0,0.0,0.0,0.0,0.0,8500.9,0.0,55.0,3.0,172.08333333333334,0.0,0.0,0.0,0.0,0.0,0.0,0.0,0.0,29.406,29.406,0.0,17.284,0.0,55.0,616.79921,10000.0,85.000001,85.000001,85.000001,85.000001,395.0,0.0,0.0,0.0,1.0,166.665,65.32300000000001,65.32300000000001,58.99,58.99,34.0,-45.75,0.23799999999999955,-45.593333333333334,-4.702500000000001,0.0,1753.534,7.405000000000001,100.0,20.959,14.67,37.841,29.496,0.0,0.0,100.0,0.0,0.0,0.0,0.0,3024.75,1260.6,3888.375,3014.4,307.0325,311.31966666666665,316.86975,318.394,26.266,23.0082,26.2877,24.9058,314.999998,314.999998,324.999988,324.999988,99.65718571428572,99.56458333333333,99.67667142857142,99.63114285714286,-0.651,-0.671,-0.8478333333333334,-0.6261666666666666,-0.045000000000001705,-0.10499999999999687,2.174,2.7105,65.163,44.801,65.298,56.661500000000004,77.674,58.568,81.4165,73.5735,74.819,56.043,79.9885,71.486,72.413,54.394999999999996,78.8915,70.07,0.5575000000000001,-0.5945,0.10882000000000001,0.11416000000000001,0.0,150.68,149.845,149.36666666666667,149.36666666666667,0.0,0.0
589,0.0,0.0,0.0,1.0,1.0,0.0,0.0,1.0,0.0,100.0,1.0,1.1856,26.0,0.0,0.0,0.0,57.999998,0.0,26.0,26.0,26.0,26.0,-0.8098888888888889,0.6292,0.03825,304.489,-2.48055,-3.203,-1.14685,-1.7961,-331.14,81.8575,191.893625,0.0,0.0,0.0,0.0,0.6629666666666667,-5.498166666666667,-5.498166666666667,0.4444,-0.08400000000000007,-0.4097777777777778,-0.17399999999999993,48.136,-0.3587,-0.12710000000000002,9.082,100.0,0.0,0.0,150.22666666666666,0.0,0.0,0.0,0.0,0.0,0.0,0.0,8549.9,0.0,55.0,3.0,173.23,1.0,0.0,0.0,0.0,0.0,0.0,0.0,0.0,29.457,29.457,0.0,17.284,1.0,55.0,616.79921,10000.0,85.000001,85.000001,85.000001,85.000001,395.0,0.0,0.0,0.0,1.0,333.33500000000004,64.667,64.667,58.762,58.762,34.0,-48.98,0.28999999999999915,-44.373333333333335,-4.1274999999999995,0.0,1753.482,6.98,100.0,21.192,15.014,38.336,30.17,0.0,0.0,100.0,0.0,0.0,0.0,0.0,3227.25,1330.8999999999999,3756.25,3149.4,306.6495,310.965,317.111,318.029,26.2708,23.0127,26.2939,24.9118,314.999998,314.999998,324.999988,324.999988,99.65724285714286,99.56461666666667,99.67684285714286,99.63128571428571,-0.6379999999999999,-0.667,-0.8280000000000001,-0.5986666666666667,-0.0833333333333286,-0.11166666666667169,2.08,2.5965,65.19200000000001,44.8295,65.337,56.699,77.643,58.545,81.416,73.5785,74.791,56.0215,79.989,71.4915,72.386,54.374,78.89,70.07366666666667,0.5154999999999998,-0.5630000000000002,0.107425,0.11592500000000001,0.0,151.655,150.845,150.22666666666666,150.22666666666666,0.0,0.0
590,0.0,0.0,0.0,1.0,1.0,0.0,0.0,1.0,0.0,100.0,1.0,1.1856,26.0,0.0,0.0,0.0,57.999998,0.0,26.0,26.0,26.0,26.0,-0.7551111111111111,0.6356000000000002,0.02315,304.626,-2.49805,-3.196625,-1.1738,-1.7729,-333.6,81.7,191.919125,0.0,0.0,0.0,0.0,0.6644,-5.498166666666667,-5.498166666666667,0.45020000000000004,-0.025333333333333208,-0.3688888888888888,0.9090000000000003,48.449,-0.34800000000000003,-0.1206,8.34,100.0,0.0,0.0,151.22333333333333,0.0,0.0,0.0,0.0,0.0,0.0,0.0,8606.6,0.0,55.0,3.0,174.35666666666665,0.0,0.0,0.0,0.0,0.0,0.0,1.0,0.0,29.508000000000003,29.508000000000003,0.0,17.284,0.0,55.0,616.79921,10000.0,85.000001,85.000001,85.000001,85.000001,395.0,0.0,0.0,0.0,1.0,333.33500000000004,64.987,64.987,58.273,58.273,34.0,-41.1125,1.411999999999999,-41.79666666666667,-2.7699999999999996,0.0,1753.432,6.254999999999999,100.0,21.104,15.157,38.324,30.337,0.0,0.0,100.0,0.0,0.0,0.0,0.0,2821.25,1489.8999999999999,3714.5,3189.5,307.528,310.70166666666665,317.24775,318.0395,26.2753,23.0173,26.3001,24.9179,314.999998,314.999998,324.999988,324.999988,99.6573,99.56463333333333,99.677,99.63142857142857,-0.5856666666666668,-0.6152500000000001,-0.779,-0.549,-0.07166666666666544,-0.09166666666666856,2.176,2.635,65.221,44.858000000000004,65.375,56.7365,77.61,58.5225,81.411,73.5825,74.76,56.001,79.9855,71.496,72.355,54.354,78.8845,70.07633333333334,0.46450000000000014,-0.5105,0.110505,0.11514,0.0,152.565,151.865,151.22333333333333,151.22333333333333,0.0,0.0
591,0.0,0.0,0.0,1.0,1.0,0.0,0.0,1.0,0.0,100.0,1.0,1.1856,26.0,0.0,0.0,0.0,57.999998,0.0,26.0,26.0,26.0,26.0,-0.7146666666666667,0.6178000000000001,-0.02025,304.52,-2.46615,-3.159125,-1.11865,-1.7519,-335.92,81.5675,191.943375,0.0,0.0,0.0,0.0,0.6657666666666667,-5.498166666666667,-5.498166666666667,0.4441,0.1173333333333334,-0.3501111111111115,1.48,48.743,-0.3279,-0.1312,7.8580000000000005,100.0,0.0,0.0,152.21333333333334,0.0,0.0,0.0,0.0,0.0,0.0,0.0,8662.8,0.0,55.0,3.0,175.41333333333333,1.0,0.0,0.0,0.0,0.0,0.0,1.0,0.0,29.556,29.556,0.0,17.284,1.0,55.0,616.79921,10000.0,85.000001,85.000001,85.000001,85.000001,395.0,0.0,0.0,0.0,1.0,166.665,64.636,64.636,58.212,58.212,34.0,-40.605,2.5139999999999993,-38.57,-1.5824999999999996,0.0,1753.385,5.629999999999999,100.0,21.181,15.456999999999999,38.442,30.57,0.0,0.0,100.0,0.0,0.0,0.0,0.0,2868.75,1592.0,3584.125,3063.2,307.3575,310.426,317.42225,318.3255,26.2796,23.0217,26.3058,24.9235,314.999998,314.999998,324.999988,324.999988,99.65734285714285,99.56466666666667,99.67715714285714,99.63155714285715,-0.5336666666666667,-0.5642499999999999,-0.7451666666666666,-0.5083333333333333,-0.07499999999999574,-0.10499999999999687,2.223,2.637,65.248,44.8855,65.412,56.772,77.576,58.502,81.4065,73.5845,74.729,55.982,79.9825,71.4985,72.324,54.335499999999996,78.87950000000001,70.07733333333333,0.4175,-0.46399999999999997,0.114695,0.11657500000000001,0.0,153.47,152.79500000000002,152.21333333333334,152.21333333333334,0.0,0.0
592,0.0,0.0,0.0,1.0,1.0,0.0,0.0,1.0,0.0,100.0,1.0,1.1856,26.0,0.0,0.0,0.0,57.999998,0.0,26.0,26.0,26.0,26.0,-0.669888888888889,0.6335000000000002,0.0151,304.306,-2.46515,-3.13325,-1.1393,-1.7291,-338.42,81.445,191.969375,0.0,0.0,0.0,0.0,0.6672,-5.498166666666667,-5.498166666666667,0.46190000000000003,0.10833333333333339,-0.34466666666666645,0.33499999999999996,49.059,-0.3121,-0.11845,7.082000000000001,100.0,0.0,0.0,153.00666666666666,0.0,0.0,0.0,0.0,0.0,0.0,0.0,8708.1,0.0,55.0,3.0,176.55,0.0,0.0,0.0,0.0,0.0,0.0,1.0,0.0,29.607,29.607,0.0,17.284,0.0,55.0,616.79921,10000.0,85.000001,85.000001,85.000001,85.000001,395.0,0.0,0.0,0.0,1.0,333.33500000000004,64.865,64.865,57.816,57.816,34.0,-40.96,2.9819999999999958,-43.88333333333333,-0.9399999999999995,0.0,1753.331,4.66,100.0,21.014,15.616999999999999,38.284,31.019,0.0,0.0,100.0,0.0,0.0,0.0,0.0,3014.25,1300.3,4020.625,3101.8,307.1095,311.137,316.56775,318.188,26.2841,23.0263,26.312,24.9296,314.999998,314.999998,324.999988,324.999988,99.65738571428571,99.56468333333333,99.6773,99.63168571428571,-0.4706666666666668,-0.50425,-0.7015,-0.47950000000000004,-0.08166666666667055,-0.09833333333332916,2.1195,2.512,65.276,44.914,65.45,56.81,77.538,58.478,81.4005,73.5885,74.693,55.96,79.9775,71.503,72.289,54.3145,78.8725,70.08,0.33499999999999996,-0.38149999999999995,0.108295,0.11403500000000001,0.0,154.445,153.825,153.00666666666666,153.00666666666666,0.0,0.0
593,0.0,0.0,0.0,1.0,1.0,0.0,0.0,1.0,0.0,100.0,1.0,1.1856,26.0,0.0,0.0,0.0,57.999998,0.0,26.0,26.0,26.0,26.0,-0.563,0.629,-0.028300000000000002,304.199,-2.56415,-3.169625,-1.22465,-1.7331,-341.07,81.3325,191.997375,0.0,0.0,0.0,0.0,0.6687666666666667,-5.498166666666667,-5.498166666666667,0.4585,-0.033333333333333215,-0.31477777777777805,-0.42700000000000005,49.389,-0.28550000000000003,-0.12735000000000002,5.798,100.0,0.0,0.0,154.08666666666667,0.0,0.0,0.0,0.0,0.0,0.0,0.0,8769.5,0.0,55.0,3.0,177.74,1.0,0.0,0.0,0.0,0.0,0.0,1.0,0.0,29.661,29.661,0.0,17.284,1.0,55.0,616.79921,10000.0,85.000001,85.000001,85.000001,85.000001,395.0,0.0,0.0,0.0,1.0,166.665,64.606,64.606,57.48,57.48,34.0,-38.0,5.061999999999998,-40.016666666666666,1.7625000000000002,0.0,1753.28,3.455000000000002,100.0,20.691,16.27,38.149,31.66,0.0,0.0,100.0,0.0,0.0,0.0,0.0,2943.75,1436.8999999999999,3893.5,2957.1,307.382,310.625,316.88525,318.42375,26.288800000000002,23.0313,26.3184,24.9361,314.999998,314.999998,324.999988,324.999988,99.65742857142857,99.5647,99.67747142857142,99.63184285714286,-0.3923333333333332,-0.42925,-0.626,-0.396,-0.07333333333333059,-0.09666666666667112,2.1685,2.499,65.305,44.946,65.49,56.851,77.492,58.4535,81.3905,73.59100000000001,74.65,55.9375,79.969,71.5065,72.247,54.292500000000004,78.862,70.082,0.24400000000000022,-0.2915000000000001,0.11059500000000001,0.11593,0.0,155.425,154.89,154.08666666666667,154.08666666666667,0.0,0.0
594,0.0,0.0,0.0,1.0,1.0,0.0,0.0,1.0,0.0,100.0,1.0,1.1856,26.0,0.0,0.0,0.0,57.999998,0.0,26.0,26.0,26.0,26.0,-0.4745555555555555,0.6192,0.043050000000000005,304.047,-2.53695,-3.064625,-1.21525,-1.6349,-343.3,81.25,192.020625,0.0,0.0,0.0,0.0,0.6700666666666667,-5.498166666666667,-5.498166666666667,0.4591,-0.07733333333333325,-0.25522222222222224,0.46499999999999986,49.667,-0.25980000000000003,-0.12102500000000001,4.532,100.0,0.0,0.0,154.83,0.0,0.0,0.0,0.0,0.0,0.0,0.0,8811.7,0.0,55.0,3.0,178.73333333333335,0.0,0.0,0.0,0.0,0.0,0.0,1.0,0.0,29.706,29.706,0.0,17.284,0.0,55.0,616.79921,10000.0,85.000001,85.000001,85.000001,85.000001,395.0,0.0,0.0,0.0,1.0,166.665,64.575,64.575,57.541,57.541,34.0,-30.2025,8.276,-32.82,4.2425,0.0,1753.234,2.405000000000001,100.0,20.54,16.386,37.859,32.177,0.0,0.0,100.0,0.0,0.0,0.0,0.0,2547.875,1846.0,3499.875,3562.7,308.2485,309.664,317.646,317.207,26.2926,23.0356,26.3238,24.9416,314.999998,314.999998,324.999988,324.999988,99.65744285714285,99.56471666666667,99.6776,99.63195714285715,-0.31333333333333324,-0.3435,-0.5501666666666667,-0.322,-0.060000000000002274,-0.07833333333332604,2.175,2.399,65.328,44.972,65.523,56.885,77.45,58.432,81.3805,73.594,74.611,55.917500000000004,79.9605,71.51,72.209,54.272999999999996,78.8515,70.08433333333333,0.16400000000000015,-0.2124999999999999,0.10526500000000001,0.11539,0.0,156.225,155.805,154.83,154.83,0.0,0.0
595,0.0,0.0,0.0,1.0,1.0,0.0,0.0,1.0,0.0,100.0,1.0,1.1856,26.0,0.0,0.0,0.0,57.999998,0.0,26.0,26.0,26.0,26.0,-0.3937777777777778,0.6213000000000002,0.0307,303.68,-2.4276,-2.9548750000000004,-1.19995,-1.6817000000000002,-345.84000000000003,81.1675,192.047,0.0,0.0,0.0,0.0,0.6715333333333333,-5.498166666666667,-5.498166666666667,0.451,0.04599999999999993,-0.2916666666666665,-0.45399999999999996,49.977000000000004,-0.2214,-0.1236,3.532,100.0,0.0,0.0,155.84666666666666,0.0,0.0,0.0,0.0,0.0,0.0,0.0,8869.6,0.0,55.0,3.0,179.85666666666668,1.0,0.0,0.0,0.0,0.0,0.0,1.0,0.0,29.756999999999998,29.756999999999998,0.0,17.284,1.0,55.0,616.79921,10000.0,85.000001,85.000001,85.000001,85.000001,395.0,0.0,0.0,0.0,1.0,333.33500000000004,63.828,63.828,56.351,56.351,34.0,-32.5975,8.918000000000003,-34.10333333333334,6.6625,0.0,1753.182,1.8300000000000018,100.0,20.219,17.419,37.977000000000004,32.308,0.0,0.0,100.0,0.0,0.0,0.0,0.0,2913.375,1836.4,3844.625,3130.3,307.551,309.506,316.95425,318.1475,26.2967,23.0405,26.3299,24.9477,314.999998,314.999998,324.999988,324.999988,99.65747142857143,99.56473333333334,99.67775714285715,99.63208571428571,-0.2666666666666666,-0.2985,-0.48333333333333334,-0.24733333333333335,-0.07666666666666799,-0.0799999999999983,2.203,2.3865,65.354,45.0035,65.562,56.923,77.398,58.408500000000004,81.37049999999999,73.5915,74.563,55.8965,79.9515,71.5085,72.162,54.2525,78.8405,70.08133333333333,0.11050000000000004,-0.16700000000000026,0.11258000000000001,0.11045500000000001,0.0,157.13,156.845,155.84666666666666,155.84666666666666,0.0,0.0
596,0.0,0.0,0.0,1.0,1.0,0.0,0.0,1.0,0.0,100.0,1.0,1.1856,26.0,0.0,0.0,0.0,57.999998,0.0,26.0,26.0,26.0,26.0,-0.32844444444444443,0.6152,0.02665,303.253,-2.55515,-3.0015,-1.1519,-1.5070999999999999,-348.4,81.095,192.074125,0.0,0.0,0.0,0.0,0.6730333333333334,-5.498166666666667,-5.498166666666667,0.48960000000000004,1.1693333333333333,-0.2278888888888888,1.706,50.289,-0.18530000000000002,-0.11292500000000001,2.767999999999999,100.0,0.0,0.0,156.73333333333335,0.0,0.0,0.0,0.0,0.0,0.0,0.0,8920.1,0.0,55.0,3.0,180.97666666666666,0.0,0.0,0.0,0.0,0.0,0.0,1.0,0.0,29.808,29.808,0.0,17.284,0.0,55.0,616.79921,10000.0,85.000001,85.000001,85.000001,85.000001,395.0,0.0,0.0,0.0,1.0,333.33500000000004,63.324,63.324,58.96,58.96,34.0,-29.634999999999998,10.174,-26.566666666666663,9.4625,0.0,1753.13,0.5250000000000021,100.0,21.570999999999998,17.418,37.269,33.64,0.0,0.0,100.0,0.0,0.0,0.0,0.0,2874.625,1644.8999999999999,3378.75,3787.3,307.3935,310.1553333333333,318.057,316.67975,26.3012,23.0455,26.3359,24.9541,314.999998,314.999998,324.999988,324.999988,99.65748571428571,99.56475,99.67788571428571,99.63222857142857,-0.14933333333333332,-0.19474999999999998,-0.4175,-0.18183333333333335,-0.07000000000000028,-0.0899999999999963,2.158,2.305,65.382,45.034,65.599,56.963,77.347,58.3825,81.3535,73.5955,74.515,55.8725,79.936,71.5135,72.116,54.2295,78.82300000000001,70.08500000000001,0.016000000000000014,-0.0754999999999999,0.11127500000000001,0.116595,0.0,158.14,157.85500000000002,156.73333333333335,156.73333333333335,0.0,0.0
597,0.0,0.0,0.0,1.0,1.0,0.0,0.0,1.0,0.0,100.0,1.0,1.1856,26.0,0.0,0.0,0.0,57.999998,0.0,26.0,26.0,26.0,26.0,-0.25011111111111106,0.6146,-0.01805,302.902,-2.7514,-2.93275,-1.32525,-1.5465,-350.97,81.03,192.1025,0.0,0.0,0.0,0.0,0.6745333333333333,-5.498166666666667,-5.498166666666667,0.49660000000000004,-0.7330000000000001,-0.15988888888888875,1.129,50.603,-0.13970000000000002,-0.126825,1.3360000000000003,100.0,0.0,0.0,157.56,0.0,0.0,0.0,0.0,0.0,0.0,0.0,8967.2,0.0,55.0,3.0,182.11,1.0,0.0,0.0,0.0,0.0,0.0,1.0,0.0,29.859,29.859,0.0,17.284,1.0,55.0,616.79921,10000.0,85.000001,85.000001,85.000001,85.000001,395.0,0.0,0.0,0.0,1.0,166.665,63.416,63.416,56.03,56.03,34.0,-26.3525,12.928,-30.68,11.625,0.0,1753.082,0.16499999999999915,100.0,20.722,18.155,37.67,34.687,0.0,0.0,100.0,0.0,0.0,0.0,0.0,2614.0,1928.5,3922.375,3254.7,308.279,309.252,316.805,317.761,26.3053,23.0504,26.342,24.9605,314.999998,314.999998,324.999988,324.999988,99.6575,99.56475,99.67802857142857,99.63235714285715,-0.11533333333333329,-0.15825,-0.3266666666666667,-0.09683333333333333,-0.07666666666666799,-0.07333333333333059,2.1254999999999997,2.2125,65.408,45.0655,65.638,57.003,77.288,58.3545,81.339,73.597,74.46,55.847,79.923,71.51650000000001,72.063,54.205,78.8085,70.08666666666667,-0.023499999999999854,-0.03400000000000025,0.10992500000000001,0.11742000000000001,0.0,158.985,158.84,157.56,157.56,0.0,0.0
598,0.0,0.0,0.0,1.0,1.0,0.0,0.0,1.0,0.0,100.0,1.0,1.1856,26.0,0.0,0.0,0.0,57.999998,0.0,26.0,26.0,26.0,26.0,-0.09488888888888891,0.6334000000000002,-0.08510000000000001,303.055,-2.6833,-2.903875,-1.42225,-1.5266000000000002,-353.4,80.9725,192.129875,0.0,0.0,0.0,0.0,0.6759333333333334,-5.498166666666667,-5.498166666666667,0.49510000000000004,0.702,-0.02822222222222237,0.16700000000000026,50.89,-0.10160000000000001,-0.134125,0.7460000000000004,100.0,0.0,0.0,158.68333333333334,0.0,0.0,0.0,0.0,0.0,0.0,0.0,9031.1,0.0,55.0,3.0,183.14,0.0,0.0,0.0,0.0,0.0,0.0,1.0,0.0,29.907,29.907,0.0,17.284,0.0,55.0,616.79921,10000.0,85.000001,85.000001,85.000001,85.000001,395.0,0.0,0.0,0.0,1.0,333.33500000000004,63.126,63.126,57.678,57.678,34.0,-20.377499999999998,16.227999999999998,-20.473333333333336,16.572499999999998,0.0,1753.032,-0.254999999999999,100.0,20.734,18.983,36.692,35.198,0.0,0.0,100.0,0.0,0.0,0.0,0.0,2262.5,2150.8,3004.0,3880.4,309.033,308.564,318.7145,316.4765,26.3092,23.0554,26.3475,24.9664,314.999998,314.999998,324.999988,324.999988,99.65751428571429,99.56476666666667,99.67815714285715,99.63248571428572,-0.05166666666666675,-0.09975,-0.2685,-0.03383333333333333,-0.06666666666666998,-0.07166666666666544,2.2885,2.3405,65.43299999999999,45.096000000000004,65.672,57.04,77.232,58.3305,81.3195,73.599,74.407,55.8245,79.9045,71.5195,72.012,54.1835,78.788,70.08833333333334,-0.05449999999999999,-0.008500000000000174,0.11074500000000001,0.11492500000000001,0.0,159.875,159.785,158.68333333333334,158.68333333333334,0.0,0.0
599,0.0,0.0,0.0,1.0,1.0,0.0,0.0,1.0,0.0,100.0,1.0,1.1856,26.0,0.0,0.0,0.0,57.999998,0.0,26.0,26.0,26.0,26.0,-0.12355555555555553,0.5911000000000002,-0.06380000000000001,303.07,-2.70545,-2.869625,-1.34575,-1.5728,-356.01,80.91499999999999,192.15875,0.0,0.0,0.0,0.0,0.6774333333333333,-5.498166666666667,-5.498166666666667,0.48360000000000003,-1.4343333333333335,-0.05211111111111144,2.1690000000000005,51.203,-0.0531,-0.1292,0.2999999999999998,100.0,0.0,0.0,159.40666666666667,0.0,0.0,0.0,0.0,0.0,0.0,0.0,9072.3,0.0,55.0,3.0,184.26666666666665,1.0,0.0,0.0,0.0,0.0,0.0,1.0,0.0,29.958,29.958,0.0,17.284,1.0,55.0,616.79921,10000.0,85.000001,85.000001,85.000001,85.000001,395.0,0.0,0.0,0.0,1.0,333.33500000000004,63.736,63.736,55.954,55.954,34.0,-20.535,15.892,-23.456666666666663,17.7575,0.0,1752.98,-0.08999999999999986,100.0,20.107,18.556,37.293,35.42,0.0,0.0,100.0,0.0,0.0,0.0,0.0,2342.375,2092.3,3693.5,3370.7,308.895,309.06466666666665,317.13075,317.606,26.313,23.0604,26.3536,24.9728,314.999998,314.999998,324.999988,324.999988,99.65751428571429,99.56476666666667,99.6783,99.63262857142857,-0.02633333333333332,-0.06925000000000003,-0.19166666666666665,0.0445,-0.07499999999999574,-0.08833333333333115,2.1785,2.1835,65.456,45.1275,65.71000000000001,57.08,77.167,58.3005,81.305,73.5985,74.346,55.7975,79.891,71.52,71.953,54.1575,78.7715,70.08833333333334,-0.038000000000000034,-0.020000000000000018,0.11328,0.11626000000000002,0.0,160.78,160.765,159.40666666666667,159.40666666666667,0.0,0.0
600,0.0,0.0,0.0,1.0,1.0,0.0,0.0,1.0,0.0,100.0,1.0,1.1856,26.0,0.0,0.0,0.0,57.999998,0.0,26.0,26.0,26.0,26.0,-0.06833333333333336,0.617,0.02835,302.689,-2.7804,-2.849125,-1.38135,-1.469,-358.47,80.8625,192.18575,0.0,0.0,0.0,0.0,0.6788666666666667,-5.498166666666667,-5.498166666666667,0.47750000000000004,1.4873333333333334,0.0,0.589,51.486,-0.0368,-0.13642500000000002,0.22599999999999998,100.0,0.0,0.0,160.58,0.0,0.0,0.0,0.0,0.0,0.0,0.0,9139.0,0.0,55.0,3.0,185.28333333333333,0.0,0.0,0.0,0.0,0.0,0.0,0.0,0.0,30.006,30.006,0.0,17.284,0.0,55.0,616.79921,10000.0,85.000001,85.000001,85.000001,85.000001,395.0,0.0,0.0,0.0,1.0,166.665,62.21,62.21,56.824,56.824,34.0,-21.58,20.116,-19.29,17.725,0.0,1752.934,-0.3550000000000004,100.0,20.581,19.848,36.371,35.427,0.0,0.0,100.0,0.0,0.0,0.0,0.0,2509.875,2395.0,3346.625,3473.9,308.344,307.94533333333334,318.022,317.41125,26.3168,23.0656,26.3591,24.9787,314.999998,314.999998,324.999988,324.999988,99.65751428571429,99.56478333333334,99.67841428571428,99.63275714285714,0.01833333333333309,-0.029249999999999998,-0.163,0.07050000000000001,-0.0899999999999963,-0.08500000000000085,2.3285,2.3609999999999998,65.48,45.16,65.744,57.117,77.109,58.2775,81.2835,73.5985,74.29,55.7765,79.871,71.5215,71.899,54.137,78.75,70.08866666666667,-0.06000000000000005,-0.00649999999999995,0.11329000000000002,0.112195,0.0,161.76,161.715,160.58,160.58,0.0,0.0
601,0.0,0.0,0.0,1.0,1.0,0.0,0.0,1.0,0.0,100.0,1.0,1.1856,26.0,0.0,0.0,0.0,57.999998,0.0,26.0,26.0,26.0,26.0,-0.014666666666666606,0.6183000000000001,0.0704,301.987,-2.7719,-2.838375,-1.4652,-1.5192999999999999,-361.1,80.81,192.215375,0.0,0.0,0.0,0.0,0.6804,-5.498166666666667,-5.498166666666667,0.5433,0.20333333333333337,-0.0076666666666667105,-1.292,51.801,-0.0222,-0.110125,0.036000000000000476,100.0,0.0,0.0,161.05333333333334,0.0,0.0,0.0,0.0,0.0,0.0,0.0,9166.0,0.0,55.0,3.0,186.42000000000002,1.0,0.0,0.0,0.0,0.0,0.0,0.0,0.0,30.057000000000002,30.057000000000002,0.0,17.284,1.0,55.0,616.79921,10000.0,85.000001,85.000001,85.000001,85.000001,395.0,0.0,0.0,0.0,1.0,333.33500000000004,62.927,62.927,54.718,54.718,34.0,-18.3875,18.672,-25.366666666666664,22.9075,0.0,1752.882,-0.4549999999999983,100.0,20.203,19.843,36.980000000000004,36.822,0.0,0.0,100.0,0.0,0.0,0.0,0.0,2273.25,2194.7,3984.375,3834.8,309.086,308.40133333333335,316.70475,316.47325,26.3207,23.0708,26.365099999999998,24.9853,314.999998,314.999998,324.999988,324.999988,99.65751428571429,99.56478333333334,99.67857142857143,99.6329,0.038000000000000256,-0.013749999999999929,-0.14016666666666666,0.08750000000000001,-0.061666666666667425,-0.05666666666667197,2.021,2.017,65.504,45.193,65.782,57.158,77.045,58.2495,81.267,73.604,74.23,55.7505,79.855,71.528,71.841,54.1125,78.7315,70.094,-0.07000000000000006,0.0044999999999999485,0.11099,0.113555,0.0,162.685,162.635,161.05333333333334,161.05333333333334,0.0,0.0
602,0.0,0.0,0.0,1.0,1.0,0.0,0.0,1.0,0.0,100.0,1.0,1.1856,26.0,0.0,0.0,0.0,57.999998,0.0,26.0,26.0,26.0,26.0,-0.022333333333333316,0.5980000000000001,0.0664,301.91,-2.73265,-2.79575,-1.49865,-1.4379,-363.75,80.755,192.246625,0.0,0.0,0.0,0.0,0.6819333333333333,-5.498166666666667,-5.498166666666667,0.5393,0.5303333333333333,0.03299999999999992,1.8250000000000002,52.1,-0.007,-0.13635,-0.09399999999999942,100.0,0.0,0.0,162.27,0.0,0.0,0.0,0.0,0.0,0.0,0.0,9235.3,0.0,55.0,3.0,187.49666666666667,0.0,0.0,0.0,0.0,0.0,0.0,0.0,0.0,30.108,30.108,0.0,17.284,0.0,55.0,616.79921,10000.0,85.000001,85.000001,85.000001,85.000001,395.0,0.0,0.0,0.0,1.0,333.33500000000004,62.012,62.012,55.817,55.817,34.0,-19.7675,22.124000000000002,-19.913333333333334,21.645,0.0,1752.83,-0.5199999999999996,100.0,20.658,19.953,37.236,36.793,0.0,0.0,100.0,0.0,0.0,0.0,0.0,2461.625,2535.1,3348.25,3786.3,308.4465,307.638,317.9455,316.758,26.3246,23.0762,26.3711,24.9917,314.999998,314.999998,324.999988,324.999988,99.65751428571429,99.56478333333334,99.67871428571429,99.63304285714285,0.051000000000000156,0.00550000000000006,-0.13283333333333336,0.113,-0.041666666666671404,-0.0933333333333266,2.21,2.2235,65.529,45.2265,65.819,57.198,76.978,58.2205,81.247,73.604,74.167,55.7245,79.836,71.5295,71.781,54.0875,78.71,70.09433333333334,-0.07299999999999995,0.008000000000000007,0.11683,0.11760000000000001,0.0,163.6,163.62,162.27,162.27,0.0,0.0
603,0.0,0.0,0.0,1.0,1.0,0.0,0.0,1.0,0.0,100.0,1.0,1.1856,26.0,0.0,0.0,0.0,57.999998,0.0,26.0,26.0,26.0,26.0,-0.006111111111111067,0.625,0.057350000000000005,302.2,-2.78665,-2.80825,-1.4250500000000001,-1.4683000000000002,-366.42,80.7025,192.279,0.0,0.0,0.0,0.0,0.6835,-5.498166666666667,-5.498166666666667,0.5770000000000001,0.17499999999999993,0.02833333333333332,-0.1399999999999999,52.406,0.005200000000000001,-0.10645,-0.06799999999999962,100.0,0.0,0.0,163.03,0.0,0.0,0.0,0.0,0.0,0.0,0.0,9278.5,0.0,55.0,3.0,188.59666666666666,1.0,0.0,0.0,0.0,0.0,0.0,0.0,0.0,30.159,30.159,0.0,17.284,1.0,55.0,616.79921,10000.0,85.000001,85.000001,85.000001,85.000001,395.0,0.0,0.0,0.0,1.0,166.665,63.309,63.309,54.932,54.932,34.0,-17.695,17.035999999999998,-22.796666666666667,22.305,0.0,1752.782,-0.3099999999999987,100.0,20.112000000000002,19.926000000000002,37.084,37.189,0.0,0.0,100.0,0.0,0.0,0.0,0.0,2236.125,2038.4,3934.5,3728.3,309.1565,308.9603333333333,316.80475,316.82025,26.3284,23.0815,26.377,24.9982,314.999998,314.999998,324.999988,324.999988,99.65752857142857,99.56478333333334,99.67884285714285,99.63318571428572,0.05433333333333357,-0.0050000000000000044,-0.11216666666666668,0.11783333333333333,-0.06666666666666998,-0.07000000000000028,2.126,2.1135,65.553,45.2595,65.856,57.2385,76.917,58.194,81.229,73.607,74.11,55.7005,79.8185,71.5345,71.726,54.0645,78.6905,70.09766666666667,-0.0625,-0.008000000000000007,0.11408000000000001,0.109045,0.0,164.56,164.55,163.03,163.03,0.0,0.0
604,0.0,0.0,0.0,1.0,1.0,0.0,0.0,1.0,0.0,100.0,1.0,1.1856,26.0,0.0,0.0,0.0,57.999998,0.0,26.0,26.0,26.0,26.0,0.01200000000000001,0.5586,0.0018000000000000002,302.078,-2.81925,-2.7675,-1.4953,-1.4659,-368.94,80.6525,192.309625,0.0,0.0,0.0,0.0,0.6849666666666667,-5.498166666666667,-5.498166666666667,0.5478000000000001,-0.33133333333333326,0.05400000000000005,-0.34799999999999986,52.687,0.007500000000000001,-0.13922500000000002,0.008000000000000007,100.0,0.0,0.0,164.11,0.0,0.0,0.0,0.0,0.0,0.0,0.0,9339.9,0.0,55.0,3.0,189.61,0.0,0.0,0.0,0.0,0.0,0.0,0.0,0.0,30.207,30.207,0.0,17.284,0.0,55.0,616.79921,10000.0,85.000001,85.000001,85.000001,85.000001,395.0,0.0,0.0,0.0,1.0,333.33500000000004,62.225,62.225,55.496,55.496,34.0,-20.5,21.712,-19.64333333333333,20.055,0.0,1752.732,-0.384999999999998,100.0,20.034,20.101,37.152,37.377,0.0,0.0,100.0,0.0,0.0,0.0,0.0,2530.375,2489.9,3436.375,3462.8,308.472,307.633,317.821,317.3465,26.332,23.0865,26.3826,25.0043,314.999998,314.999998,324.999988,324.999988,99.65752857142857,99.56478333333334,99.67897142857143,99.63331428571429,0.05766666666666653,0.007000000000000117,-0.11416666666666668,0.12,-0.08500000000000085,-0.06333333333333258,2.24,2.2305,65.575,45.2905,65.891,57.2765,76.857,58.168,81.2095,73.60849999999999,74.053,55.677,79.8005,71.537,71.671,54.0415,78.67,70.09966666666666,-0.06400000000000006,-0.004999999999999893,0.10934500000000001,0.10939000000000002,0.0,165.43,165.405,164.11,164.11,0.0,0.0
605,0.0,0.0,0.0,1.0,1.0,0.0,0.0,1.0,0.0,100.0,1.0,1.1856,26.0,0.0,0.0,0.0,57.999998,0.0,26.0,26.0,26.0,26.0,0.0031111111111110645,0.6280000000000001,0.031200000000000002,302.078,-2.74835,-2.732,-1.49965,-1.4458,-371.63,80.5975,192.342625,0.0,0.0,0.0,0.0,0.6865333333333333,-5.498166666666667,-5.498166666666667,0.5914,0.9456666666666667,0.05588888888888888,0.7720000000000002,52.99,0.0091,-0.10397500000000001,-0.1479999999999997,100.0,0.0,0.0,164.86,0.0,0.0,0.0,0.0,0.0,0.0,0.0,9382.7,0.0,55.0,3.0,190.7,1.0,0.0,0.0,0.0,0.0,0.0,0.0,0.0,30.258000000000003,30.258000000000003,0.0,17.284,1.0,55.0,616.79921,10000.0,85.000001,85.000001,85.000001,85.000001,395.0,0.0,0.0,0.0,1.0,333.33500000000004,63.11,63.11,54.687,54.687,34.0,-14.162499999999998,19.172,-22.04,24.0775,0.0,1752.681,-0.3249999999999993,100.0,20.455,20.148,37.064,37.222,0.0,0.0,100.0,0.0,0.0,0.0,0.0,1875.0,2267.9,3801.5,3939.0,309.677,308.42333333333335,317.04275,316.4485,26.3358,23.0919,26.3885,25.0107,314.999998,314.999998,324.999988,324.999988,99.65752857142857,99.56478333333334,99.67911428571429,99.63344285714285,0.07833333333333359,0.01200000000000001,-0.09633333333333333,0.13116666666666665,-0.07833333333332604,-0.0833333333333286,2.134,2.114,65.599,45.3245,65.928,57.3165,76.793,58.141999999999996,81.19,73.611,73.993,55.653,79.782,71.541,71.613,54.0185,78.649,70.10233333333333,-0.06149999999999989,-0.007000000000000117,0.11029000000000001,0.11045500000000001,0.0,166.41,166.38,164.86,164.86,0.0,0.0
606,0.0,0.0,0.0,1.0,1.0,0.0,0.0,1.0,0.0,100.0,1.0,1.1856,26.0,0.0,0.0,0.0,57.999998,0.0,26.0,26.0,26.0,26.0,0.0004444444444444695,0.5744,0.09325,301.514,-2.80925,-2.783625,-1.40195,-1.513,-374.34000000000003,80.5425,192.37625,0.0,0.0,0.0,0.0,0.6881,-5.498166666666667,-5.498166666666667,0.5676,-0.476,0.010777777777777775,-0.56,53.289,0.009000000000000001,-0.1423,0.1739999999999995,100.0,0.0,0.0,165.82,0.0,0.0,0.0,0.0,0.0,0.0,0.0,9437.4,0.0,55.0,3.0,191.78,0.0,0.0,0.0,0.0,0.0,0.0,0.0,0.0,30.309,30.309,0.0,17.284,0.0,55.0,616.79921,10000.0,85.000001,85.000001,85.000001,85.000001,395.0,0.0,0.0,0.0,1.0,166.665,61.707,61.707,54.382,54.382,34.0,-22.419999999999998,21.878,-21.863333333333337,20.2725,0.0,1752.631,-0.25,100.0,20.323,20.468,37.726,37.522999999999996,0.0,0.0,100.0,0.0,0.0,0.0,0.0,2713.375,2509.8,3828.5,3397.5,307.995,307.56666666666666,317.011,317.4975,26.3394,23.0973,26.3946,25.0171,314.999998,314.999998,324.999988,324.999988,99.65752857142857,99.5648,99.67925714285714,99.63358571428572,0.052000000000000046,0.0015000000000000568,-0.11566666666666667,0.12016666666666667,-0.04999999999999716,-0.06499999999999773,2.146,2.171,65.621,45.358000000000004,65.96600000000001,57.357,76.727,58.115,81.173,73.612,73.931,55.6285,79.766,71.5435,71.553,53.9955,78.6305,70.10333333333334,-0.05449999999999999,-0.019000000000000128,0.115345,0.10898500000000001,0.0,167.27,167.265,165.82,165.82,0.0,0.0
607,0.0,0.0,0.0,1.0,1.0,0.0,0.0,1.0,0.0,100.0,1.0,1.1856,26.0,0.0,0.0,0.0,57.999998,0.0,26.0,26.0,26.0,26.0,0.013777777777777889,0.6342000000000001,0.06575,301.208,-2.83125,-2.7795,-1.4937,-1.4752,-376.90999999999997,80.49249999999999,192.408625,0.0,0.0,0.0,0.0,0.6896,-5.498166666666667,-5.498166666666667,0.6198,1.7576666666666667,0.005444444444444363,-1.6059999999999999,53.569,0.0094,-0.1044,0.017999999999999794,100.0,0.0,0.0,166.62666666666667,0.0,0.0,0.0,0.0,0.0,0.0,0.0,9483.2,0.0,55.0,3.0,192.78333333333333,1.0,0.0,0.0,0.0,0.0,0.0,0.0,0.0,30.357,30.357,0.0,17.284,1.0,55.0,616.79921,10000.0,85.000001,85.000001,85.000001,85.000001,395.0,0.0,0.0,0.0,1.0,333.33500000000004,61.798,61.798,54.321,54.321,34.0,-20.4625,19.85,-24.04,24.205,0.0,1752.581,-0.3200000000000003,100.0,20.901,20.958,37.230000000000004,37.551,0.0,0.0,100.0,0.0,0.0,0.0,0.0,2531.5,2302.5,4034.0,3932.1000000000004,308.53,308.1,316.6895,316.36825,26.3431,23.1025,26.400100000000002,25.0231,314.999998,314.999998,324.999988,324.999988,99.65754285714286,99.5648,99.6794,99.63374285714286,0.05900000000000016,0.0020000000000000018,-0.10666666666666667,0.12516666666666668,-0.0933333333333266,-0.04333333333332945,2.1094999999999997,2.1215,65.645,45.3905,66.001,57.3945,76.665,58.0895,81.1525,73.615,73.872,55.6055,79.746,71.5475,71.496,53.9735,78.6085,70.10666666666667,-0.062000000000000055,-0.0129999999999999,0.11063,0.11565,0.0,168.245,168.20499999999998,166.62666666666667,166.62666666666667,0.0,0.0
608,0.0,0.0,0.0,1.0,1.0,0.0,0.0,1.0,0.0,100.0,1.0,1.1856,26.0,0.0,0.0,0.0,57.999998,0.0,26.0,26.0,26.0,26.0,0.009222222222222243,0.5864,0.03155,301.193,-2.8252,-2.762625,-1.55585,-1.4726,-379.81,80.435,192.447125,0.0,0.0,0.0,0.0,0.6913,-5.498166666666667,-5.498166666666667,0.6465000000000001,-0.391,0.023666666666666725,-0.29000000000000004,53.885,0.009300000000000001,-0.1206,0.06200000000000028,100.0,0.0,0.0,167.56,0.0,0.0,0.0,0.0,0.0,0.0,0.0,9536.3,0.0,55.0,3.0,193.92333333333335,0.0,0.0,0.0,0.0,0.0,0.0,0.0,0.0,30.411,30.411,0.0,17.284,0.0,55.0,616.79921,10000.0,85.000001,85.000001,85.000001,85.000001,395.0,0.0,0.0,0.0,1.0,166.665,62.134,62.134,53.97,53.97,34.0,-19.2475,20.252000000000002,-23.09,22.71,0.0,1752.53,-0.375,100.0,20.611,20.59,38.281,38.525,0.0,0.0,100.0,0.0,0.0,0.0,0.0,2411.625,2360.6,3704.25,3783.7,308.783,308.0056666666667,317.25325,316.62775,26.3472,23.1081,26.4066,25.0301,314.999998,314.999998,324.999988,324.999988,99.65754285714286,99.5648,99.67954285714286,99.63388571428571,0.06266666666666643,0.0024999999999999467,-0.11733333333333333,0.11183333333333333,-0.0899999999999963,-0.05666666666667197,2.0705,2.0905,65.67,45.4255,66.041,57.4385,76.6,58.0615,81.135,73.6185,73.812,55.579499999999996,79.7295,71.553,71.438,53.9485,78.589,70.11033333333333,-0.0645,-0.00649999999999995,0.11257,0.11028,0.0,169.15,169.135,167.56,167.56,0.0,0.0
609,0.0,0.0,0.0,1.0,1.0,0.0,0.0,1.0,0.0,100.0,1.0,1.1856,26.0,0.0,0.0,0.0,57.999998,0.0,26.0,26.0,26.0,26.0,0.006111111111111178,0.5799000000000001,-0.027350000000000003,301.712,-2.8675,-2.785625,-1.52645,-1.4598,-382.4,80.3825,192.482125,0.0,0.0,0.0,0.0,0.6928000000000001,-5.498166666666667,-5.498166666666667,0.6352,-0.010000000000000009,0.022555555555555662,-0.6639999999999999,54.159,0.010100000000000001,-0.12705,0.06600000000000072,100.0,0.0,0.0,168.58666666666667,0.0,0.0,0.0,0.0,0.0,0.0,0.0,9594.8,0.0,55.0,3.0,194.91333333333333,1.0,0.0,0.0,0.0,0.0,0.0,0.0,0.0,30.459,30.459,0.0,17.284,1.0,55.0,616.79921,10000.0,85.000001,85.000001,85.000001,85.000001,395.0,0.0,0.0,0.0,1.0,166.665,62.454,62.454,54.519999999999996,54.519999999999996,34.0,-20.2625,19.418,-21.506666666666668,21.03,0.0,1752.481,-0.3150000000000013,100.0,20.332,20.508,38.007,38.173,0.0,0.0,100.0,0.0,0.0,0.0,0.0,2485.125,2259.9,3617.125,3595.1,308.711,308.24666666666667,317.4615,317.11225,26.3507,23.1132,26.4122,25.0362,314.999998,314.999998,324.999988,324.999988,99.65755714285714,99.56481666666667,99.67967142857142,99.63401428571429,0.05600000000000005,0.0015000000000000568,-0.11366666666666668,0.12033333333333333,-0.07333333333333059,-0.07333333333333059,2.171,2.195,65.69200000000001,45.457,66.076,57.476,76.539,58.036,81.1155,73.6195,73.754,55.5565,79.711,71.555,71.382,53.926500000000004,78.568,70.11166666666666,-0.0625,-0.010499999999999954,0.11354500000000001,0.109725,0.0,170.015,169.985,168.58666666666667,168.58666666666667,0.0,0.0
610,0.0,0.0,0.0,1.0,1.0,0.0,0.0,1.0,0.0,100.0,1.0,1.1856,26.0,0.0,0.0,0.0,57.999998,0.0,26.0,26.0,26.0,26.0,0.011111111111111072,0.5747,-0.041600000000000005,301.743,-2.8346999999999998,-2.7895000000000003,-1.56235,-1.4893,-385.01,80.33,192.517125,0.0,0.0,0.0,0.0,0.6943,-5.498166666666667,-5.498166666666667,0.6495000000000001,0.28400000000000003,0.015666666666666718,-1.246,54.437,0.0091,-0.110125,-0.04999999999999982,100.0,0.0,0.0,169.36333333333334,0.0,0.0,0.0,0.0,0.0,0.0,0.0,9638.9,0.0,55.0,3.0,195.91333333333333,0.0,0.0,0.0,0.0,0.0,0.0,1.0,0.0,30.506999999999998,30.506999999999998,0.0,17.284,0.0,55.0,616.79921,10000.0,85.000001,85.000001,85.000001,85.000001,395.0,0.0,0.0,0.0,1.0,333.33500000000004,62.714,62.714,54.306,54.306,34.0,-18.2725,19.128,-22.85333333333333,22.262500000000003,0.0,1752.432,-0.39000000000000057,100.0,20.347,20.463,37.791,38.208,0.0,0.0,100.0,0.0,0.0,0.0,0.0,2311.75,2212.2,3779.25,3666.6,309.038,308.3503333333333,317.157,316.91125,26.3542,23.1182,26.4178,25.0422,314.999998,314.999998,324.999988,324.999988,99.65755714285714,99.56481666666667,99.67981428571429,99.63415714285715,0.06599999999999984,0.006000000000000005,-0.10533333333333333,0.1245,-0.07666666666666799,-0.054999999999999716,2.138,2.152,65.714,45.4885,66.111,57.514,76.478,58.01,81.0965,73.6225,73.696,55.533,79.693,71.5595,71.326,53.903999999999996,78.5475,70.11466666666666,-0.06549999999999989,-0.0034999999999998366,0.11131,0.11280000000000001,0.0,170.9,170.875,169.36333333333334,169.36333333333334,0.0,0.0
611,0.0,0.0,0.0,1.0,1.0,0.0,0.0,1.0,0.0,100.0,1.0,1.1856,26.0,0.0,0.0,0.0,57.999998,0.0,26.0,26.0,26.0,26.0,0.010555555555555651,0.5755000000000001,0.0173,301.575,-2.801,-2.75425,-1.54745,-1.4505,-387.79,80.275,192.554125,0.0,0.0,0.0,0.0,0.6959333333333333,-5.498166666666667,-5.498166666666667,0.6348,-0.4730000000000001,0.03688888888888897,1.0,54.732,0.0091,-0.124125,-0.1200000000000001,100.0,0.0,0.0,170.22,0.0,0.0,0.0,0.0,0.0,0.0,0.0,9687.7,0.0,55.0,3.0,196.97666666666666,1.0,0.0,0.0,0.0,0.0,0.0,1.0,0.0,30.558,30.558,0.0,17.284,1.0,55.0,616.79921,10000.0,85.000001,85.000001,85.000001,85.000001,395.0,0.0,0.0,0.0,1.0,166.665,62.317,62.317,54.474000000000004,54.474000000000004,34.0,-18.31,22.784,-20.696666666666665,23.695,0.0,1752.383,-0.5850000000000009,100.0,20.377,20.221,38.096000000000004,38.241,0.0,0.0,100.0,0.0,0.0,0.0,0.0,2363.625,2582.1,3486.625,3867.2,308.858,307.62166666666667,317.674,316.545,26.3578,23.1234,26.4238,25.0487,314.999998,314.999998,324.999988,324.999988,99.65755714285714,99.56481666666667,99.67995714285715,99.6343,0.07600000000000007,0.024250000000000105,-0.10433333333333333,0.1325,-0.045000000000001705,-0.05333333333332746,2.1205,2.124,65.737,45.5215,66.149,57.5545,76.413,57.982,81.078,73.6245,73.635,55.5075,79.675,71.563,71.267,53.8795,78.527,70.117,-0.07850000000000001,0.006999999999999895,0.111505,0.11163500000000001,0.0,171.745,171.74,170.22,170.22,0.0,0.0
612,0.0,0.0,0.0,1.0,1.0,0.0,0.0,1.0,0.0,100.0,1.0,1.1856,26.0,0.0,0.0,0.0,57.999998,0.0,26.0,26.0,26.0,26.0,0.0032222222222222374,0.6098000000000001,0.0446,300.858,-2.78025,-2.7563750000000002,-1.49415,-1.4526,-390.43,80.2225,192.58975,0.0,0.0,0.0,0.0,0.6974666666666667,-5.498166666666667,-5.498166666666667,0.6714,1.6636666666666666,0.02966666666666673,0.911,55.005,0.012100000000000001,-0.10825,-0.2920000000000007,100.0,0.0,0.0,171.08666666666667,0.0,0.0,0.0,0.0,0.0,0.0,0.0,9737.0,0.0,55.0,3.0,197.95666666666665,0.0,0.0,0.0,0.0,0.0,0.0,1.0,0.0,30.606,30.606,0.0,17.284,0.0,55.0,616.79921,10000.0,85.000001,85.000001,85.000001,85.000001,395.0,0.0,0.0,0.0,1.0,166.665,61.218,61.218,53.894,53.894,34.0,-18.6475,22.4,-21.406666666666666,24.0875,0.0,1752.333,-0.625,100.0,21.436,21.25,38.043,38.196,0.0,0.0,100.0,0.0,0.0,0.0,0.0,2435.625,2517.1,3782.125,3886.8,308.503,307.63233333333335,317.0755,316.55825,26.3615,23.1287,26.4294,25.0548,314.999998,314.999998,324.999988,324.999988,99.65757142857143,99.56481666666667,99.6801,99.63444285714286,0.08933333333333371,0.02499999999999991,-0.08583333333333333,0.13733333333333334,-0.06666666666666998,-0.060000000000002274,2.136,2.1045,65.76,45.554,66.184,57.5925,76.354,57.9595,81.0585,73.626,73.579,55.487,79.657,71.566,71.213,53.86,78.5065,70.119,-0.08899999999999997,0.008000000000000007,0.10815000000000001,0.10972000000000001,0.0,172.675,172.675,171.08666666666667,171.08666666666667,0.0,0.0
613,0.0,0.0,0.0,1.0,1.0,0.0,0.0,1.0,0.0,100.0,1.0,1.1856,26.0,0.0,0.0,0.0,57.999998,0.0,26.0,26.0,26.0,26.0,0.03155555555555578,0.5692000000000002,0.06515,300.491,-2.8724,-2.768625,-1.50815,-1.4777,-393.24,80.16499999999999,192.629,0.0,0.0,0.0,0.0,0.6991,-5.498166666666667,-5.498166666666667,0.6992,-0.7710000000000001,0.02288888888888896,-1.0619999999999998,55.302,0.0152,-0.11632500000000001,-0.2779999999999996,100.0,0.0,0.0,171.73666666666668,0.0,0.0,0.0,0.0,0.0,0.0,0.0,9774.0,0.0,55.0,3.0,199.02666666666667,1.0,0.0,0.0,0.0,0.0,0.0,1.0,0.0,30.657,30.657,0.0,17.284,1.0,55.0,616.79921,10000.0,85.000001,85.000001,85.000001,85.000001,395.0,0.0,0.0,0.0,1.0,333.33500000000004,61.707,61.707,52.628,52.628,34.0,-19.232499999999998,21.602,-24.043333333333333,25.0225,0.0,1752.282,-0.6699999999999982,100.0,20.829,21.109,38.988,39.393,0.0,0.0,100.0,0.0,0.0,0.0,0.0,2462.625,2425.8,3997.625,3898.2,308.685,307.81466666666665,316.6405,316.35,26.3652,23.134,26.4355,25.0615,314.999998,314.999998,324.999988,324.999988,99.65757142857143,99.56481666666667,99.68024285714286,99.63458571428572,0.08700000000000019,0.023500000000000076,-0.09333333333333332,0.1315,-0.03833333333332689,-0.045000000000001705,1.9965,1.98,65.782,45.5875,66.222,57.634,76.288,57.932,81.042,73.6315,73.517,55.462,79.641,71.57300000000001,71.154,53.836,78.4875,70.12433333333334,-0.09499999999999997,0.012499999999999956,0.10812500000000001,0.11295500000000001,0.0,173.505,173.53,171.73666666666668,171.73666666666668,0.0,0.0
614,0.0,0.0,0.0,1.0,1.0,0.0,0.0,1.0,0.0,100.0,1.0,1.1856,26.0,0.0,0.0,0.0,57.999998,0.0,26.0,26.0,26.0,26.0,0.03777777777777791,0.5900000000000001,-0.04195,301.468,-2.94735,-2.757375,-1.59885,-1.4676,-396.06,80.1075,192.669375,0.0,0.0,0.0,0.0,0.7007333333333333,-5.498166666666667,-5.498166666666667,0.6748000000000001,-0.5243333333333333,0.03933333333333322,-0.3759999999999999,55.585,0.019200000000000002,-0.11745,-0.5720000000000001,100.0,0.0,0.0,172.96,0.0,0.0,0.0,0.0,0.0,0.0,0.0,9843.6,0.0,55.0,3.0,200.04333333333335,0.0,0.0,0.0,0.0,0.0,0.0,1.0,0.0,30.708,30.708,0.0,17.284,0.0,55.0,616.79921,10000.0,85.000001,85.000001,85.000001,85.000001,395.0,0.0,0.0,0.0,1.0,166.665,62.515,62.515,53.772,53.772,34.0,-15.8,21.746,-19.996666666666663,23.825000000000003,0.0,1752.232,-0.6649999999999991,100.0,20.698,20.793,38.462,39.019999999999996,0.0,0.0,100.0,0.0,0.0,0.0,0.0,2048.875,2447.1,3543.625,3782.8,309.7045,307.9506666666667,317.62325,316.73825,26.3688,23.1393,26.4414,25.0679,314.999998,314.999998,324.999988,324.999988,99.6576,99.56483333333334,99.68038571428572,99.63474285714285,0.09133333333333349,0.03299999999999992,-0.0765,0.15583333333333335,-0.05833333333333002,-0.06333333333333258,2.241,2.214,65.805,45.6205,66.259,57.6745,76.223,57.9045,81.0195,73.633,73.456,55.4375,79.6195,71.5755,71.094,53.8125,78.4635,70.126,-0.08999999999999986,0.016999999999999904,0.10729500000000002,0.11395500000000001,0.0,174.375,174.405,172.96,172.96,0.0,0.0
615,0.0,0.0,0.0,1.0,1.0,0.0,0.0,1.0,0.0,100.0,1.0,1.1856,26.0,0.0,0.0,0.0,57.999998,0.0,26.0,26.0,26.0,26.0,-0.011333333333333306,0.5507,-0.014100000000000001,301.025,-2.81925,-2.738,-1.6262500000000002,-1.4915,-398.74,80.0525,192.706375,0.0,0.0,0.0,0.0,0.7023,-5.498166666666667,-5.498166666666667,0.6641,0.604,0.016555555555555657,1.4820000000000002,55.855000000000004,0.023700000000000002,-0.1242,-0.2599999999999998,100.0,0.0,0.0,173.86333333333334,0.0,0.0,0.0,0.0,0.0,0.0,0.0,9895.0,0.0,55.0,3.0,201.02,1.0,0.0,0.0,0.0,0.0,0.0,1.0,0.0,30.756,30.756,0.0,17.284,1.0,55.0,616.79921,10000.0,85.000001,85.000001,85.000001,85.000001,395.0,0.0,0.0,0.0,1.0,333.33500000000004,61.111,61.111,54.474000000000004,54.474000000000004,34.0,-20.4775,22.186,-19.626666666666665,22.2725,0.0,1752.184,-0.6449999999999996,100.0,21.36,21.147,38.599000000000004,38.557,0.0,0.0,100.0,0.0,0.0,0.0,0.0,2644.375,2488.8,3362.5,3571.7,308.0265,307.74666666666667,317.76225,317.22225,26.3722,23.1444,26.447,25.073900000000002,314.999998,314.999998,324.999988,324.999988,99.6576,99.56483333333334,99.68052857142857,99.63488571428572,0.09699999999999998,0.03299999999999992,-0.08,0.14866666666666667,-0.054999999999999716,-0.08500000000000085,2.1935000000000002,2.181,65.826,45.653,66.294,57.712,76.162,57.8805,81.002,73.632,73.399,55.4155,79.603,71.576,71.039,53.7915,78.4445,70.12533333333333,-0.08850000000000002,0.008999999999999897,0.11146,0.11490500000000001,0.0,175.27,175.29500000000002,173.86333333333334,173.86333333333334,0.0,0.0
616,0.0,0.0,0.0,1.0,1.0,0.0,0.0,1.0,0.0,100.0,1.0,1.1856,26.0,0.0,0.0,0.0,57.999998,0.0,26.0,26.0,26.0,26.0,0.017111111111111077,-0.2681,-0.0222,300.644,-2.8041,-2.73825,-1.5740500000000002,-1.4185,-401.75,79.9875,192.748125,0.0,0.0,0.0,0.0,0.7040333333333333,-5.498166666666667,-5.498166666666667,0.6367,-2.4463333333333335,0.05044444444444429,0.4929999999999999,55.789,0.0227,-0.1582,-0.5640000000000001,100.0,0.0,0.0,169.82333333333332,0.0,0.0,0.0,0.0,0.0,0.0,0.0,9466.3,0.0,55.0,0.0,200.87,0.0,0.0,0.0,0.0,0.0,0.0,1.0,0.0,30.810000000000002,30.810000000000002,0.0,17.284,0.0,55.0,616.79921,10000.0,85.000001,85.000001,85.000001,85.000001,395.0,0.0,0.0,0.0,1.0,166.665,60.455,60.455,54.169,54.169,34.0,-18.4625,23.59,-26.716666666666665,27.8,0.0,1752.13,-0.5999999999999979,100.0,21.863,21.694,38.259,39.184,0.0,0.0,0.0,0.0,0.0,0.0,0.0,2458.25,2623.3,3619.75,3553.1,308.603,307.318,317.3965,317.14675,26.3761,23.150100000000002,26.4532,25.0808,314.999998,314.999998,324.999988,324.999988,99.65761428571429,99.56483333333334,99.68057142857143,99.63491428571429,0.0993333333333335,0.030000000000000027,-0.06533333333333333,0.14366666666666666,0.03166666666667339,0.005000000000002558,0.015000000000000124,-0.018000000000000238,65.851,45.6885,66.333,57.755,76.095,57.8525,80.927,73.5845,73.336,55.39,79.53,71.532,70.978,53.7665,78.3715,70.08166666666666,-0.09299999999999997,0.010000000000000009,0.09845500000000001,0.09424,0.0,175.11,175.10500000000002,169.82333333333332,169.82333333333332,0.0,0.0
617,0.0,0.0,0.0,1.0,1.0,0.0,0.0,1.0,0.0,100.0,1.0,1.1856,26.0,0.0,0.0,0.0,57.999998,0.0,26.0,26.0,26.0,26.0,0.038555555555555676,0.4245000000000001,0.03605,300.247,-2.7952,-2.6881250000000003,-1.5036,-1.4457,-404.43,79.9325,192.785125,0.0,0.0,0.0,0.0,0.7056,-5.498166666666667,-5.498166666666667,0.5847,1.096,0.11477777777777787,1.5420000000000003,55.962,0.032100000000000004,-0.19942500000000002,-0.3700000000000001,100.0,0.0,0.0,173.61666666666667,0.0,0.0,0.0,0.0,0.0,0.0,0.0,8490.7,0.0,55.0,4.0,201.41666666666669,1.0,0.0,0.0,0.0,0.0,0.0,1.0,0.0,30.858,30.858,0.0,17.284,1.0,55.0,616.79921,10000.0,85.000001,85.000001,85.000001,85.000001,395.0,0.0,0.0,0.0,1.0,333.33500000000004,58.456,58.456,55.527,55.527,34.0,-23.419999999999998,29.122,-18.066666666666663,24.8,0.0,1752.081,-0.4250000000000007,100.0,22.729,22.488,37.532,38.230000000000004,0.0,0.0,100.0,0.0,0.0,0.0,0.0,2928.75,3238.8,3152.125,3793.4,307.337,305.7063333333333,318.415,316.785,26.3797,23.1554,26.4586,25.0866,314.999998,314.999998,324.999988,324.999988,99.65761428571429,99.56483333333334,99.68067142857143,99.63502857142858,0.08233333333333359,0.020000000000000018,-0.08833333333333333,0.14916666666666667,-0.051666666666669414,-0.06666666666666998,1.892,1.867,65.873,45.721000000000004,66.366,57.7915,76.038,57.83,80.8915,73.57,73.281,55.3695,79.49549999999999,71.519,70.926,53.7475,78.3355,70.06866666666667,-0.0814999999999999,-0.01750000000000007,0.11601000000000002,0.10692000000000002,0.0,175.64,175.665,173.61666666666667,173.61666666666667,0.0,0.0
618,0.0,0.0,0.0,1.0,1.0,0.0,0.0,1.0,0.0,100.0,1.0,1.1856,26.0,0.0,0.0,0.0,57.999998,0.0,26.0,26.0,26.0,26.0,0.018888888888888955,0.4868000000000001,0.046400000000000004,299.667,-2.8156499999999998,-2.7045000000000003,-1.4881,-1.4596,-407.13,79.8725,192.82325,0.0,0.0,0.0,0.0,0.7071666666666667,-5.498166666666667,-5.498166666666667,0.7516,3.5273333333333334,0.0665555555555557,-0.6579999999999999,56.178,0.0344,-0.07295,-0.2599999999999998,100.0,0.0,0.0,173.87666666666667,0.0,0.0,0.0,0.0,0.0,0.0,0.0,8503.6,0.0,55.0,4.0,202.19,0.0,0.0,0.0,0.0,0.0,0.0,1.0,0.0,30.906,30.906,0.0,17.284,0.0,55.0,616.79921,10000.0,85.000001,85.000001,85.000001,85.000001,395.0,0.0,0.0,0.0,1.0,166.665,60.12,60.12,51.879999999999995,51.879999999999995,34.0,-16.7025,19.282,-27.77,30.375,0.0,1752.035,-0.015000000000000568,100.0,23.093,23.365,38.088,38.473,0.0,0.0,100.0,0.0,0.0,0.0,0.0,2182.625,2316.4,4587.5,4237.9,309.1955,308.11266666666666,315.58075,315.98,26.3833,23.160800000000002,26.4642,25.0927,314.999998,314.999998,324.999988,324.999988,99.65761428571429,99.56483333333334,99.6808,99.63515714285714,0.08433333333333337,-0.0050000000000000044,-0.0575,0.16466666666666666,-0.03499999999999659,-0.0799999999999983,1.625,1.612,65.895,45.755,66.401,57.8295,75.979,57.81,80.863,73.562,73.226,55.3515,79.4685,71.5135,70.872,53.730000000000004,78.3065,70.062,-0.05449999999999999,-0.04600000000000026,0.10951500000000002,0.11375500000000001,0.0,176.39499999999998,176.43,173.87666666666667,173.87666666666667,0.0,0.0
619,0.0,0.0,0.0,1.0,1.0,0.0,0.0,1.0,0.0,100.0,1.0,1.1856,26.0,0.0,0.0,0.0,57.999998,0.0,26.0,26.0,26.0,26.0,0.014000000000000012,0.4085000000000001,0.01905,299.469,-2.7827,-2.7750000000000004,-1.55515,-1.5061,-410.0,79.81,192.866625,0.0,0.0,0.0,0.0,0.7088333333333333,-5.498166666666667,-5.498166666666667,0.7112,-2.912,0.03644444444444428,-1.076,56.400999999999996,0.0212,-0.16645000000000001,0.1739999999999995,100.0,0.0,0.0,174.64333333333335,0.0,0.0,0.0,0.0,0.0,0.0,0.0,8541.0,0.0,55.0,4.0,203.00333333333333,1.0,0.0,0.0,0.0,0.0,0.0,1.0,0.0,30.957,30.957,0.0,17.284,1.0,55.0,616.79921,10000.0,85.000001,85.000001,85.000001,85.000001,395.0,0.0,0.0,0.0,1.0,166.665,59.753,59.753,52.078,52.078,34.0,-19.8675,22.364,-22.519999999999996,24.47,0.0,1751.984,0.03500000000000014,100.0,22.337,22.67,40.54,40.619,0.0,0.0,100.0,0.0,0.0,0.0,0.0,2539.375,2605.7,3553.625,3580.2,308.451,307.38166666666666,317.48775,317.0305,26.3866,23.166,26.4705,25.0996,314.999998,314.999998,324.999988,324.999988,99.65762857142857,99.56483333333334,99.68092857142857,99.63527142857143,0.07233333333333336,-0.00924999999999998,-0.09166666666666667,0.14333333333333334,-0.03499999999999659,-0.04833333333333201,1.7045,1.713,65.916,45.7875,66.44,57.8725,75.911,57.781,80.8365,73.55799999999999,73.162,55.325,79.4425,71.51050000000001,70.81,53.705,78.2785,70.05833333333334,-0.04499999999999993,-0.04899999999999993,0.11110500000000001,0.10926000000000001,0.0,176.89,176.89,174.64333333333335,174.64333333333335,0.0,0.0
620,0.0,0.0,0.0,1.0,1.0,0.0,0.0,1.0,0.0,100.0,1.0,1.1856,26.0,0.0,0.0,0.0,57.999998,0.0,26.0,26.0,26.0,26.0,-0.015555555555555545,0.4500000000000002,-0.1683,300.201,-2.7239,-2.7075,-1.5093,-1.4566,-412.88,79.7475,192.909875,0.0,0.0,0.0,0.0,0.7105,-5.498166666666667,-5.498166666666667,0.6814,1.268,0.03533333333333322,0.5009999999999999,56.617000000000004,0.0099,-0.162575,0.48799999999999955,100.0,0.0,0.0,175.56333333333333,0.0,0.0,0.0,0.0,0.0,0.0,0.0,8586.0,0.0,55.0,4.0,203.77333333333334,0.0,0.0,0.0,0.0,0.0,0.0,0.0,0.0,31.008000000000003,31.008000000000003,0.0,17.284,0.0,55.0,616.79921,10000.0,85.000001,85.000001,85.000001,85.000001,395.0,0.0,0.0,0.0,1.0,333.33500000000004,59.738,59.738,54.138,54.138,34.0,-19.5675,20.586,-21.983333333333334,23.2325,0.0,1751.93,0.16499999999999915,100.0,23.093,22.69,38.752,39.032,0.0,0.0,100.0,0.0,0.0,0.0,0.0,2460.75,2514.4,3506.25,3774.0,308.419,307.5853333333333,317.7245,316.8265,26.3904,23.1713,26.476,25.1058,314.999998,314.999998,324.999988,324.999988,99.65762857142857,99.56485,99.68105714285714,99.63541428571429,0.05733333333333368,-0.02400000000000002,-0.11800000000000001,0.1135,-0.05333333333332746,-0.07166666666666544,1.841,1.863,65.94,45.821,66.475,57.911,75.844,57.753,80.7985,73.544,73.099,55.3,79.4065,71.4985,70.75,53.6805,78.24,70.04566666666666,-0.04049999999999998,-0.06000000000000005,0.10677500000000001,0.11235500000000001,0.0,177.715,177.64,175.56333333333333,175.56333333333333,0.0,0.0
621,0.0,0.0,0.0,1.0,1.0,0.0,0.0,1.0,0.0,100.0,1.0,1.1856,26.0,0.0,0.0,0.0,57.999998,0.0,26.0,26.0,26.0,26.0,-0.07277777777777783,0.4507000000000001,0.048,300.11,-2.80845,-2.79975,-1.46895,-1.4584000000000001,-415.6,79.69,192.949375,0.0,0.0,0.0,0.0,0.7121000000000001,-5.498166666666667,-5.498166666666667,0.7071000000000001,-0.42900000000000005,0.028666666666666618,0.6840000000000002,56.83,0.0033,-0.11797500000000001,0.652000000000001,100.0,0.0,0.0,175.89333333333335,0.0,0.0,0.0,0.0,0.0,0.0,0.0,8602.1,0.0,55.0,4.0,204.54,1.0,0.0,0.0,0.0,0.0,0.0,0.0,0.0,31.056,31.056,0.0,17.284,1.0,55.0,616.79921,10000.0,85.000001,85.000001,85.000001,85.000001,395.0,0.0,0.0,0.0,1.0,166.665,60.654,60.654,52.872,52.872,34.0,-21.3,16.735999999999997,-27.553333333333335,24.1825,0.0,1751.885,0.5450000000000017,100.0,22.539,22.205,39.341,39.133,0.0,0.0,100.0,0.0,0.0,0.0,0.0,2481.375,2177.0,4048.5,3906.1000000000004,308.545,308.62033333333335,316.52775,316.51675,26.3936,23.1762,26.4817,25.1118,314.999998,314.999998,324.999988,324.999988,99.65764285714286,99.56485,99.68115714285715,99.63551428571428,0.01866666666666683,-0.06374999999999997,-0.13583333333333333,0.09683333333333333,-0.051666666666669414,-0.05333333333332746,1.66,1.7005,65.96000000000001,45.851,66.51,57.949,75.784,57.728,80.7735,73.535,73.043,55.277,79.3825,71.4915,70.695,53.659,78.214,70.03766666666667,-0.008000000000000007,-0.08400000000000007,0.11292,0.11072000000000001,0.0,178.345,178.265,175.89333333333335,175.89333333333335,0.0,0.0
622,0.0,0.0,0.0,1.0,1.0,0.0,0.0,1.0,0.0,100.0,1.0,1.1856,26.0,0.0,0.0,0.0,57.999998,0.0,26.0,26.0,26.0,26.0,-0.07966666666666666,0.43290000000000006,0.05425,299.667,-2.92025,-2.786625,-1.51445,-1.5746,-418.67,79.625,192.994125,0.0,0.0,0.0,0.0,0.7138666666666668,-5.498166666666667,-5.498166666666667,0.6873,0.642,-0.015000000000000124,-2.41,57.059,-0.0119,-0.15255000000000002,1.0760000000000005,100.0,0.0,0.0,176.78333333333333,0.0,0.0,0.0,0.0,0.0,0.0,0.0,8645.6,0.0,55.0,4.0,205.36333333333334,0.0,0.0,0.0,0.0,0.0,0.0,0.0,0.0,31.11,31.11,0.0,17.284,0.0,55.0,616.79921,10000.0,85.000001,85.000001,85.000001,85.000001,395.0,0.0,0.0,0.0,1.0,166.665,59.265,59.265,52.322,52.322,34.0,-26.5225,19.984,-28.31,20.7825,0.0,1751.83,0.870000000000001,100.0,22.728,23.024,39.402,39.187,0.0,0.0,100.0,0.0,0.0,0.0,0.0,2853.125,2565.3,4086.75,3377.8,307.6805,307.3113333333333,316.574,317.5615,26.3975,23.182,26.4879,25.1187,314.999998,314.999998,324.999988,324.999988,99.65764285714286,99.56485,99.6813,99.63565714285714,0.0,-0.07850000000000001,-0.1465,0.08533333333333333,-0.051666666666669414,-0.041666666666671404,1.757,1.801,65.984,45.8875,66.549,57.9915,75.714,57.704,80.7395,73.5245,72.977,55.255,79.3495,71.4825,70.632,53.6375,78.179,70.028,0.014499999999999957,-0.11399999999999988,0.10956500000000001,0.11162500000000002,0.0,179.075,178.985,176.78333333333333,176.78333333333333,0.0,0.0
623,0.0,0.0,0.0,1.0,1.0,0.0,0.0,1.0,0.0,100.0,1.0,1.1856,26.0,0.0,0.0,0.0,57.999998,0.0,26.0,26.0,26.0,26.0,-0.09977777777777785,0.4267000000000001,-0.010150000000000001,298.447,-2.70085,-2.776,-1.66635,-1.5501,-421.42,79.5675,193.0355,0.0,0.0,0.0,0.0,0.7154666666666667,-5.498166666666667,-5.498166666666667,0.7592,2.445333333333333,-0.010666666666666824,-0.21299999999999986,57.265,-0.027200000000000002,-0.13797500000000001,1.4160000000000004,100.0,0.0,0.0,177.26666666666668,0.0,0.0,0.0,0.0,0.0,0.0,0.0,8669.3,0.0,55.0,4.0,206.11,1.0,0.0,0.0,0.0,0.0,0.0,0.0,0.0,31.158,31.158,0.0,17.284,1.0,55.0,616.79921,10000.0,85.000001,85.000001,85.000001,85.000001,395.0,0.0,0.0,0.0,1.0,333.33500000000004,57.953,57.953,52.658,52.658,34.0,-26.9775,20.936,-30.286666666666665,25.240000000000002,0.0,1751.781,0.7349999999999994,100.0,24.34,23.386,39.917,39.598,0.0,0.0,100.0,0.0,0.0,0.0,0.0,3043.0,2707.0,3881.75,4183.6,307.18,307.0686666666667,316.97975,315.81575,26.4013,23.1872,26.4935,25.1248,314.999998,314.999998,324.999988,324.999988,99.65764285714286,99.56486666666666,99.68141428571428,99.63578571428572,-0.0040000000000000036,-0.07999999999999996,-0.17083333333333334,0.04833333333333334,-0.06833333333332803,-0.06499999999999773,1.6005,1.6885,66.008,45.9195,66.584,58.03,75.657,57.683,80.7115,73.51650000000001,72.922,55.236000000000004,79.32300000000001,71.4765,70.579,53.6195,78.1505,70.021,-0.0009999999999998899,-0.1080000000000001,0.10461500000000001,0.11429500000000001,0.0,179.82,179.685,177.26666666666668,177.26666666666665,0.0,0.0
624,0.0,0.0,0.0,1.0,1.0,0.0,0.0,1.0,0.0,100.0,1.0,1.1856,26.0,0.0,0.0,0.0,57.999998,0.0,26.0,26.0,26.0,26.0,-0.13211111111111107,0.4319000000000002,0.2457,297.791,-2.58305,-2.85625,-1.56955,-1.4883,-424.34000000000003,79.5125,193.08325,0.0,0.0,0.0,0.0,0.7171666666666667,-5.498166666666667,-5.498166666666667,0.8611000000000001,0.4763333333333334,0.07499999999999996,3.0170000000000003,57.486000000000004,-0.027700000000000002,-0.10942500000000001,1.362000000000001,100.0,0.0,0.0,177.70333333333332,0.0,0.0,0.0,0.0,0.0,0.0,0.0,8690.7,0.0,55.0,4.0,206.90666666666667,0.0,0.0,0.0,0.0,0.0,0.0,0.0,0.0,31.209,31.209,0.0,17.284,0.0,55.0,616.79921,10000.0,85.000001,85.000001,85.000001,85.000001,395.0,0.0,0.0,0.0,1.0,166.665,58.487,58.487,51.849000000000004,51.849000000000004,34.0,-25.2025,16.198,-33.52333333333333,26.2625,0.0,1751.731,0.9450000000000003,100.0,24.89,22.972,41.111000000000004,41.046,0.0,0.0,100.0,0.0,0.0,0.0,0.0,2881.125,2278.2,4158.75,4546.8,307.4805,308.382,316.2585,315.053,26.4053,23.1922,26.4997,25.1316,314.999998,314.999998,324.999988,324.999988,99.65764285714286,99.56486666666666,99.68154285714286,99.63591428571429,-0.02200000000000002,-0.12349999999999994,-0.19066666666666665,0.027,-0.05666666666667197,-0.054999999999999716,1.4915,1.5545,66.033,45.9515,66.623,58.0725,75.595,57.6565,80.6845,73.512,72.865,55.212,79.2965,71.474,70.523,53.596000000000004,78.1215,70.01733333333334,0.009500000000000064,-0.12449999999999983,0.10585000000000001,0.10705,0.0,180.46,180.315,177.70333333333332,177.70333333333332,0.0,0.0
625,0.0,0.0,0.0,1.0,1.0,0.0,0.0,1.0,0.0,100.0,1.0,1.1856,26.0,0.0,0.0,0.0,57.999998,0.0,26.0,26.0,26.0,26.0,-0.15833333333333333,0.41769999999999996,-0.00095,298.431,-2.70525,-2.854,-1.49935,-1.5165000000000002,-427.11,79.46,193.13125,0.0,0.0,0.0,0.0,0.7187666666666668,-5.498166666666667,-5.498166666666667,0.8425,-0.18166666666666687,0.1945555555555556,2.4640000000000004,57.684,-0.027600000000000003,-0.159075,1.588,100.0,0.0,0.0,178.64333333333332,0.0,0.0,0.0,0.0,0.0,0.0,0.0,8736.6,0.0,55.0,4.0,207.62,1.0,0.0,0.0,0.0,0.0,0.0,0.0,0.0,31.256999999999998,31.256999999999998,0.0,17.284,1.0,55.0,616.79921,10000.0,85.000001,85.000001,85.000001,85.000001,395.0,0.0,0.0,0.0,1.0,333.33500000000004,58.258,58.258,52.902,52.902,34.0,-30.935000000000002,16.884,-27.876666666666665,20.560000000000002,0.0,1751.682,1.3550000000000004,100.0,24.625,22.834,41.141999999999996,41.183,0.0,0.0,100.0,0.0,0.0,0.0,0.0,3220.875,2432.8,3726.625,3756.6,306.926,307.966,317.1925,316.80875,26.4089,23.1971,26.5052,25.1378,314.999998,314.999998,324.999988,324.999988,99.65764285714286,99.56488333333333,99.68167142857143,99.63604285714285,-0.062000000000000055,-0.14125,-0.201,0.03233333333333334,-0.04333333333332945,-0.04833333333333201,1.706,1.785,66.055,45.982,66.658,58.1115,75.536,57.6335,80.6545,73.505,72.809,55.1915,79.268,71.468,70.469,53.576499999999996,78.0905,70.01066666666667,0.046499999999999986,-0.15399999999999991,0.111005,0.106355,0.0,181.04500000000002,180.885,178.64333333333332,178.64333333333332,0.0,0.0
626,0.0,0.0,0.0,1.0,1.0,0.0,0.0,1.0,0.0,100.0,1.0,1.1856,26.0,0.0,0.0,0.0,57.999998,0.0,26.0,26.0,26.0,26.0,-0.1757777777777778,0.4312,-0.04175,299.088,-2.6228,-2.88625,-1.6014,-1.5238,-430.05,79.41,193.183,0.0,0.0,0.0,0.0,0.7205,-5.498166666666667,-5.498166666666667,0.8887,0.7916666666666666,0.3024444444444443,1.4490000000000003,57.899,-0.039400000000000004,-0.115925,1.79,100.0,0.0,0.0,179.27333333333334,0.0,0.0,0.0,0.0,0.0,0.0,0.0,8767.4,0.0,55.0,4.0,208.39,0.0,0.0,0.0,0.0,0.0,0.0,0.0,0.0,31.308,31.308,0.0,17.284,0.0,55.0,616.79921,10000.0,85.000001,85.000001,85.000001,85.000001,395.0,0.0,0.0,0.0,1.0,333.33500000000004,59.601,59.601,53.024,53.024,34.0,-24.235,13.55,-30.946666666666665,20.6425,0.0,1751.63,1.754999999999999,100.0,24.523,22.553,40.478,41.036,0.0,0.0,100.0,0.0,0.0,0.0,0.0,2594.125,2043.5,3932.875,3798.7,308.1975,308.9413333333333,316.81675,316.67275,26.4127,23.2022,26.5109,25.1443,314.999998,314.999998,324.999988,324.999988,99.65765714285715,99.5649,99.68178571428571,99.63617142857143,-0.07266666666666666,-0.16074999999999995,-0.1985,0.021833333333333333,-0.03999999999999915,-0.046666666666666856,1.678,1.745,66.07900000000001,46.014,66.693,58.152,75.473,57.61,80.62,73.4985,72.75,55.17,79.2345,71.4635,70.413,53.5555,78.0555,70.00466666666667,0.07500000000000018,-0.1775000000000002,0.10472500000000001,0.10898500000000001,0.0,181.745,181.57999999999998,179.27333333333334,179.27333333333334,0.0,0.0
627,0.0,0.0,0.0,1.0,1.0,0.0,0.0,1.0,0.0,100.0,1.0,1.1856,26.0,0.0,0.0,0.0,57.999998,0.0,26.0,26.0,26.0,26.0,-0.1854444444444444,0.4013,-0.00555,299.133,-2.61345,-2.8585000000000003,-1.5224,-1.5455,-432.84000000000003,79.36749999999999,193.23175,0.0,0.0,0.0,0.0,0.7221000000000001,-5.498166666666667,-5.498166666666667,0.8556,-1.3113333333333337,0.4253333333333331,2.122,58.1,-0.050100000000000006,-0.14450000000000002,2.257999999999999,100.0,0.0,0.0,179.89333333333332,0.0,0.0,0.0,0.0,0.0,0.0,0.0,8797.7,0.0,55.0,4.0,209.12,1.0,0.0,0.0,0.0,0.0,0.0,0.0,0.0,31.356,31.356,0.0,17.284,1.0,55.0,616.79921,10000.0,85.000001,85.000001,85.000001,85.000001,395.0,0.0,0.0,0.0,1.0,166.665,59.296,59.296,53.238,53.238,34.0,-26.09,14.878,-27.823333333333334,19.560000000000002,0.0,1751.584,2.094999999999999,100.0,24.188,22.199,40.878,41.06,0.0,0.0,100.0,0.0,0.0,0.0,0.0,2680.625,2388.7,3585.0,3762.8,308.006,308.0813333333333,317.4985,316.713,26.4161,23.2068,26.5165,25.1505,314.999998,314.999998,324.999988,324.999988,99.65765714285715,99.5649,99.68191428571429,99.63628571428572,-0.1036666666666668,-0.19374999999999998,-0.22583333333333336,0.00016666666666666666,-0.03999999999999915,-0.06833333333332803,1.702,1.7895,66.1,46.042500000000004,66.728,58.1905,75.414,57.585499999999996,80.5915,73.4905,72.694,55.1475,79.2075,71.4575,70.359,53.534,78.0265,69.99766666666666,0.1070000000000002,-0.21150000000000002,0.10405,0.10923500000000001,0.0,182.29500000000002,182.125,179.89333333333332,179.89333333333332,0.0,0.0
628,0.0,0.0,0.0,1.0,1.0,0.0,0.0,1.0,0.0,100.0,1.0,1.1856,26.0,0.0,0.0,0.0,57.999998,0.0,26.0,26.0,26.0,26.0,-0.24677777777777776,0.4144000000000001,-0.03375,299.072,-2.59915,-2.856625,-1.4321000000000002,-1.5310000000000001,-435.8,79.3275,193.282625,0.0,0.0,0.0,0.0,0.7238333333333333,-5.498166666666667,-5.498166666666667,0.8299000000000001,0.20299999999999996,0.47144444444444433,0.23099999999999987,58.312,-0.0709,-0.147925,2.9380000000000006,100.0,0.0,0.0,180.54333333333332,0.0,0.0,0.0,0.0,0.0,0.0,0.0,8829.6,0.0,55.0,4.0,209.88,0.0,0.0,0.0,0.0,0.0,0.0,0.0,0.0,31.407,31.407,0.0,17.284,0.0,55.0,616.79921,10000.0,85.000001,85.000001,85.000001,85.000001,395.0,0.0,0.0,0.0,1.0,166.665,58.899,58.899,53.146,53.146,34.0,-31.5875,14.128,-31.826666666666664,17.61,0.0,1751.533,2.4250000000000007,100.0,24.292,22.329,40.544,40.044,0.0,0.0,100.0,0.0,0.0,0.0,0.0,3085.25,2357.9,3951.125,3754.3,307.1345,308.07433333333336,316.80125,316.84275,26.4197,23.2119,26.5222,25.1568,314.999998,314.999998,324.999988,324.999988,99.65767142857143,99.56491666666666,99.68204285714286,99.63641428571428,-0.1359999999999999,-0.21275,-0.261,-0.0335,-0.04999999999999716,-0.02499999999999858,1.6824999999999999,1.7985,66.123,46.0745,66.764,58.230000000000004,75.353,57.5645,80.5595,73.479,72.637,55.1285,79.177,71.4475,70.304,53.5155,77.9935,69.987,0.13350000000000017,-0.23399999999999999,0.105645,0.1101,0.0,183.04000000000002,182.775,180.54333333333332,180.54333333333332,0.0,0.0
629,0.0,0.0,0.0,1.0,1.0,0.0,0.0,1.0,0.0,100.0,1.0,1.1856,26.0,0.0,0.0,0.0,57.999998,0.0,26.0,26.0,26.0,26.0,-0.3097777777777778,0.4124000000000001,0.01535,299.088,-2.54305,-2.880875,-1.5336500000000002,-1.5057,-438.78,79.2925,193.333625,0.0,0.0,0.0,0.0,0.7255666666666667,-5.498166666666667,-5.498166666666667,0.8605,0.5993333333333333,0.5453333333333332,2.167,58.524,-0.0936,-0.126475,3.106,100.0,0.0,0.0,181.12,0.0,0.0,0.0,0.0,0.0,0.0,0.0,8857.7,0.0,55.0,4.0,210.64333333333332,1.0,0.0,0.0,0.0,0.0,0.0,0.0,0.0,31.458,31.458,0.0,17.284,1.0,55.0,616.79921,10000.0,85.000001,85.000001,85.000001,85.000001,395.0,0.0,0.0,0.0,1.0,333.33500000000004,59.387,59.387,52.902,52.902,34.0,-29.182499999999997,13.123999999999999,-35.04333333333334,17.4225,0.0,1751.48,2.6849999999999987,100.0,24.498,21.823999999999998,40.824,39.832,0.0,0.0,100.0,0.0,0.0,0.0,0.0,2818.125,2326.9,4009.75,3979.2,307.5325,308.2936666666667,316.62175,316.3575,26.4235,23.2169,26.5281,25.1632,314.999998,314.999998,324.999988,324.999988,99.65768571428572,99.56493333333333,99.68218571428571,99.63657142857143,-0.1563333333333332,-0.23824999999999996,-0.2806666666666667,-0.06,-0.03999999999999915,-0.07166666666666544,1.6099999999999999,1.7425,66.147,46.1055,66.8,58.269999999999996,75.292,57.541,80.528,73.47,72.58,55.1075,79.147,71.4405,70.248,53.495000000000005,77.9615,69.97833333333334,0.15149999999999997,-0.2490000000000001,0.103385,0.107325,0.0,183.72,183.465,181.12,181.12,0.0,0.0
630,0.0,0.0,0.0,1.0,1.0,0.0,0.0,1.0,0.0,100.0,1.0,1.1856,26.0,0.0,0.0,0.0,57.999998,0.0,26.0,26.0,26.0,26.0,-0.3452222222222222,0.42680000000000007,-0.0074,299.21,-2.59715,-2.900875,-1.41415,-1.548,-441.6,79.2675,193.38225,0.0,0.0,0.0,0.0,0.7272000000000001,-5.498166666666667,-5.498166666666667,0.8562000000000001,-0.2490000000000001,0.6403333333333332,2.8920000000000003,58.723,-0.1097,-0.13655,3.646000000000001,100.0,0.0,0.0,181.73333333333335,0.0,0.0,0.0,0.0,0.0,0.0,0.0,8887.8,0.0,55.0,4.0,211.36,0.0,0.0,0.0,0.0,0.0,0.0,1.0,0.0,31.506,31.506,0.0,17.284,0.0,55.0,616.79921,10000.0,85.000001,85.000001,85.000001,85.000001,395.0,0.0,0.0,0.0,1.0,166.665,59.555,59.555,53.024,53.024,34.0,-31.377499999999998,12.048000000000002,-33.36,16.195,0.0,1751.434,3.120000000000001,100.0,24.349,21.41,41.286,39.870000000000005,0.0,0.0,100.0,0.0,0.0,0.0,0.0,2850.75,2361.2,3833.75,3962.5,307.447,308.24466666666666,316.943,316.40125,26.4271,23.2215,26.5337,25.1693,314.999998,314.999998,324.999988,324.999988,99.6577,99.56495,99.6823,99.63668571428572,-0.19799999999999995,-0.28074999999999994,-0.3171666666666667,-0.0915,-0.05333333333332746,-0.054999999999999716,1.6225,1.7745,66.17,46.134,66.83500000000001,58.308,75.243,57.521,80.5025,73.4625,72.534,55.089,79.1225,71.434,70.204,53.4775,77.935,69.97133333333333,0.18699999999999983,-0.2845,0.10654000000000001,0.11006,0.0,184.34,184.035,181.73333333333335,181.73333333333335,0.0,0.0
631,0.0,0.0,0.0,1.0,1.0,0.0,0.0,1.0,0.0,100.0,1.0,1.1856,26.0,0.0,0.0,0.0,57.999998,0.0,26.0,26.0,26.0,26.0,-0.37388888888888894,0.4235,-0.00935,299.667,-2.54865,-2.8211250000000003,-1.44905,-1.5767,-444.6,79.2475,193.433625,0.0,0.0,0.0,0.0,0.7289666666666668,-5.498166666666667,-5.498166666666667,0.8415,-0.5053333333333332,0.7162222222222221,0.9710000000000001,58.932,-0.1318,-0.129575,4.202,100.0,0.0,0.0,182.4,0.0,0.0,0.0,0.0,0.0,0.0,0.0,8920.3,0.0,55.0,4.0,212.11,1.0,0.0,0.0,0.0,0.0,0.0,1.0,0.0,31.557000000000002,31.557000000000002,0.0,17.284,1.0,55.0,616.79921,10000.0,85.000001,85.000001,85.000001,85.000001,395.0,0.0,0.0,0.0,1.0,333.33500000000004,60.272,60.272,52.917,52.917,34.0,-31.560000000000002,9.011999999999997,-36.30666666666667,13.955,0.0,1751.382,3.5749999999999993,100.0,23.872,21.259999999999998,41.236000000000004,39.545,0.0,0.0,100.0,0.0,0.0,0.0,0.0,2787.75,2163.4,3940.625,3819.5,307.747,308.705,316.7955,316.68575,26.4308,23.2262,26.5395,25.1756,314.999998,314.999998,324.999988,324.999988,99.65772857142858,99.56498333333333,99.68244285714286,99.63682857142857,-0.24933333333333318,-0.32675,-0.3566666666666667,-0.12766666666666668,-0.03499999999999659,-0.06333333333333258,1.646,1.839,66.193,46.164,66.872,58.3475,75.188,57.499,80.473,73.4525,72.483,55.0695,79.094,71.4265,70.154,53.458,77.9045,69.96266666666666,0.22849999999999993,-0.3205,0.10780500000000001,0.111905,0.0,184.985,184.65,182.4,182.4,0.0,0.0
632,0.0,0.0,0.0,1.0,1.0,0.0,0.0,1.0,0.0,100.0,1.0,1.1856,26.0,0.0,0.0,0.0,57.999998,0.0,26.0,26.0,26.0,26.0,-0.45399999999999996,0.43100000000000005,-0.042050000000000004,299.438,-2.4949,-2.8992500000000003,-1.3364,-1.6371,-447.61,79.24,193.484,0.0,0.0,0.0,0.0,0.7307,-5.498166666666667,-5.498166666666667,0.8212,0.2856666666666666,0.7436666666666667,1.9090000000000003,59.139,-0.1626,-0.13167500000000001,5.135999999999999,100.0,0.0,0.0,183.12,0.0,0.0,0.0,0.0,0.0,0.0,0.0,8955.5,0.0,55.0,4.0,212.85666666666668,0.0,0.0,0.0,0.0,0.0,0.0,1.0,0.0,31.608,31.608,0.0,17.284,0.0,55.0,616.79921,10000.0,85.000001,85.000001,85.000001,85.000001,395.0,0.0,0.0,0.0,1.0,166.665,59.418,59.418,53.299,53.299,34.0,-37.9475,9.165999999999997,-36.74666666666667,12.07,0.0,1751.333,4.004999999999999,100.0,24.455,21.046,41.519,38.761,0.0,0.0,100.0,0.0,0.0,0.0,0.0,3208.125,2282.8,3940.75,3716.3,306.5695,308.519,316.74325,316.98425,26.4346,23.2311,26.5454,25.1818,314.999998,314.999998,324.999988,324.999988,99.65775714285714,99.565,99.68258571428571,99.63695714285714,-0.2736666666666667,-0.35350000000000004,-0.3948333333333333,-0.17216666666666666,-0.046666666666666856,-0.06833333333332803,1.6445,1.852,66.217,46.194,66.909,58.386,75.136,57.4805,80.445,73.4405,72.434,55.0525,79.068,71.416,70.106,53.442,77.8765,69.951,0.258,-0.3580000000000001,0.10445000000000002,0.10941500000000001,0.0,185.695,185.285,183.12,183.12,0.0,0.0
633,0.0,0.0,0.0,1.0,1.0,0.0,0.0,1.0,0.0,100.0,1.0,1.1856,26.0,0.0,0.0,0.0,57.999998,0.0,26.0,26.0,26.0,26.0,-0.5662222222222222,0.40690000000000004,0.08175,298.584,-2.56035,-2.8695,-1.28575,-1.4847000000000001,-450.45000000000005,79.24249999999999,193.53175,0.0,0.0,0.0,0.0,0.7323666666666667,-5.498166666666667,-5.498166666666667,0.8617,1.0946666666666667,0.7554444444444444,1.1990000000000003,59.335,-0.18780000000000002,-0.11407500000000001,5.327999999999999,100.0,0.0,0.0,183.58666666666667,0.0,0.0,0.0,0.0,0.0,0.0,0.0,8978.3,0.0,55.0,4.0,213.56333333333333,1.0,0.0,0.0,0.0,0.0,0.0,1.0,0.0,31.656,31.656,0.0,17.284,1.0,55.0,616.79921,10000.0,85.000001,85.000001,85.000001,85.000001,395.0,0.0,0.0,0.0,1.0,166.665,58.716,58.716,51.941,51.941,34.0,-41.86,7.0219999999999985,-44.75333333333333,8.875,0.0,1751.285,4.280000000000001,100.0,25.459,21.519,42.29,38.846000000000004,0.0,0.0,100.0,0.0,0.0,0.0,0.0,3375.25,2080.3,4527.625,3631.2,306.1585,308.9293333333333,315.57075,317.04825,26.4384,23.2357,26.551000000000002,25.1877,314.999998,314.999998,324.999988,324.999988,99.65778571428571,99.56503333333333,99.68271428571428,99.63708571428572,-0.30200000000000005,-0.39,-0.42083333333333334,-0.1985,-0.054999999999999716,-0.05333333333332746,1.543,1.7855,66.24,46.223,66.944,58.423500000000004,75.092,57.465,80.4215,73.4325,72.393,55.0385,79.0455,71.4095,70.066,53.4285,77.8525,69.944,0.27,-0.3759999999999999,0.11016500000000001,0.11368,0.0,186.35000000000002,185.89499999999998,183.58666666666667,183.58666666666667,0.0,0.0
634,0.0,0.0,0.0,1.0,1.0,0.0,0.0,1.0,0.0,100.0,1.0,1.1856,26.0,0.0,0.0,0.0,57.999998,0.0,26.0,26.0,26.0,26.0,-0.554888888888889,0.4102000000000001,0.0176,298.553,-2.4785,-2.8754999999999997,-1.46385,-1.5359,-453.48,79.2575,193.584,0.0,0.0,0.0,0.0,0.7341333333333333,-5.498166666666667,-5.498166666666667,0.8629,-0.8763333333333332,0.8638888888888889,0.827,59.542,-0.20520000000000002,-0.132075,5.5059999999999985,100.0,0.0,0.0,184.16333333333333,0.0,0.0,0.0,0.0,0.0,0.0,0.0,9006.6,0.0,55.0,4.0,214.31,0.0,0.0,0.0,0.0,0.0,0.0,1.0,0.0,31.707,31.707,0.0,17.284,0.0,55.0,616.79921,10000.0,85.000001,85.000001,85.000001,85.000001,395.0,0.0,0.0,0.0,1.0,333.33500000000004,59.311,59.311,51.879999999999995,51.879999999999995,34.0,-39.375,5.25,-45.233333333333334,8.61,0.0,1751.231,4.525000000000002,100.0,25.417,21.235,43.088,39.764,0.0,0.0,100.0,0.0,0.0,0.0,0.0,3157.75,1976.1,4267.5,3800.1000000000004,306.8465,309.20366666666666,316.15375,316.611,26.4424,23.2402,26.5571,25.1942,314.999998,314.999998,324.999988,324.999988,99.65782857142857,99.56506666666667,99.68287142857143,99.63724285714285,-0.349,-0.43875,-0.4523333333333333,-0.2285,-0.06833333333332803,-0.03999999999999915,1.527,1.7735,66.265,46.2515,66.982,58.464,75.043,57.4425,80.3965,73.42699999999999,72.348,55.0185,79.022,71.4055,70.022,53.408500000000004,77.8265,69.93866666666666,0.29200000000000026,-0.39449999999999985,0.10157500000000001,0.115595,0.0,186.96,186.48000000000002,184.16333333333333,184.16333333333333,0.0,0.0
635,0.0,0.0,0.0,1.0,1.0,0.0,0.0,1.0,0.0,100.0,1.0,1.1856,26.0,0.0,0.0,0.0,57.999998,0.0,26.0,26.0,26.0,26.0,-0.589,0.40890000000000004,-0.0356,299.179,-2.47815,-2.8285,-1.35395,-1.5503,-456.88,79.2925,193.642375,0.0,0.0,0.0,0.0,0.7361000000000001,-5.498166666666667,-5.498166666666667,0.8290000000000001,0.15166666666666662,0.9396666666666667,1.166,59.766,-0.2303,-0.137,6.194000000000001,100.0,0.0,0.0,185.07666666666665,0.0,0.0,0.0,0.0,0.0,0.0,0.0,9051.2,0.0,55.0,4.0,215.11666666666667,1.0,0.0,0.0,0.0,0.0,0.0,1.0,0.0,31.764000000000003,31.764000000000003,0.0,17.284,1.0,55.0,616.79921,10000.0,85.000001,85.000001,85.000001,85.000001,395.0,0.0,0.0,0.0,1.0,111.11,59.479,59.479,52.383,52.383,34.0,-38.7375,4.308,-40.46,7.21,0.0,1751.177,5.035,100.0,25.322,21.04,42.941,38.732,0.0,0.0,100.0,0.0,0.0,0.0,0.0,3013.75,2126.3,3960.875,3673.1,307.036,308.856,316.7735,317.046,26.4468,23.2454,26.5637,25.201,314.999998,314.999998,324.999988,324.999988,99.65787142857143,99.5651,99.68302857142857,99.63737142857143,-0.3826666666666667,-0.47175,-0.48083333333333333,-0.24866666666666667,-0.07166666666666544,-0.08500000000000085,1.6515,1.914,66.292,46.284,67.023,58.5065,74.995,57.4255,80.3695,73.4135,72.303,55.003,78.9965,71.3945,69.978,53.3935,77.7985,69.92666666666666,0.3370000000000002,-0.4375,0.10516,0.11885500000000002,0.0,187.695,187.18,185.07666666666665,185.07666666666665,0.0,0.0
636,0.0,0.0,0.0,1.0,1.0,0.0,0.0,1.0,0.0,100.0,1.0,1.1856,26.0,0.0,0.0,0.0,57.999998,0.0,26.0,26.0,26.0,26.0,-0.659888888888889,0.42090000000000005,-0.01725,298.843,-2.4602,-2.88525,-1.2651,-1.5941,-459.4,79.33,193.684125,0.0,0.0,0.0,0.0,0.7375666666666667,-5.498166666666667,-5.498166666666667,0.8233,-0.31800000000000006,0.9233333333333333,0.26400000000000023,59.937,-0.25880000000000003,-0.12102500000000001,6.518000000000001,100.0,0.0,0.0,185.44666666666666,0.0,0.0,0.0,0.0,0.0,0.0,0.0,9069.3,0.0,55.0,4.0,215.73000000000002,0.0,0.0,0.0,0.0,0.0,0.0,1.0,0.0,31.806,31.806,0.0,17.284,0.0,55.0,616.79921,10000.0,85.000001,85.000001,85.000001,85.000001,395.0,0.0,0.0,0.0,1.0,333.33500000000004,59.387,59.387,51.605000000000004,51.605000000000004,34.0,-44.4675,3.6259999999999977,-47.74,5.805,0.0,1751.132,5.280000000000001,100.0,25.258,20.773,43.292,38.512,0.0,0.0,100.0,0.0,0.0,0.0,0.0,3349.875,2056.7,4448.25,3567.2,306.3445,309.11,315.73825,317.223,26.4499,23.249200000000002,26.5686,25.2061,314.999998,314.999998,324.999988,324.999988,99.65791428571428,99.56513333333334,99.68317142857143,99.6375,-0.41666666666666674,-0.5,-0.5121666666666667,-0.28783333333333333,-0.02833333333332888,-0.07000000000000028,1.555,1.853,66.312,46.3075,67.054,58.5385,74.956,57.4105,80.3505,73.405,72.267,54.9895,78.979,71.3875,69.943,53.38,77.779,69.91833333333334,0.3530000000000002,-0.4575,0.10912500000000001,0.11027500000000001,0.0,188.20499999999998,187.685,185.44666666666666,185.44666666666666,0.0,0.0
637,0.0,0.0,0.0,1.0,1.0,0.0,0.0,1.0,0.0,100.0,1.0,1.1856,26.0,0.0,0.0,0.0,57.999998,0.0,26.0,26.0,26.0,26.0,-0.6777777777777778,0.4295,-0.00445,298.843,-2.3971999999999998,-2.8895,-1.28485,-1.6016,-462.46000000000004,79.3925,193.7345,0.0,0.0,0.0,0.0,0.7393333333333333,-5.498166666666667,-5.498166666666667,0.8235,0.1296666666666666,0.9573333333333331,-0.494,60.138999999999996,-0.2893,-0.11620000000000001,7.022,100.0,0.0,0.0,186.05666666666667,0.0,0.0,0.0,0.0,0.0,0.0,0.0,9099.1,0.0,55.0,4.0,216.45666666666668,1.0,0.0,0.0,0.0,0.0,0.0,1.0,0.0,31.857,31.857,0.0,17.284,1.0,55.0,616.79921,10000.0,85.000001,85.000001,85.000001,85.000001,395.0,0.0,0.0,0.0,1.0,333.33500000000004,59.631,59.631,51.315,51.315,34.0,-42.995,2.0080000000000027,-50.50666666666667,3.7775,0.0,1751.081,5.539999999999999,100.0,25.437,20.808,43.572,38.354,0.0,0.0,100.0,0.0,0.0,0.0,0.0,3199.625,1906.8,4505.75,3750.9,306.7015,309.3446666666667,315.744,316.8345,26.4541,23.2537,26.5747,25.2123,314.999998,314.999998,324.999988,324.999988,99.65797142857143,99.56516666666667,99.68332857142858,99.63764285714285,-0.45599999999999996,-0.5475,-0.5585,-0.33916666666666667,-0.05666666666667197,-0.05666666666667197,1.5554999999999999,1.842,66.338,46.336,67.092,58.577,74.917,57.3945,80.3295,73.396,72.231,54.975,78.96,71.3805,69.907,53.3665,77.7575,69.91,0.37049999999999983,-0.4750000000000001,0.10089000000000001,0.11212000000000001,0.0,188.88,188.29500000000002,186.05666666666667,186.05666666666667,0.0,0.0
638,0.0,0.0,0.0,1.0,1.0,0.0,0.0,1.0,0.0,100.0,1.0,1.1856,26.0,0.0,0.0,0.0,57.999998,0.0,26.0,26.0,26.0,26.0,-0.7611111111111111,0.4023000000000001,-0.025750000000000002,298.63,-2.3334,-2.927,-1.19125,-1.6489,-465.53,79.4725,193.785,0.0,0.0,0.0,0.0,0.7411333333333333,-5.498166666666667,-5.498166666666667,0.8035,0.2363333333333334,0.9465555555555556,0.661,60.336,-0.3146,-0.136775,7.827999999999999,100.0,0.0,0.0,186.83333333333331,0.0,0.0,0.0,0.0,0.0,0.0,0.0,9137.2,0.0,55.0,4.0,217.17333333333335,0.0,0.0,0.0,0.0,0.0,0.0,1.0,0.0,31.908,31.908,0.0,17.284,0.0,55.0,616.79921,10000.0,85.000001,85.000001,85.000001,85.000001,395.0,0.0,0.0,0.0,1.0,166.665,58.655,58.655,51.772999999999996,51.772999999999996,34.0,-50.57,0.8560000000000016,-45.873333333333335,2.8925,0.0,1751.032,6.455000000000002,100.0,25.999,20.823999999999998,44.332,37.983000000000004,0.0,0.0,100.0,0.0,0.0,0.0,0.0,3549.25,2098.5,4146.625,3440.7,305.597,309.0656666666667,316.32825,317.5395,26.4581,23.2583,26.5807,25.2184,314.999998,314.999998,324.999988,324.999988,99.65801428571429,99.5652,99.68348571428571,99.63778571428571,-0.5109999999999999,-0.597,-0.5875,-0.3616666666666667,-0.06499999999999773,-0.060000000000002274,1.593,1.9375,66.363,46.3645,67.129,58.615,74.884,57.383,80.312,73.386,72.2,54.965,78.944,71.3715,69.876,53.356,77.74,69.90033333333334,0.43699999999999983,-0.5409999999999999,0.10441500000000001,0.11322000000000002,0.0,189.525,188.885,186.83333333333331,186.83333333333331,0.0,0.0
639,0.0,0.0,0.0,1.0,1.0,0.0,0.0,1.0,0.0,100.0,1.0,1.1856,26.0,0.0,0.0,0.0,57.999998,0.0,26.0,26.0,26.0,26.0,-0.8544444444444445,0.4045000000000001,0.0649,297.913,-2.29645,-3.042625,-1.19105,-1.7832,-468.61,79.57,193.835625,0.0,0.0,0.0,0.0,0.7429,-5.498166666666667,-5.498166666666667,0.8416,0.61,0.8988888888888888,-0.899,60.538,-0.3599,-0.10885,8.59,100.0,0.0,0.0,187.22333333333333,0.0,0.0,0.0,0.0,0.0,0.0,0.0,9156.1,0.0,55.0,4.0,217.9,1.0,0.0,0.0,0.0,0.0,0.0,1.0,0.0,31.959,31.959,0.0,17.284,1.0,55.0,616.79921,10000.0,85.000001,85.000001,85.000001,85.000001,395.0,0.0,0.0,0.0,1.0,166.665,58.746,58.746,49.927,49.927,34.0,-53.6125,-0.6319999999999979,-61.33,1.3025000000000002,0.0,1750.982,7.030000000000001,100.0,26.537,21.108,45.083,38.049,0.0,0.0,100.0,0.0,0.0,0.0,0.0,3637.625,1709.1,4991.5,3549.2,305.6015,309.914,314.6895,317.235,26.4624,23.262900000000002,26.5868,25.2246,314.999998,314.999998,324.999988,324.999988,99.65808571428572,99.56525,99.68364285714286,99.63792857142857,-0.5833333333333333,-0.6755,-0.6513333333333334,-0.4351666666666667,-0.05833333333333002,-0.041666666666671404,1.4809999999999999,1.843,66.39,46.393,67.167,58.6535,74.853,57.372,80.297,73.37950000000001,72.172,54.955,78.931,71.3665,69.848,53.3455,77.7245,69.89366666666666,0.48,-0.5885000000000002,0.10207000000000001,0.11128500000000001,0.0,190.20499999999998,189.48000000000002,187.22333333333333,187.22333333333333,0.0,0.0
640,0.0,0.0,0.0,1.0,1.0,0.0,0.0,1.0,0.0,100.0,1.0,1.1856,26.0,0.0,0.0,0.0,57.999998,0.0,26.0,26.0,26.0,26.0,-0.9156666666666666,0.3920000000000001,0.05595,297.943,-2.24205,-3.04025,-1.11955,-1.8138,-471.52,79.685,193.884375,0.0,0.0,0.0,0.0,0.7446,-5.498166666666667,-5.498166666666667,0.8271000000000001,-0.4736666666666667,0.8933333333333333,-1.4609999999999999,60.723,-0.3935,-0.140525,9.42,100.0,0.0,0.0,187.85,0.0,0.0,0.0,0.0,0.0,0.0,0.0,9186.9,0.0,55.0,4.0,218.57,0.0,0.0,0.0,0.0,0.0,0.0,0.0,0.0,32.007,32.007,0.0,17.284,0.0,55.0,616.79921,10000.0,85.000001,85.000001,85.000001,85.000001,395.0,0.0,0.0,0.0,1.0,166.665,58.487,58.487,50.003,50.003,34.0,-56.655,-3.396000000000001,-57.99333333333333,-0.32750000000000057,0.0,1750.934,8.315000000000001,100.0,26.621,21.012999999999998,45.607,38.214,0.0,0.0,100.0,0.0,0.0,0.0,0.0,3643.5,1912.4,4674.0,3407.6,305.628,309.37266666666665,315.32625,317.51775,26.4663,23.267,26.5926,25.2304,314.999998,314.999998,324.999988,324.999988,99.65817142857144,99.5653,99.68381428571429,99.63807142857142,-0.6936666666666667,-0.78075,-0.7045,-0.47983333333333333,-0.05666666666667197,-0.02833333333332888,1.49,1.897,66.414,46.419,67.20400000000001,58.69,74.829,57.362,80.286,73.375,72.15,54.946,78.922,71.363,69.826,53.3365,77.713,69.88866666666667,0.5819999999999999,-0.6865000000000001,0.10497500000000001,0.10966500000000001,0.0,190.745,189.97500000000002,187.85,187.85,0.0,0.0
641,0.0,0.0,0.0,1.0,1.0,0.0,0.0,1.0,0.0,100.0,1.0,1.1856,26.0,0.0,0.0,0.0,57.999998,89.86833333333334,26.0,26.0,26.0,26.0,-1.2092222222222222,0.3951,-0.04415,298.248,-2.2761,-3.117125,-1.0204,-1.8431000000000002,-474.61,79.8275,193.936375,0.0,0.0,0.0,0.0,0.7464000000000001,-5.498166666666667,-5.498166666666667,0.8194,-0.405,0.8506666666666667,-2.395,60.872,-0.456,-0.133775,10.784000000000002,100.0,0.0,0.0,183.38666666666666,0.0,0.0,0.0,0.0,0.0,0.0,0.0,8968.5,0.0,55.0,4.0,219.26,1.0,0.0,0.0,0.0,0.0,0.0,0.0,0.0,32.058,32.058,0.0,17.284,1.0,55.0,616.79921,10000.0,85.000001,85.000001,85.000001,85.000001,395.0,0.0,0.0,0.0,1.0,333.33500000000004,58.716,58.716,50.049,50.049,34.0,-47.08,-4.417999999999999,-65.26666666666667,-4.4475,0.0,1750.881,9.765,100.0,26.806,20.797,45.7,37.416,0.0,0.0,0.0,0.0,0.0,0.0,0.0,3431.625,1920.1999999999998,4549.0,3437.9,306.156,309.37733333333335,315.55225,317.52325,26.4705,23.2715,26.5987,25.2364,314.999998,314.999998,324.999988,324.999988,99.65825714285714,99.56535,99.684,99.63821428571428,-0.794,-0.88825,-0.7865,-0.5651666666666666,-2.0450000000000017,-2.0649999999999977,-0.266,0.17599999999999993,66.44,46.447,67.242,58.7275,74.811,57.358000000000004,80.2745,73.3655,72.135,54.943,78.9125,71.3545,69.811,53.332499999999996,77.702,69.87833333333333,0.6844999999999999,-0.7949999999999999,0.101735,0.10712,0.0,186.05,184.485,183.71,183.06,0.0,0.0
642,0.0,0.0,0.0,1.0,1.0,0.0,0.0,1.0,0.0,100.0,1.0,1.1856,26.0,0.0,0.0,0.0,57.999998,100.0,26.0,26.0,26.0,26.0,-1.1487777777777777,-2.7664,-0.04845,297.089,-2.2636,-2.92475,-0.8726499999999999,-1.8947,-477.5,79.9875,193.984,0.0,0.0,0.0,0.0,0.7481,-5.498166666666667,-5.498166666666667,0.5788,-5.897333333333333,0.7443333333333333,-1.879,59.702,-0.47700000000000004,-0.364175,13.25,100.0,0.0,0.0,175.71666666666667,0.0,0.0,0.0,0.0,0.0,0.0,0.0,8593.5,0.0,55.0,4.0,215.23000000000002,0.0,0.0,0.0,0.0,0.0,0.0,0.0,0.0,32.106,32.106,0.0,17.284,0.0,55.0,616.79921,10000.0,85.000001,85.000001,85.000001,85.000001,395.0,0.0,0.0,0.0,1.0,166.665,49.667,49.667,55.908,55.908,34.0,-63.04,-3.1580000000000013,-29.656666666666666,-2.387500000000001,0.0,1750.833,12.07,100.0,31.874000000000002,24.686,44.007,34.016,0.0,0.0,0.0,0.0,0.0,0.0,0.0,5127.625,3022.1,3076.375,2057.9,301.812,306.233,318.51575,320.491,26.4751,23.2759,26.604,25.2414,314.999998,314.999998,324.999988,324.999988,99.65857142857143,99.56565,99.68418571428572,99.63834285714286,-0.9303333333333332,-1.04775,-0.8536666666666667,-0.6521666666666667,-3.3116666666666674,-6.888333333333328,-2.7615,-3.5045,66.469,46.4745,67.275,58.7585,74.889,57.4825,80.265,73.347,72.212,55.0585,78.9055,71.3375,69.88,53.44,77.693,69.85966666666667,0.8365,-1.0055,0.079295,0.08773500000000001,0.0,181.67000000000002,174.03,176.89333333333332,174.54,0.0,0.0
643,0.0,0.0,0.0,1.0,1.0,0.0,0.0,1.0,0.0,100.0,1.0,1.1856,26.0,0.0,0.0,0.0,57.999998,100.0,26.0,26.0,26.0,26.0,-1.3986666666666667,-2.866,0.13995000000000002,295.059,-2.019,-2.998625,-0.96735,-1.7648000000000001,-480.5,80.1825,194.0335,0.0,0.0,0.0,0.0,0.7498333333333334,-5.498166666666667,-5.498166666666667,0.4188,-0.7293333333333334,0.6434444444444443,-2.8120000000000003,58.277,-0.6967,-0.549725,18.35,100.0,0.0,0.0,171.41666666666666,0.0,0.0,0.0,0.0,0.0,0.0,0.0,8383.2,0.0,55.0,4.0,210.12333333333333,1.0,0.0,0.0,0.0,0.0,0.0,0.0,0.0,32.157,32.157,0.0,17.284,1.0,55.0,616.79921,10000.0,85.000001,85.000001,85.000001,85.000001,395.0,0.0,0.0,0.0,1.0,333.33500000000004,42.632999999999996,42.632999999999996,58.456,58.456,34.0,-71.815,-4.932000000000002,-43.629999999999995,-8.504999999999999,0.0,1750.782,9.605,100.0,39.31,30.59,41.137,29.535,0.0,0.0,0.0,0.0,0.0,0.0,0.0,5637.0,3052.4,3747.875,2401.8,300.3635,306.00166666666667,317.32175,319.747,26.4809,23.2815,26.6092,25.2461,314.999998,314.999998,324.999988,324.999988,99.65892857142858,99.56603333333334,99.68441428571428,99.63851428571428,-0.7809999999999999,-0.9635,-1.2003333333333333,-1.0223333333333333,-2.81666666666667,-5.291666666666671,-2.8935000000000004,-4.0385,66.506,46.5095,67.307,58.788,74.989,57.649,80.271,73.3495,72.31,55.213499999999996,78.914,71.3405,69.97,53.5835,77.699,69.861,0.629,-0.8730000000000002,0.070395,0.08030000000000001,0.0,178.51999999999998,172.48000000000002,173.05666666666667,169.78,0.0,0.0
644,0.0,0.0,0.0,1.0,1.0,0.0,0.0,1.0,0.0,100.0,1.0,1.1856,26.0,0.0,0.0,0.0,57.999998,100.0,26.0,26.0,26.0,26.0,-1.4803333333333333,-2.6349,-0.07565000000000001,296.249,-1.8167499999999999,-3.1710000000000003,-0.83295,-1.8902,-483.43,80.4075,194.084875,0.0,0.0,0.0,0.0,0.7515666666666667,-5.498166666666667,-5.498166666666667,0.3942,-0.2849999999999999,0.5496666666666667,0.19600000000000017,56.903999999999996,-0.8613000000000001,-0.6173500000000001,16.352,100.0,0.0,0.0,167.43,0.0,0.0,0.0,0.0,0.0,0.0,0.0,8188.1,0.0,55.0,4.0,205.16666666666669,0.0,0.0,0.0,0.0,0.0,0.0,0.0,0.0,32.208,32.208,0.0,17.284,0.0,55.0,616.79921,10000.0,85.000001,85.000001,85.000001,85.000001,395.0,0.0,0.0,0.0,1.0,333.33500000000004,43.64,43.64,60.15,60.15,34.0,-68.2775,-0.6760000000000019,-48.21333333333333,-8.2625,0.0,1750.73,8.575,100.0,40.784,30.989,40.903999999999996,27.544,0.0,0.0,0.0,0.0,0.0,0.0,0.0,5282.375,2034.1999999999998,3796.5,2042.3,301.0305,308.952,317.10975,320.5155,26.4867,23.2864,26.6145,25.251,314.999998,314.999998,324.999988,324.999988,99.65927142857143,99.56635,99.68468571428572,99.63871428571429,-0.8876666666666668,-1.08975,-1.3701666666666668,-1.179,-2.8783333333333303,-8.269999999999996,-2.7165,-4.0465,66.542,46.5405,67.34100000000001,58.8185,75.08,57.789500000000004,80.295,73.358,72.401,55.344,78.94,71.35,70.055,53.7035,77.7225,69.86733333333333,0.5110000000000001,-0.7629999999999999,0.07722000000000001,0.09095500000000001,0.0,174.07,162.585,169.23666666666668,165.62333333333333,0.0,0.0
645,0.0,0.0,0.0,1.0,1.0,0.0,0.0,1.0,0.0,100.0,1.0,1.1856,26.0,0.0,0.0,0.0,57.999998,100.0,26.0,26.0,26.0,26.0,-1.4889999999999999,-3.0186,-0.09165000000000001,297.684,-1.8410499999999999,-3.1425,-0.8254,-1.9013,-486.12,80.645,194.1325,0.0,0.0,0.0,0.0,0.7531333333333333,-5.498166666666667,-5.498166666666667,0.3594,-0.5336666666666667,0.5782222222222222,-0.11099999999999999,55.563,-0.9308000000000001,-0.608925,16.324,100.0,0.0,0.0,162.93666666666667,0.0,0.0,0.0,0.0,0.0,0.0,0.0,7968.4,0.0,55.0,4.0,200.39,1.0,0.0,0.0,0.0,0.0,0.0,0.0,0.0,32.256,32.256,0.0,17.284,1.0,55.0,616.79921,10000.0,85.000001,85.000001,85.000001,85.000001,395.0,0.0,0.0,0.0,1.0,333.33500000000004,44.083,44.083,62.256,62.256,34.0,-66.1225,-0.28600000000000136,-39.79333333333334,-7.4575,0.0,1750.683,10.265,100.0,40.368,30.502,38.886,25.644,0.0,0.0,0.0,0.0,0.0,0.0,0.0,5023.375,2254.1,3435.125,1862.0,301.8715,308.5303333333333,317.91925,320.91275,26.4918,23.2907,26.6192,25.2554,314.999998,314.999998,324.999988,324.999988,99.65958571428571,99.56666666666666,99.68491428571429,99.63887142857143,-1.1183333333333334,-1.30375,-1.4741666666666668,-1.2845,-3.171666666666667,-9.130000000000003,-3.085,-4.3775,66.574,46.567,67.37,58.846000000000004,75.169,57.932500000000005,80.312,73.3665,72.49,55.4765,78.9595,71.35849999999999,70.138,53.8255,77.74,69.87366666666667,0.6475,-0.8944999999999999,0.07297000000000001,0.08535000000000001,0.0,169.565,157.555,164.74333333333334,161.13,0.0,0.0
646,0.0,0.0,0.0,1.0,1.0,0.0,0.0,1.0,0.0,100.0,1.0,1.1856,26.0,0.0,0.0,0.0,57.999998,100.0,26.0,26.0,26.0,26.0,-1.6023333333333334,-2.9984,-0.0427,297.928,-1.7718,-3.332125,-0.6973,-1.9700000000000002,-488.9,80.9275,194.181,0.0,0.0,0.0,0.0,0.7547666666666667,-5.498166666666667,-5.498166666666667,0.3482,0.32466666666666666,0.5411111111111111,0.16700000000000026,54.033,-0.9707,-0.6107750000000001,16.945999999999998,100.0,0.0,0.0,158.35,0.0,0.0,0.0,0.0,0.0,0.0,0.0,7744.2,0.0,55.0,4.0,194.88,0.0,0.0,0.0,0.0,0.0,0.0,0.0,0.0,32.307,32.307,0.0,17.284,0.0,55.0,616.79921,10000.0,85.000001,85.000001,85.000001,85.000001,395.0,0.0,0.0,0.0,1.0,333.33500000000004,43.503,43.503,63.416,63.416,34.0,-76.185,-1.8100000000000023,-47.29666666666667,-6.215,0.0,1750.631,9.254999999999999,100.0,40.66,30.29,37.84,23.877,0.0,0.0,0.0,0.0,0.0,0.0,0.0,5506.125,2133.4,3655.0,1733.5,300.7015,308.631,317.3275,321.22,26.4973,23.2953,26.624200000000002,25.259900000000002,314.999998,314.999998,324.999988,324.999988,99.65995714285714,99.567,99.68518571428571,99.63905714285714,-1.101,-1.28475,-1.5675000000000001,-1.3836666666666668,-2.9649999999999963,-7.526666666666671,-2.7495000000000003,-4.848,66.608,46.5955,67.401,58.8745,75.27,58.08,80.3365,73.3775,72.591,55.6125,78.9865,71.37,70.232,53.9505,77.7645,69.88233333333334,0.5840000000000001,-0.8345000000000002,0.07354000000000001,0.08916,0.0,165.425,159.965,160.72666666666666,155.97333333333333,0.0,0.0
647,0.0,0.0,0.0,1.0,1.0,0.0,0.0,1.0,0.0,100.0,1.0,1.1856,26.0,0.0,0.0,0.0,57.999998,100.0,26.0,26.0,26.0,26.0,-1.5962222222222222,-2.9306,0.11520000000000001,298.706,-1.8066499999999999,-3.2091250000000002,-0.69275,-1.9364,-491.59000000000003,81.24249999999999,194.22925,0.0,0.0,0.0,0.0,0.7563333333333333,-5.498166666666667,-5.498166666666667,0.3593,0.42799999999999994,0.5992222222222221,1.9010000000000002,52.536,-0.9652000000000001,-0.608175,17.136,100.0,0.0,0.0,153.94666666666666,0.0,0.0,0.0,0.0,0.0,0.0,0.0,7528.8,0.0,55.0,4.0,189.49,1.0,0.0,0.0,0.0,0.0,0.0,0.0,0.0,32.358000000000004,32.358000000000004,0.0,17.284,1.0,55.0,616.79921,10000.0,85.000001,85.000001,85.000001,85.000001,395.0,0.0,0.0,0.0,1.0,166.665,44.281,44.281,65.582,65.582,34.0,-76.36,-0.7060000000000031,-38.46,-8.4525,0.0,1750.582,10.54,100.0,40.593,29.534,37.093,22.986,0.0,0.0,0.0,0.0,0.0,0.0,0.0,5437.875,1860.8,3255.5,2046.6,300.804,309.52066666666667,318.17875,320.61125,26.5027,23.2996,26.6291,25.264499999999998,314.999998,314.999998,324.999988,324.999988,99.66031428571429,99.56726666666667,99.68544285714286,99.63925714285715,-1.1696666666666666,-1.36625,-1.6245,-1.442,-3.0166666666666657,-8.51166666666667,-3.045,-4.7325,66.642,46.6225,67.432,58.903,75.37,58.203,80.362,73.394,72.69,55.726,79.015,71.386,70.324,54.054500000000004,77.791,69.89533333333333,0.6510000000000002,-0.8995000000000002,0.07236500000000001,0.08826500000000001,0.0,160.8,149.585,155.81333333333333,152.08,0.0,0.0
648,0.0,0.0,0.0,1.0,1.0,0.0,0.0,1.0,0.0,100.0,1.0,1.1856,26.0,0.0,0.0,0.0,57.999998,96.02166666666668,26.0,26.0,26.0,26.0,-1.6792222222222222,-2.9259000000000004,0.033,299.393,-1.87005,-3.33625,-0.8295,-1.8348,-494.06,81.565,194.274625,0.0,0.0,0.0,0.0,0.7578,-5.498166666666667,-5.498166666666667,0.3771,0.6843333333333332,0.6795555555555557,1.165,51.139,-0.9624,-0.590975,17.94,100.0,0.0,0.0,149.87,0.0,0.0,0.0,0.0,0.0,0.0,0.0,7329.4,0.0,55.0,4.0,184.46,0.0,0.0,0.0,0.0,0.0,0.0,0.0,0.0,32.406,32.406,0.0,17.284,0.0,55.0,616.79921,10000.0,85.000001,85.000001,85.000001,85.000001,395.0,0.0,0.0,0.0,1.0,166.665,44.846000000000004,44.846000000000004,66.452,66.452,34.0,-75.27250000000001,-3.3740000000000023,-40.946666666666665,-8.192499999999999,0.0,1750.535,11.490000000000002,100.0,40.343,28.937,35.749,22.189999999999998,0.0,0.0,0.0,0.0,0.0,0.0,0.0,5246.375,1962.4,3487.625,1893.3,301.2425,309.39633333333336,317.87175,320.8375,26.5077,23.3036,26.6336,25.2687,314.999998,314.999998,324.999988,324.999988,99.66064285714286,99.56753333333333,99.68567142857142,99.63941428571428,-1.26,-1.43125,-1.6868333333333332,-1.5048333333333332,-3.028333333333329,-6.593333333333327,-3.1494999999999997,-4.784,66.673,46.6475,67.46000000000001,58.929,75.463,58.3225,80.385,73.4075,72.783,55.8365,79.0405,71.3995,70.411,54.155,77.814,69.90633333333334,0.7495000000000003,-0.9860000000000002,0.077015,0.09012,0.0,156.66,148.79500000000002,151.84666666666666,147.89333333333335,0.0,0.0
649,0.0,0.0,0.0,1.0,1.0,0.0,0.0,1.0,0.0,100.0,1.0,1.1856,26.0,0.0,0.0,0.0,57.999998,32.70833333333333,26.0,26.0,26.0,26.0,-1.908,-1.6341,0.0245,300.735,-1.6535499999999999,-3.352875,-0.7034,-1.8799000000000001,-496.6,81.9375,194.32225,0.0,0.0,0.0,0.0,0.7593000000000001,-5.498166666666667,-5.498166666666667,0.4123,1.2116666666666667,0.7027777777777777,-1.116,49.971000000000004,-0.907,-0.5548000000000001,19.484,100.0,0.0,0.0,150.55,0.0,0.0,0.0,0.0,0.0,0.0,0.0,7362.7,0.0,55.0,4.0,180.10666666666668,1.0,0.0,0.0,0.0,0.0,0.0,0.0,0.0,32.457,32.457,0.0,17.284,1.0,55.0,616.79921,10000.0,85.000001,85.000001,85.000001,85.000001,395.0,0.0,0.0,0.0,1.0,333.33500000000004,47.607,47.607,67.23,67.23,34.0,-97.5475,-4.364000000000004,-61.49333333333333,-16.5725,0.0,1750.481,12.594999999999999,100.0,39.479,27.065,35.805,21.41,0.0,0.0,0.0,0.0,0.0,0.0,0.0,5178.5,1020.0,3661.375,1723.3,301.632,311.6333333333333,317.401,321.1355,26.5127,23.3075,26.6384,25.2731,314.999998,314.999998,324.999988,324.999988,99.6609,99.56773333333334,99.68588571428572,99.63954285714286,-1.2396666666666665,-1.41625,-1.6921666666666668,-1.5046666666666668,-0.8933333333333309,-3.835000000000001,-1.0774999999999997,-1.399,66.705,46.672,67.49,58.957,75.527,58.4015,80.4005,73.4025,72.847,55.909,79.0585,71.395,70.47,54.221000000000004,77.83,69.90033333333334,0.8445,-1.0665,0.07731500000000001,0.096795,0.0,156.54,150.645,151.53333333333333,149.56666666666666,0.0,0.0
650,0.0,0.0,0.0,1.0,1.0,0.0,0.0,1.0,0.0,100.0,1.0,1.1856,26.0,0.0,0.0,0.0,57.999998,0.0,26.0,26.0,26.0,26.0,-1.5336666666666665,-0.3771,-0.18295,303.268,-1.7150999999999998,-3.694375,-0.7792,-2.0671,-499.1,82.35249999999999,194.368,0.0,0.0,0.0,0.0,0.7607666666666667,-5.498166666666667,-5.498166666666667,0.46290000000000003,0.7273333333333334,0.778888888888889,4.8580000000000005,49.475,-0.8077000000000001,-0.45245,18.076,100.0,0.0,0.0,153.02333333333334,0.0,0.0,0.0,0.0,0.0,0.0,0.0,7483.7,0.0,55.0,4.0,178.14333333333335,0.0,0.0,0.0,0.0,0.0,0.0,1.0,0.0,32.508,32.508,0.0,17.284,0.0,55.0,616.79921,10000.0,85.000001,85.000001,85.000001,85.000001,395.0,0.0,0.0,0.0,1.0,166.665,54.184,54.184,68.039,68.039,34.0,-89.905,-0.16199999999999903,-60.37,-19.2725,0.0,1750.433,17.39,100.0,36.469,21.664,37.123,21.353,0.0,0.0,100.0,0.0,0.0,0.0,0.0,4513.875,28.399999999999636,3509.625,2161.6,303.24,314.7973333333333,317.542,320.33825,26.5174,23.3107,26.6435,25.2775,314.999998,314.999998,324.999988,324.999988,99.66108571428572,99.56775,99.68608571428571,99.63962857142857,-1.4963333333333333,-1.63575,-1.5893333333333333,-1.3915,-0.0016666666666651508,-0.7133333333333312,0.589,1.065,66.734,46.692,67.522,58.9845,75.56,58.3735,80.408,73.3725,72.883,55.883,79.0685,71.367,70.503,54.196,77.8385,69.87166666666667,1.1755,-1.3425000000000002,0.089325,0.102275,0.0,156.255,153.685,153.14333333333335,152.90333333333334,0.0,0.0
651,0.0,0.0,0.0,1.0,1.0,0.0,0.0,1.0,0.0,100.0,1.0,1.1856,26.0,0.0,0.0,0.0,57.999998,0.0,26.0,26.0,26.0,26.0,-1.6386666666666665,0.496,-0.1323,304.596,-2.0012,-3.5380000000000003,-0.9185,-1.8570000000000002,-501.59000000000003,82.81,194.40925,0.0,0.0,0.0,0.0,0.7622333333333333,-5.498166666666667,-5.498166666666667,0.49720000000000003,0.7943333333333333,1.185111111111111,5.087,49.683,-0.8368,-0.3171,18.61,100.0,0.0,0.0,155.02,0.0,0.0,0.0,0.0,0.0,0.0,0.0,7581.3,0.0,55.0,4.0,178.84,1.0,0.0,0.0,0.0,0.0,0.0,1.0,0.0,32.559,32.559,0.0,17.284,1.0,55.0,616.79921,10000.0,85.000001,85.000001,85.000001,85.000001,395.0,0.0,0.0,0.0,1.0,166.665,59.357,59.357,66.589,66.589,34.0,-68.8275,-4.515999999999998,-51.693333333333335,-25.262500000000003,0.0,1750.382,25.085,100.0,31.119,17.636,36.635,23.820999999999998,0.0,0.0,100.0,0.0,0.0,0.0,0.0,3667.625,478.5,3464.5,3030.9,305.4505,313.776,317.856,318.287,26.5215,23.3139,26.6484,25.2825,314.999998,314.999998,324.999988,324.999988,99.6613,99.56776666666667,99.68628571428572,99.6398,-2.1923333333333335,-2.278,-1.6543333333333332,-1.4475,-0.0899999999999963,-0.3716666666666697,2.001,2.7279999999999998,66.759,46.7115,67.553,59.0155,75.604,58.3335,80.42,73.3845,72.927,55.846000000000004,79.0825,71.3785,70.545,54.1605,77.851,69.88066666666667,1.8385000000000002,-1.956,0.10426,0.11843500000000001,0.0,156.79500000000002,154.805,155.12333333333333,154.91333333333333,0.0,0.0
652,0.0,0.0,0.0,1.0,1.0,0.0,0.0,1.0,0.0,100.0,1.0,1.1856,26.0,0.0,0.0,0.0,57.999998,72.09666666666666,26.0,26.0,26.0,26.0,-1.9815555555555555,-2.0653,-0.0441,304.108,-1.88985,-3.57875,-0.68885,-2.0151000000000003,-503.92,83.2775,194.444375,0.0,0.0,0.0,0.0,0.7636333333333334,-5.498166666666667,-5.498166666666667,0.45180000000000003,-3.2893333333333334,1.2,-1.1600000000000001,49.272999999999996,-0.7413000000000001,-0.291125,19.114,100.0,0.0,0.0,146.73666666666668,0.0,0.0,0.0,0.0,0.0,0.0,0.0,7176.3,0.0,55.0,4.0,177.63,0.0,0.0,0.0,0.0,0.0,0.0,1.0,0.0,32.607,32.607,0.0,17.284,0.0,55.0,616.79921,10000.0,85.000001,85.000001,85.000001,85.000001,395.0,0.0,0.0,0.0,1.0,166.665,58.182,58.182,65.765,65.765,34.0,-68.4725,0.1599999999999966,-66.71666666666667,-9.605,0.0,1750.333,30.68,100.0,30.162,16.408,37.695,23.905,0.0,0.0,0.0,0.0,0.0,0.0,0.0,5103.25,355.6999999999998,4226.75,1524.0,302.0795,313.92133333333334,316.28,321.522,26.5254,23.3168,26.6532,25.2869,314.999998,314.999998,324.999988,324.999988,99.66161428571428,99.56781666666667,99.68648571428571,99.63992857142857,-2.5346666666666664,-2.6094999999999997,-1.5125,-1.3353333333333333,-3.026666666666671,-12.673333333333332,-1.7214999999999998,-2.6734999999999998,66.784,46.730000000000004,67.582,59.043,75.691,58.3265,80.4345,73.3805,73.013,55.8395,79.099,71.3755,70.625,54.153,77.8655,69.876,2.3255,-2.4284999999999997,0.08136,0.09404000000000001,0.0,150.915,132.55,148.32666666666665,145.14666666666668,0.0,0.0
653,1.0,0.0,0.0,1.0,1.0,0.0,0.0,1.0,0.0,100.0,1.0,1.1856,26.0,0.0,0.0,0.0,57.999998,100.0,26.0,26.0,26.0,26.0,-1.9413333333333334,-2.8453,0.053000000000000005,302.704,-1.8552499999999998,-3.563625,-0.74795,-1.9989,-506.35,83.8125,194.47875,0.0,0.0,0.0,0.0,0.7651,-5.498166666666667,-5.498166666666667,0.2516,-2.3436666666666666,1.404,4.964,47.994,-0.7439,-0.439375,27.968000000000004,100.0,0.0,0.0,139.27666666666667,0.0,0.0,0.0,0.0,0.0,0.0,0.0,6811.4,0.0,55.0,4.0,173.11,1.0,0.0,0.0,0.0,0.0,0.0,1.0,0.0,32.658,32.658,0.0,17.284,1.0,55.0,616.79921,10000.0,85.000001,85.000001,85.000001,85.000001,395.0,0.0,0.0,0.0,1.0,166.665,51.757999999999996,51.757999999999996,68.863,68.863,34.0,-64.5675,-1.6460000000000008,-31.303333333333335,-3.5250000000000004,0.0,1750.282,32.795,100.0,34.39,19.261,36.866,21.042,0.0,0.0,0.0,0.0,0.0,0.0,0.0,5776.375,1696.3999999999999,2900.25,1510.6999999999998,300.0245,309.98333333333335,318.89475,321.664,26.5306,23.3204,26.6579,25.2909,314.999998,314.999998,324.999988,324.999988,99.66214285714285,99.56803333333333,99.6867,99.64004285714286,-2.4953333333333334,-2.5865,-1.8266666666666669,-1.6546666666666667,-3.9566666666666706,-8.019999999999996,-3.3500000000000005,-6.148,66.816,46.7525,67.612,59.068,75.86,58.435500000000005,80.4505,73.3715,73.18,55.939,79.1175,71.367,70.78,54.2425,77.8825,69.866,2.527,-2.6740000000000004,0.079505,0.09032000000000001,0.0,145.945,140.535,142.35,136.20666666666668,0.0,0.0
654,0.0,0.0,0.0,1.0,1.0,0.0,0.0,1.0,0.0,100.0,1.0,1.1856,26.0,0.0,0.0,0.0,57.999998,45.355,26.0,26.0,26.0,26.0,-2.432,-2.0272,0.21805000000000002,301.941,-1.61065,-3.6510000000000002,-0.62795,-2.0154,-508.69,84.38,194.513,0.0,0.0,0.0,0.0,0.7665000000000001,-5.498166666666667,-5.498166666666667,0.2116,2.256666666666667,1.5393333333333334,0.29899999999999993,46.7,-1.0808,-0.48102500000000004,38.328,100.0,0.0,0.0,138.90333333333334,0.0,0.0,0.0,0.0,0.0,0.0,0.0,6793.0,0.0,55.0,4.0,168.39,0.0,0.0,0.0,0.0,0.0,0.0,1.0,0.0,32.709,32.709,0.0,17.284,0.0,55.0,616.79921,10000.0,85.000001,85.000001,85.000001,85.000001,395.0,0.0,0.0,0.0,1.0,166.665,49.713,49.713,70.099,70.099,34.0,-122.145,-3.7480000000000047,-51.806666666666665,-12.5125,0.0,1750.231,25.78,100.0,37.797,21.643,35.331,19.506999999999998,0.0,0.0,0.0,0.0,0.0,0.0,0.0,6033.25,1173.0,3643.375,1596.3999999999999,299.2735,311.48066666666665,317.428,321.62625,26.5361,23.3242,26.6624,25.295,314.999998,314.999998,324.999988,324.999988,99.6626,99.56823333333334,99.68695714285714,99.6402,-1.917,-2.026,-2.5543333333333336,-2.41,-1.3433333333333266,-5.9566666666666706,-1.8735,-3.7295,66.851,46.775999999999996,67.64,59.0935,76.001,58.5195,80.4835,73.3875,73.32,56.0155,79.153,71.3825,70.912,54.3115,77.9155,69.87866666666666,1.9689999999999999,-2.1500000000000004,0.08503000000000001,0.09472000000000001,0.0,146.60500000000002,137.035,141.46,136.34333333333333,0.0,0.0
655,0.0,0.0,0.0,1.0,1.0,0.0,0.0,1.0,0.0,100.0,1.0,1.1856,26.0,0.0,0.0,0.0,57.999998,0.0,26.0,26.0,26.0,26.0,-2.564222222222222,-0.7736,0.05535,302.78,-1.4219,-3.86125,-0.42399999999999993,-2.2701000000000002,-510.97,84.9975,194.547875,0.0,0.0,0.0,0.0,0.7678666666666667,-5.498166666666667,-5.498166666666667,0.3406,3.3426666666666667,1.5402222222222222,1.9820000000000002,46.084,-1.3431,-0.36805000000000004,33.016,100.0,0.0,0.0,141.77333333333334,0.0,0.0,0.0,0.0,0.0,0.0,0.0,6933.5,0.0,55.0,4.0,166.02333333333334,1.0,0.0,0.0,0.0,0.0,0.0,1.0,0.0,32.76,32.76,0.0,17.284,1.0,55.0,616.79921,10000.0,85.000001,85.000001,85.000001,85.000001,395.0,0.0,0.0,0.0,1.0,166.665,55.313,55.313,66.254,66.254,34.0,-104.92500000000001,0.0,-77.27,-25.9375,0.0,1750.181,21.310000000000002,100.0,37.251,19.172,39.433,18.872,0.0,0.0,100.0,0.0,0.0,0.0,0.0,5080.75,0.0,4681.0,1873.8,301.84,315.0,315.4395,320.9705,26.5413,23.3274,26.6675,25.2991,314.999998,314.999998,324.999988,324.999988,99.6629,99.56826666666667,99.68728571428571,99.64032857142857,-1.9413333333333334,0.0,-2.7840000000000003,-2.641,0.0033333333333303017,0.0,-0.34450000000000003,-0.4205000000000001,66.883,46.796,67.672,59.1195,76.077,58.4945,80.552,73.383,73.397,55.992000000000004,79.225,71.3785,70.984,54.2885,77.985,69.87233333333333,1.541,-1.6905000000000001,0.08512,0.10389000000000001,0.0,146.32999999999998,136.325,142.77666666666667,140.77,0.0,0.0
656,0.0,0.0,0.0,1.0,1.0,0.0,0.0,1.0,0.0,100.0,1.0,1.1856,26.0,0.0,0.0,0.0,57.999998,0.0,26.0,26.0,26.0,26.0,-2.030777777777778,0.5388000000000002,-0.09285,305.42,-1.6696,-3.865625,-0.5642499999999999,-2.2649,-513.23,85.66749999999999,194.582375,0.0,0.0,0.0,0.0,0.7692666666666668,-5.498166666666667,-5.498166666666667,0.42350000000000004,0.7546666666666666,1.7745555555555554,3.2010000000000005,46.264,-1.4486,-0.27185000000000004,24.05,100.0,0.0,0.0,145.13666666666666,0.0,0.0,0.0,0.0,0.0,0.0,0.0,7097.9,0.0,55.0,4.0,166.58666666666667,0.0,0.0,0.0,0.0,0.0,0.0,1.0,0.0,32.811,32.811,0.0,17.284,0.0,55.0,616.79921,10000.0,85.000001,85.000001,85.000001,85.000001,395.0,0.0,0.0,0.0,1.0,166.665,63.69,63.69,63.522,63.522,34.0,-58.435,0.0,-65.49333333333334,-23.1,0.0,1750.13,29.955,100.0,31.09,16.534,41.992000000000004,20.801000000000002,0.0,0.0,100.0,0.0,0.0,0.0,0.0,3856.375,0.0,4472.0,2393.1,305.0745,315.0,315.71175,319.80025,26.5455,23.3305,26.6729,25.3038,314.999998,314.999998,324.999988,324.999988,99.66317142857143,99.56826666666667,99.68767142857143,99.64052857142858,-3.0469999999999997,0.0,-2.6853333333333333,-2.4876666666666667,-0.07333333333333059,0.0,2.149,3.55,66.91,46.816,67.705,59.1485,76.15,58.4435,80.6405,73.4215,73.471,55.9455,79.3165,71.4145,71.055,54.244,78.0735,69.90366666666667,2.1805000000000003,-2.277,0.09894000000000001,0.11771000000000001,0.0,146.315,136.325,145.13666666666666,145.13666666666666,0.0,0.0
657,0.0,0.0,0.0,1.0,1.0,0.0,0.0,1.0,0.0,100.0,1.0,1.1856,26.0,0.0,0.0,0.0,57.999998,39.58833333333333,26.0,26.0,26.0,26.0,-2.4138888888888888,-1.0673,-0.1645,306.198,-1.60825,-3.8966250000000002,-0.5077499999999999,-2.2987,-515.21,86.30250000000001,194.6105,0.0,0.0,0.0,0.0,0.7705000000000001,-5.498166666666667,-5.498166666666667,0.3821,-1.4176666666666664,1.8525555555555555,0.09799999999999986,46.18,-1.2519,-0.23515,20.296,100.0,0.0,0.0,138.83333333333334,0.0,0.0,0.0,0.0,0.0,0.0,0.0,6789.6,0.0,55.0,4.0,166.43666666666667,1.0,0.0,0.0,0.0,0.0,0.0,1.0,0.0,32.856,32.856,0.0,17.284,1.0,55.0,616.79921,10000.0,85.000001,85.000001,85.000001,85.000001,395.0,0.0,0.0,0.0,1.0,166.665,64.285,64.285,65.552,65.552,34.0,-39.55,0.0,-66.08,-17.5225,0.0,1750.084,40.79,100.0,29.613,14.334999999999999,42.5,20.783,0.0,0.0,0.0,0.0,0.0,0.0,0.0,4765.875,0.0,3942.125,1557.7,302.8315,315.0,316.68,321.64,26.5493,23.3333,26.6774,25.3076,314.999998,314.999998,324.999988,324.999988,99.66355714285714,99.56826666666667,99.68794285714286,99.64067142857142,-3.846,0.0,-2.3031666666666664,-2.1313333333333335,-2.0933333333333266,0.0,-1.1719999999999997,-1.5805000000000002,66.93299999999999,46.833,67.734,59.1725,76.264,58.399,80.695,73.429,73.585,55.903999999999996,79.374,71.422,71.162,54.205,78.1285,69.90833333333333,3.0460000000000003,-3.13,0.081125,0.09904500000000001,0.0,142.83,122.925,139.93,137.73333333333332,0.0,0.0
658,0.0,0.0,0.0,1.0,1.0,0.0,0.0,1.0,0.0,100.0,1.0,1.1856,26.0,0.0,0.0,0.0,57.999998,28.256666666666664,26.0,26.0,26.0,26.0,-2.6833333333333336,-0.9785,0.10650000000000001,303.894,-1.6449,-3.853125,-0.43645,-2.3401,-517.4200000000001,87.07,194.63725,0.0,0.0,0.0,0.0,0.7718666666666667,-5.498166666666667,-5.498166666666667,0.306,-0.05866666666666687,2.0477777777777777,5.44,45.636,-0.9565,-0.21735000000000002,25.240000000000002,0.0,0.0,0.0,138.06,0.0,0.0,0.0,0.0,0.0,0.0,0.0,7623.1,0.0,55.0,0.0,164.42666666666668,0.0,0.0,0.0,0.0,0.0,0.0,1.0,0.0,32.907,32.907,0.0,17.284,0.0,55.0,616.79921,10000.0,85.000001,85.000001,85.000001,85.000001,395.0,0.0,0.0,0.0,1.0,333.33500000000004,59.097,59.097,65.75,65.75,34.0,-48.0025,0.0,-78.12,-22.61,0.0,1750.031,49.32000000000001,100.0,31.796,13.741,41.437,19.018,0.0,0.0,55.0,0.0,0.0,0.0,0.0,5803.0,0.0,4414.125,1883.4,299.952,315.0,316.1245,320.81225,26.5544,23.3364,26.6823,25.3115,314.999998,314.999998,324.999988,324.999988,99.6642,99.56826666666667,99.68821428571428,99.64074285714285,-4.100333333333333,0.0,-2.1421666666666668,-1.9795,-1.3866666666666703,0.0,-0.7429999999999999,-1.0455,66.965,46.8525,67.764,59.197,76.478,58.3455,80.729,73.3985,73.797,55.855000000000004,79.411,71.3925,71.362,54.158500000000004,78.1645,69.878,3.7855,-3.8665000000000003,0.06814500000000001,0.09717500000000001,0.0,142.29,98.575,139.24666666666667,136.87,0.0,0.0
659,0.0,0.0,0.0,1.0,1.0,0.0,0.0,1.0,0.0,100.0,1.0,1.1856,26.0,0.0,0.0,0.0,57.999998,16.431666666666665,26.0,26.0,26.0,26.0,-2.7694444444444444,-0.9728,0.18385,301.62,-1.73515,-3.739375,-0.493,-2.3001,-519.59,87.89,194.6635,0.0,0.0,0.0,0.0,0.7732333333333333,-5.498166666666667,-5.498166666666667,0.2624,0.8783333333333333,2.2693333333333334,2.224,45.103,-0.7562,-0.29600000000000004,32.352,0.0,0.0,0.0,137.02,0.0,0.0,0.0,0.0,0.0,0.0,0.0,8874.7,0.0,55.0,0.0,162.49333333333334,1.0,0.0,0.0,0.0,0.0,0.0,1.0,0.0,32.958,32.958,0.0,17.284,1.0,55.0,616.79921,10000.0,85.000001,85.000001,85.000001,85.000001,395.0,0.0,0.0,0.0,1.0,333.33500000000004,55.45,55.45,64.346,64.346,34.0,-60.105000000000004,0.10999999999999943,-79.42666666666666,-26.955,0.0,1749.981,54.07000000000001,100.0,34.102000000000004,15.026,41.972,19.781,0.0,0.0,2.75,0.0,0.0,0.0,0.0,6040.0,369.5999999999999,4387.25,2146.1,299.2175,313.8453333333333,316.02575,320.3215,26.5599,23.3395,26.6873,25.3158,314.999998,314.999998,324.999988,324.999988,99.66482857142857,99.56845,99.68842857142857,99.64085714285714,-3.950333333333333,-4.00775,-2.1113333333333335,-1.9368333333333334,-0.9750000000000014,-33.33333333333333,-0.44200000000000017,-0.5180000000000002,67.0,46.872,67.79599999999999,59.224000000000004,76.684,58.468,80.7595,73.3875,73.999,55.966499999999996,79.4445,71.3815,71.552,54.2585,78.1965,69.86533333333334,4.1715,-4.2695,0.08500500000000001,0.09806000000000001,0.0,141.835,94.075,138.33333333333334,135.70666666666668,0.0,0.0
660,0.0,0.0,0.0,1.0,1.0,0.0,0.0,1.0,0.0,100.0,1.0,1.1856,26.0,0.0,0.0,0.0,57.999998,4.413333333333327,26.0,26.0,26.0,26.0,-2.586555555555556,-0.9687,0.10650000000000001,303.528,-1.6755499999999999,-3.778375,-0.4300999999999999,-2.3209,-521.58,88.715,194.68925,0.0,0.0,0.0,0.0,0.7745000000000001,-5.498166666666667,-5.498166666666667,0.2356,-0.1543333333333332,2.2848888888888887,-2.283,44.893,-0.8083,-0.30645,34.104,83.0,0.0,0.0,134.82333333333332,0.0,0.0,0.0,0.0,0.0,0.0,0.0,7847.5,0.0,55.0,3.0,161.64333333333335,0.0,0.0,0.0,0.0,0.0,0.0,0.0,0.0,33.006,33.006,0.0,17.284,0.0,55.0,616.79921,10000.0,85.000001,85.000001,85.000001,85.000001,395.0,0.0,0.0,0.0,1.0,166.665,60.196,60.196,63.751,63.751,34.0,-48.695,0.0,-82.81,-17.55,0.0,1749.934,56.519999999999996,100.0,32.444,14.636,42.948,20.57,0.0,0.0,0.0,0.0,0.0,0.0,0.0,5313.875,0.0,4692.375,1648.1,301.349,315.0,315.3195,321.24375,26.5647,23.3424,26.6922,25.3199,314.999998,314.999998,324.999988,324.999988,99.66534285714286,99.56848333333333,99.6887,99.64097142857143,-4.066333333333334,0.0,-2.2085,-2.029333333333333,-0.19333333333332803,0.0,1.1925,1.962,67.029,46.89,67.826,59.2495,76.849,58.461,80.8045,73.38550000000001,74.162,55.959,79.4925,71.379,71.706,54.2505,78.2425,69.861,4.349,-4.436,0.09159,0.11016500000000001,0.0,141.94,91.58500000000001,134.76,134.88333333333333,0.0,0.0
661,0.0,0.0,0.0,1.0,1.0,0.0,0.0,1.0,0.0,100.0,1.0,1.1856,26.0,0.0,0.0,0.0,57.999998,0.0,26.0,26.0,26.0,26.0,-1.629,-0.17569999999999997,-0.3402,307.098,-1.8414,-3.687875,-0.4250999999999999,-2.3565,-523.79,89.69749999999999,194.716,0.0,0.0,0.0,0.0,0.7759,-5.498166666666667,-5.498166666666667,0.1753,2.127,2.5603333333333333,11.475,44.729,-1.1629,-0.25595,38.61,88.4,0.0,0.0,142.54666666666668,0.0,0.0,0.0,0.0,0.0,0.0,0.0,7967.6,0.0,55.0,3.0,161.06,1.0,0.0,0.0,0.0,0.0,0.0,0.0,0.0,33.06,33.06,0.0,17.284,1.0,55.0,616.79921,10000.0,85.000001,85.000001,85.000001,85.000001,395.0,0.0,0.0,0.0,1.0,166.665,62.866,62.866,69.138,69.138,34.0,-18.125,0.0,-24.946666666666665,-9.77,0.0,1749.88,60.230000000000004,100.0,31.236,14.247,41.532,18.997999999999998,0.0,0.0,35.13333333333333,0.0,0.0,0.0,0.0,4178.25,0.0,2489.875,1217.3,303.905,315.0,320.63325,322.35625,26.5699,23.3457,26.6975,25.323900000000002,314.999998,314.999998,324.999988,324.999988,99.66595714285714,99.56848333333333,99.68901428571428,99.64105714285714,-4.618,0.0,-2.8993333333333338,-2.7075,-0.14666666666666828,0.0,2.6185,3.6425,67.062,46.9105,67.86,59.2745,77.048,58.408500000000004,80.862,73.3595,74.36,55.911,79.554,71.354,71.892,54.205,78.3025,69.83433333333333,4.6085,-4.6865000000000006,0.10312500000000001,0.10342000000000001,0.0,141.77,90.685,142.73666666666668,142.35666666666665,0.0,0.0
662,0.0,0.0,0.0,1.0,1.0,0.0,0.0,1.0,0.0,100.0,1.0,1.1856,26.0,0.0,0.0,0.0,57.999998,7.576666666666668,26.0,26.0,26.0,26.0,-2.761333333333333,0.14749999999999996,0.02705,305.374,-1.9537,-3.5785,-0.52255,-2.3013000000000003,-525.85,90.67750000000001,194.735375,0.0,0.0,0.0,0.0,0.7772666666666668,-5.498166666666667,-5.498166666666667,0.13290000000000002,-2.1043333333333334,2.7074444444444445,-6.216,44.687,-1.3315000000000001,-0.185125,30.332,93.5,0.0,0.0,138.78666666666666,0.0,0.0,0.0,0.0,0.0,0.0,0.0,7532.5,0.0,55.0,3.0,161.05666666666667,0.0,0.0,0.0,0.0,0.0,0.0,0.0,0.0,33.111000000000004,33.111000000000004,0.0,17.284,0.0,55.0,616.79921,10000.0,85.000001,85.000001,85.000001,85.000001,395.0,0.0,0.0,0.0,1.0,166.665,63.644,63.644,64.072,64.072,34.0,6.9325000000000045,0.0,-52.39666666666667,-23.775,0.0,1749.83,68.345,100.0,28.238,12.892,41.136,20.973,0.0,0.0,0.0,0.0,0.0,0.0,0.0,4856.75,0.0,4625.125,1751.4,302.5295,315.0,315.45475,321.1145,26.5741,23.3487,26.7026,25.3285,314.999998,314.999998,324.999988,324.999988,99.66651428571429,99.56848333333333,99.68937142857143,99.64125714285714,-5.690666666666667,0.0,-2.7718333333333334,-2.6036666666666664,-0.0799999999999983,0.0,-3.0685000000000002,-0.7614999999999998,67.088,46.9295,67.891,59.303,77.236,58.3595,80.943,73.397,74.543,55.8655,79.6375,71.39,72.063,54.162,78.383,69.866,5.2385,-5.292,0.100775,0.10823500000000001,0.0,141.2,88.185,140.27666666666667,137.29666666666665,0.0,0.0
663,0.0,0.0,0.0,1.0,1.0,0.0,0.0,1.0,0.0,100.0,1.0,1.1856,26.0,0.0,0.0,0.0,57.999998,0.0,26.0,26.0,26.0,26.0,-2.1607777777777777,-0.9452,-0.0767,306.229,-1.76355,-3.85925,-0.27444999999999997,-2.5472,-527.64,91.59,194.7505,0.0,0.0,0.0,0.0,0.7784333333333333,-5.498166666666667,-5.498166666666667,-0.0056,-0.43233333333333324,2.562777777777778,2.84,44.473,-1.2799,-0.2556,33.188,98.0,0.0,0.0,132.91333333333333,0.0,0.0,0.0,0.0,0.0,0.0,0.0,7821.0,0.0,55.0,3.0,160.17,1.0,0.0,0.0,0.0,0.0,0.0,0.0,0.0,33.156,33.156,0.0,17.284,1.0,55.0,616.79921,10000.0,85.000001,85.000001,85.000001,85.000001,395.0,0.0,0.0,0.0,1.0,166.665,64.438,64.438,65.369,65.369,34.0,16.0875,0.0,-77.95,-10.877500000000001,0.0,1749.785,75.275,100.0,30.092,12.738999999999999,43.247,18.454,0.0,0.0,8.854999999999997,0.0,0.0,0.0,0.0,5463.0,0.0,4880.625,1145.8999999999999,301.0585,315.0,315.05225,322.9565,26.5788,23.3514,26.7073,25.3318,314.999998,314.999998,324.999988,324.999988,99.66727142857142,99.56848333333333,99.68971428571429,99.64131428571429,-6.235666666666667,0.0,-2.8101666666666665,-2.6445,-0.036666666666668846,0.0,1.33,2.0375,67.118,46.9465,67.92099999999999,59.324,77.497,58.316,81.0215,73.37049999999999,74.799,55.8255,79.7195,71.364,72.302,54.124,78.4625,69.83933333333333,5.868,-5.9095,0.07238,0.10638,0.0,140.33,85.66499999999999,132.46666666666667,133.36,0.0,0.0
664,0.0,0.0,0.0,1.0,1.0,0.0,0.0,1.0,0.0,100.0,1.0,1.1856,26.0,0.0,0.0,0.0,57.999998,0.0,26.0,26.0,26.0,26.0,-2.303777777777778,-0.34419999999999995,0.0066,305.756,-1.9478499999999999,-3.54975,-0.5531999999999999,-2.2043,-529.63,92.66749999999999,194.764875,0.0,0.0,0.0,0.0,0.7797666666666667,-5.498166666666667,-5.498166666666667,-0.0663,0.389,3.0472222222222225,8.781,44.23,-1.454,-0.21895,32.186,100.0,0.0,0.0,134.72333333333333,0.0,0.0,0.0,0.0,0.0,0.0,0.0,7667.6,0.0,55.0,3.0,159.36,0.0,0.0,0.0,0.0,0.0,0.0,0.0,0.0,33.207,33.207,0.0,17.284,0.0,55.0,616.79921,10000.0,85.000001,85.000001,85.000001,85.000001,395.0,0.0,0.0,0.0,1.0,166.665,63.675,63.675,66.162,66.162,34.0,14.975000000000001,0.0,-45.879999999999995,-39.8375,0.0,1749.733,79.57000000000001,100.0,30.271,12.656,42.031,18.829,0.0,0.0,2.3299999999999983,0.0,0.0,0.0,0.0,4310.5,0.0,3360.125,2636.8,303.645,315.0,317.918,319.32275,26.584,23.3544,26.7123,25.3359,314.999998,314.999998,324.999988,324.999988,99.66814285714285,99.56848333333333,99.69004285714286,99.64144285714286,-6.888666666666667,0.0,-3.0798333333333336,-2.9373333333333336,-0.07000000000000028,0.0,-0.2400000000000002,-0.11949999999999994,67.15,46.965,67.952,59.349000000000004,77.802,58.266999999999996,81.091,73.37049999999999,75.098,55.7805,79.793,71.3635,72.583,54.0815,78.534,69.83633333333333,6.223000000000001,-6.2705,0.07527500000000001,0.11055500000000001,0.0,139.485,85.66499999999999,135.86,133.59,0.0,0.0
665,0.0,0.0,0.0,1.0,1.0,0.0,0.0,1.0,0.0,100.0,1.0,1.1856,26.0,0.0,0.0,0.0,57.999998,0.0,26.0,26.0,26.0,26.0,-3.117888888888889,-0.44589999999999996,0.19625,305.038,-1.6917,-3.847875,-0.41135,-2.3613,-531.58,93.795,194.774125,0.0,0.0,0.0,0.0,0.7811,-5.498166666666667,-5.498166666666667,-0.1572,-1.4050000000000002,2.963222222222222,-7.657,43.974,-1.2576,-0.219725,28.802,100.0,0.0,0.0,133.75666666666666,0.0,0.0,0.0,0.0,0.0,0.0,0.0,7612.5,0.0,55.0,3.0,158.43666666666667,1.0,0.0,0.0,0.0,0.0,0.0,0.0,0.0,33.258,33.258,0.0,17.284,1.0,55.0,616.79921,10000.0,85.000001,85.000001,85.000001,85.000001,395.0,0.0,0.0,0.0,1.0,333.33500000000004,64.331,64.331,66.711,66.711,34.0,21.504999999999995,0.0,-85.78333333333333,-33.917500000000004,0.0,1749.681,89.45,100.0,30.365000000000002,12.586,42.671,19.285,0.0,0.0,0.0,0.0,0.0,0.0,0.0,5948.375,0.0,4905.375,2280.4,300.0745,315.0,314.7435,319.7835,26.589100000000002,23.3574,26.7174,25.3401,314.999998,314.999998,324.999988,324.999988,99.66905714285714,99.56848333333333,99.69035714285714,99.64158571428571,-7.363333333333333,0.0,-2.6546666666666665,-2.511,-0.07000000000000028,0.0,-0.33950000000000014,-0.28500000000000014,67.182,46.984,67.983,59.3755,78.126,58.2185,81.1515,73.379,75.415,55.7355,79.856,71.3715,72.879,54.039,78.595,69.84133333333334,6.9115,-6.950000000000001,0.09800500000000001,0.10617000000000001,0.0,138.355,85.66499999999999,134.79333333333332,132.72333333333333,0.0,0.0
666,0.0,0.0,0.0,1.0,1.0,0.0,0.0,1.0,0.0,100.0,1.0,1.1856,26.0,0.0,0.0,0.0,57.999998,0.0,26.0,26.0,26.0,26.0,-3.0904444444444445,-0.4335,0.23105,305.13,-1.41635,-4.1315,-0.24664999999999992,-2.4579,-533.37,94.9075,194.781875,0.0,0.0,0.0,0.0,0.7823333333333333,-5.498166666666667,-5.498166666666667,-0.2228,2.1093333333333333,3.028777777777778,9.05,43.737,-1.1196000000000002,-0.27242500000000003,33.46,100.0,0.0,0.0,133.23,0.0,0.0,0.0,0.0,0.0,0.0,0.0,7582.5,0.0,55.0,3.0,157.56333333333333,0.0,0.0,0.0,0.0,0.0,0.0,0.0,0.0,33.306,33.306,0.0,17.284,0.0,55.0,616.79921,10000.0,85.000001,85.000001,85.000001,85.000001,395.0,0.0,0.0,0.0,1.0,333.33500000000004,64.423,64.423,67.886,67.886,34.0,23.057500000000005,0.0,-74.99333333333334,-26.550000000000004,0.0,1749.633,94.955,100.0,33.003,13.131,45.437,17.304000000000002,0.0,0.0,0.0,0.0,0.0,0.0,0.0,6239.0,0.0,4423.25,1904.8,298.822,315.0,315.51425,320.832,26.5948,23.3602,26.7225,25.3436,314.999998,314.999998,324.999988,324.999988,99.67018571428571,99.56848333333333,99.69067142857143,99.64164285714286,-7.662333333333333,0.0,-2.7448333333333337,-2.5938333333333334,-0.1566666666666663,0.0,-0.30100000000000016,-0.11649999999999983,67.218,47.001,68.016,59.3975,78.511,58.173500000000004,81.2205,73.34100000000001,75.795,55.694,79.929,71.33500000000001,73.24,53.9995,78.6665,69.80466666666666,7.422000000000001,-7.471500000000001,0.08647,0.11340000000000001,0.0,137.7,85.66499999999999,134.39,132.06666666666666,0.0,0.0
667,0.0,0.0,0.0,1.0,1.0,0.0,0.0,1.0,0.0,100.0,1.0,1.1856,26.0,0.0,0.0,0.0,57.999998,0.0,26.0,26.0,26.0,26.0,-2.243333333333333,-0.4381999999999999,-0.23240000000000002,309.25,-1.6562,-3.9286250000000003,-0.2738999999999999,-2.5362,-535.22,96.13499999999999,194.78725,0.0,0.0,0.0,0.0,0.7836333333333333,-5.498166666666667,-5.498166666666667,-0.1482,3.3366666666666664,3.4956666666666667,6.495000000000001,43.48,-1.1877,-0.07992500000000001,34.762,100.0,0.0,0.0,132.21,0.0,0.0,0.0,0.0,0.0,0.0,0.0,7524.5,0.0,55.0,3.0,156.63666666666666,1.0,0.0,0.0,0.0,0.0,0.0,0.0,0.0,33.357,33.357,0.0,17.284,1.0,55.0,616.79921,10000.0,85.000001,85.000001,85.000001,85.000001,395.0,0.0,0.0,0.0,1.0,333.33500000000004,69.855,69.855,69.565,69.565,34.0,15.509999999999998,0.0,-63.81666666666666,0.0,0.0,1749.581,98.305,100.0,30.555,13.22,43.363,16.855,0.0,0.0,0.0,0.0,0.0,0.0,0.0,4501.375,0.0,4085.125,0.0,303.4325,315.0,316.8845,324.8985,26.6001,23.3631,26.7275,25.3474,314.999998,314.999998,324.999988,324.999988,99.67121428571429,99.56848333333333,99.69098571428572,99.64172857142857,-7.95,0.0,-2.8028333333333335,0.0,-0.03833333333332689,0.0,-0.4405000000000001,0.0,67.251,47.0195,68.047,59.421,78.876,58.1225,81.274,73.315,76.154,55.647,79.987,71.3095,73.58,53.955,78.723,69.778,7.7385,-7.763999999999999,0.08393,0.104885,0.0,136.99,85.66499999999999,133.62,130.80333333333334,0.0,0.0
668,0.0,0.0,0.0,1.0,1.0,0.0,0.0,1.0,0.0,100.0,1.0,1.1856,26.0,0.0,0.0,0.0,57.999998,0.0,26.0,26.0,26.0,26.0,-3.014777777777778,-0.501,0.2127,302.383,-1.5912,-3.977,-0.32109999999999994,-2.4911000000000003,-537.03,97.4125,194.789625,0.0,0.0,0.0,0.0,0.7849333333333334,-5.498166666666667,-5.498166666666667,-0.1844,0.44733333333333336,3.791333333333333,5.564,43.277,-1.0061,-0.15002500000000002,31.130000000000003,100.0,0.0,0.0,131.70666666666668,0.0,0.0,0.0,0.0,0.0,0.0,0.0,7495.8,0.0,55.0,3.0,155.90333333333334,0.0,0.0,0.0,0.0,0.0,0.0,0.0,0.0,33.408,33.408,0.0,17.284,0.0,55.0,616.79921,10000.0,85.000001,85.000001,85.000001,85.000001,395.0,0.0,0.0,0.0,1.0,333.33500000000004,61.874,61.874,65.521,65.521,34.0,24.132500000000007,0.0,-79.60666666666667,-20.6875,0.0,1749.531,110.92500000000001,100.0,33.083,13.248,46.248000000000005,21.244,0.0,0.0,0.0,0.0,0.0,0.0,0.0,6485.375,0.0,4477.125,1608.3,298.2225,315.0,315.53125,321.5125,26.606,23.366,26.733,25.3517,314.999998,314.999998,324.999988,324.999988,99.67238571428571,99.56848333333333,99.69132857142857,99.64187142857143,-8.721666666666668,0.0,-2.491,-2.3426666666666667,-0.21999999999999886,0.0,-0.3240000000000003,-0.22100000000000009,67.287,47.0375,68.081,59.448,79.281,58.0775,81.349,73.3305,76.552,55.6055,80.0655,71.3235,73.956,53.916,78.7995,69.78833333333333,8.5915,-8.635,0.07404000000000001,0.10513000000000002,0.0,135.78,85.66499999999999,132.82333333333332,130.59,0.0,0.0
669,0.0,0.0,0.0,1.0,1.0,0.0,0.0,1.0,0.0,100.0,1.0,1.1856,26.0,0.0,0.0,0.0,57.999998,0.0,26.0,26.0,26.0,26.0,-3.4804444444444442,-0.5638,0.4586,297.546,-1.93525,-3.6035,-0.51065,-2.3441,-538.6800000000001,98.6625,194.7925,0.0,0.0,0.0,0.0,0.7861333333333334,-5.498166666666667,-5.498166666666667,-0.1404,4.308666666666666,4.235666666666667,6.743,42.995,-0.8300000000000001,-0.121725,35.596000000000004,100.0,0.0,0.0,131.05,0.0,0.0,0.0,0.0,0.0,0.0,0.0,7458.4,0.0,55.0,3.0,154.88,1.0,0.0,0.0,0.0,0.0,0.0,0.0,0.0,33.456,33.456,0.0,17.284,1.0,55.0,616.79921,10000.0,85.000001,85.000001,85.000001,85.000001,395.0,0.0,0.0,0.0,1.0,333.33500000000004,55.099000000000004,55.099000000000004,61.325,61.325,34.0,25.742500000000007,0.0,-96.32666666666667,-63.432500000000005,0.0,1749.482,114.815,100.0,35.786,13.616999999999999,45.577,20.903,0.0,0.0,0.0,0.0,0.0,0.0,0.0,6818.875,0.0,5274.125,4014.9,297.344,315.0,314.284,316.79325,26.6123,23.3688,26.7379,25.3555,314.999998,314.999998,324.999988,324.999988,99.67375714285714,99.56848333333333,99.6916,99.64197142857142,-8.783666666666667,0.0,-2.4613333333333336,-2.3163333333333336,-0.23166666666666913,0.0,-0.2845,-0.2124999999999999,67.327,47.0545,68.112,59.472,79.787,58.033,81.4045,73.3235,77.017,55.5645,80.12,71.3165,74.392,53.8785,78.852,69.782,9.0235,-9.0745,0.070235,0.11715,0.0,135.21,85.66499999999999,132.3,129.8,0.0,0.0
670,0.0,0.0,0.0,1.0,1.0,0.0,0.0,1.0,0.0,100.0,1.0,1.1856,26.0,0.0,0.0,0.0,57.999998,0.0,26.0,26.0,26.0,26.0,-2.9713333333333334,-0.5403,0.3138,297.409,-1.9429999999999998,-3.49575,-0.39059999999999995,-2.6197,-540.37,100.04249999999999,194.80125,0.0,0.0,0.0,0.0,0.7874,-5.498166666666667,-5.498166666666667,-0.09580000000000001,4.527333333333333,4.392111111111111,3.234,42.615,-0.6495000000000001,-0.243875,41.692,100.0,0.0,0.0,129.9,0.0,0.0,0.0,0.0,0.0,0.0,0.0,7392.9,0.0,55.0,3.0,153.49666666666667,0.0,0.0,0.0,0.0,0.0,0.0,1.0,0.0,33.507,33.507,0.0,17.284,0.0,55.0,616.79921,10000.0,85.000001,85.000001,85.000001,85.000001,395.0,0.0,0.0,0.0,1.0,166.665,54.275999999999996,54.275999999999996,60.394,60.394,34.0,22.9675,0.0,-95.62666666666667,-17.605,0.0,1749.433,118.39000000000001,100.0,38.856,16.779,47.367000000000004,23.146,0.0,0.0,0.0,0.0,0.0,0.0,0.0,6176.5,0.0,5185.125,1462.5,298.86,315.0,314.42275,321.8855,26.6193,23.3716,26.7436,25.3598,314.999998,314.999998,324.999988,324.999988,99.67524285714286,99.56873333333333,99.69191428571429,99.6421,-8.556666666666668,0.0,-2.3768333333333334,-2.2451666666666665,-0.1383333333333283,0.0,-0.387,-0.26549999999999985,67.371,47.073,68.147,59.499,80.271,58.1655,81.465,73.3265,77.518,55.686,80.188,71.3185,74.86,53.987,78.9185,69.77866666666667,9.326,-9.3935,0.06941,0.10293500000000001,0.0,134.345,101.71,131.49333333333334,128.30666666666667,0.0,0.0
671,0.0,0.0,0.0,1.0,1.0,0.0,0.0,1.0,0.0,100.0,1.0,1.1856,26.0,0.0,0.0,0.0,57.999998,0.0,26.0,26.0,26.0,26.0,-3.0793333333333335,-0.512,0.30255000000000004,297.394,-1.9029,2.465375,-0.42965,-2.4955,-542.09,101.5625,194.8145,0.0,0.0,0.0,0.0,0.7887333333333333,-5.498166666666667,-5.498166666666667,-0.1308,0.5526666666666666,4.580777777777778,2.9130000000000003,42.318,-0.6184000000000001,-0.31685,39.634,100.0,0.0,0.0,128.88666666666666,0.0,0.0,0.0,0.0,0.0,0.0,0.0,7335.3,0.0,55.0,3.0,152.42666666666668,1.0,0.0,0.0,0.0,0.0,0.0,1.0,0.0,33.561,33.561,0.0,17.284,1.0,55.0,616.79921,10000.0,85.000001,85.000001,85.000001,85.000001,395.0,0.0,0.0,0.0,1.0,166.665,53.391,53.391,58.472,58.472,34.0,22.662499999999994,0.0,-92.56,-29.994999999999997,0.0,1749.38,122.64000000000001,100.0,37.871,16.734,48.034,23.163,0.0,0.0,0.0,0.0,0.0,0.0,0.0,6156.75,0.0,4961.125,2253.6,299.197,315.0,314.635,320.14725,26.6262,23.3747,26.7496,25.3643,314.999998,314.999998,324.999988,324.999988,99.6766,99.56873333333333,99.69224285714286,99.64222857142857,-8.877333333333333,0.0,-2.3056666666666668,-2.1398333333333337,-0.09666666666667112,0.0,-0.2665000000000002,-0.1825000000000001,67.414,47.092,68.185,59.527,80.746,58.1155,81.5375,73.328,77.981,55.64,80.264,71.3195,75.293,53.944,78.992,69.77633333333333,9.624,-9.6775,0.09008500000000001,0.110975,0.0,133.185,101.71,130.34333333333333,127.43,0.0,0.0
672,0.0,0.0,0.0,1.0,1.0,0.0,0.0,1.0,0.0,100.0,1.0,1.1856,26.0,0.0,0.0,0.0,57.999998,0.0,26.0,26.0,26.0,26.0,-3.3195555555555556,-0.7496,0.3919,296.921,-1.88435,2.67275,-0.35529999999999995,-2.567,-543.46,102.8675,194.826875,0.0,0.0,0.0,0.0,0.7898333333333334,-5.498166666666667,-5.498166666666667,-0.08940000000000001,10.220333333333334,4.685888888888888,-1.226,41.945,-0.7847000000000001,-0.28900000000000003,55.656000000000006,100.0,0.0,0.0,127.98666666666666,0.0,0.0,0.0,0.0,0.0,0.0,0.0,7284.1,0.0,55.0,3.0,151.11333333333334,0.0,0.0,0.0,0.0,0.0,0.0,1.0,0.0,33.606,33.606,0.0,17.284,0.0,55.0,616.79921,10000.0,85.000001,85.000001,85.000001,85.000001,395.0,0.0,0.0,0.0,1.0,166.665,48.553,48.553,59.616,59.616,34.0,25.575000000000003,1.2800000000000011,-72.51,-12.182500000000001,0.0,1749.334,117.505,100.0,40.335,20.42,45.596000000000004,20.206,0.0,0.0,0.0,0.0,0.0,0.0,0.0,6785.125,591.9000000000001,4698.5,1092.0,297.486,312.6836666666667,315.5335,322.94575,26.6328,23.3774,26.754,25.3675,314.999998,314.999998,324.999988,324.999988,99.67794285714285,99.56896666666667,99.6925,99.6423,-8.253333333333334,-8.217500000000001,-2.978666666666667,-2.876,-0.33500000000000085,-9.086666666666666,-0.4450000000000003,-0.25749999999999984,67.455,47.1085,68.213,59.547,81.203,58.211,81.58,73.303,78.426,55.7475,80.309,71.295,75.709,54.0635,79.0355,69.75133333333333,9.3955,-9.506,0.09292500000000001,0.09704,0.0,133.02,117.865,130.06,125.91333333333333,0.0,0.0
673,0.0,0.0,0.0,1.0,1.0,0.0,0.0,1.0,0.0,100.0,1.0,1.1856,26.0,0.0,0.0,0.0,57.999998,0.0,26.0,26.0,26.0,26.0,-3.424777777777778,-0.4505,0.25235,300.72,-2.02415,2.547625,-0.12004999999999999,-2.837,-545.04,104.4825,194.84325,0.0,0.0,0.0,0.0,0.7911333333333334,-5.498166666666667,-5.498166666666667,0.14300000000000002,4.646,4.556222222222223,-1.659,41.641,-1.0406,-0.13525,44.598000000000006,100.0,0.0,0.0,126.97,0.0,0.0,0.0,0.0,0.0,0.0,0.0,7226.2,0.0,55.0,3.0,150.00666666666666,1.0,0.0,0.0,0.0,0.0,0.0,1.0,0.0,33.66,33.66,0.0,17.284,1.0,55.0,616.79921,10000.0,85.000001,85.000001,85.000001,85.000001,395.0,0.0,0.0,0.0,1.0,166.665,63.843,63.843,54.138,54.138,34.0,11.072499999999998,0.0,-128.64,-41.77,0.0,1749.281,110.52000000000001,100.0,36.293,18.276,50.808,19.625999999999998,0.0,0.0,0.0,0.0,0.0,0.0,0.0,2916.375,0.0,7323.375,2974.8,304.0855,315.0,310.18825,319.6035,26.6396,23.3804,26.7604,25.3717,314.999998,314.999998,324.999988,324.999988,99.67911428571429,99.56896666666667,99.693,99.64244285714285,-8.082333333333334,0.0,-3.0741666666666667,-2.9306666666666668,0.041666666666671404,0.0,-0.21450000000000014,-0.26350000000000007,67.498,47.1275,68.252,59.5735,81.605,58.164500000000004,81.713,73.314,78.82,55.7055,80.447,71.305,76.08,54.025,79.17099999999999,69.75666666666666,8.6785,-8.7255,0.09359,0.09962000000000001,0.0,131.935,118.235,128.70666666666668,125.23333333333333,0.0,0.0
674,0.0,0.0,0.0,1.0,1.0,0.0,0.0,1.0,0.0,100.0,1.0,1.1856,26.0,0.0,0.0,0.0,57.999998,0.0,26.0,26.0,26.0,26.0,-3.181777777777778,-0.5678,0.0352,303.36,-1.5326499999999998,-3.819875,0.15565000000000007,-2.6632,-546.37,105.965,194.8595,0.0,0.0,0.0,0.0,0.7923,-5.498166666666667,-5.498166666666667,-0.0945,-2.094,4.4992222222222225,8.097,41.395,-0.9126000000000001,-0.332625,39.216,100.0,0.0,0.0,125.75666666666666,0.0,0.0,0.0,0.0,0.0,0.0,0.0,7157.2,0.0,55.0,3.0,149.12333333333333,0.0,0.0,0.0,0.0,0.0,0.0,1.0,0.0,33.708,33.708,0.0,17.284,0.0,55.0,616.79921,10000.0,85.000001,85.000001,85.000001,85.000001,395.0,0.0,0.0,0.0,1.0,333.33500000000004,63.568,63.568,62.439,62.439,34.0,23.845,0.0,-102.14,0.0,0.0,1749.231,119.09,100.0,33.85,16.118,50.355000000000004,18.436,0.0,0.0,0.0,0.0,0.0,0.0,0.0,6430.625,0.0,5854.25,0.0,298.4015,315.0,313.73925,325.0,26.6457,23.3832,26.7662,25.3753,314.999998,314.999998,324.999988,324.999988,99.68018571428571,99.56896666666667,99.69341428571428,99.64252857142857,-9.059000000000001,0.0,-2.7920000000000003,0.0,-0.2433333333333323,0.0,-0.3214999999999999,0.0,67.535,47.1445,68.289,59.5955,81.978,58.121,81.816,73.289,79.188,55.6655,80.556,71.28,76.428,53.987,79.2785,69.73066666666666,9.339500000000001,-9.4085,0.08078500000000001,0.09327500000000001,0.0,130.125,118.235,127.47666666666666,124.03666666666666,0.0,0.0
675,0.0,0.0,0.0,1.0,1.0,0.0,0.0,1.0,0.0,100.0,1.0,1.1856,26.0,0.0,0.0,0.0,57.999998,0.0,26.0,26.0,26.0,26.0,-2.6501111111111113,-0.5603,-0.39530000000000004,306.534,-2.39475,-3.172375,-0.5119,-2.1189999999999998,-547.65,107.475,194.871,0.0,0.0,0.0,0.0,0.7934333333333333,-5.498166666666667,-5.498166666666667,-0.1779,5.049,5.396111111111111,17.376,41.138,-1.3948,-0.1003,47.39,100.0,0.0,0.0,124.83333333333333,0.0,0.0,0.0,0.0,0.0,0.0,0.0,7104.6,0.0,55.0,3.0,148.24333333333334,1.0,0.0,0.0,0.0,0.0,0.0,1.0,0.0,33.756,33.756,0.0,17.284,1.0,55.0,616.79921,10000.0,85.000001,85.000001,85.000001,85.000001,395.0,0.0,0.0,0.0,1.0,333.33500000000004,62.775,62.775,68.481,68.481,34.0,12.177500000000002,0.0,-26.393333333333334,-18.105,0.0,1749.184,116.28999999999999,100.0,30.556,15.016,37.169,15.049,0.0,0.0,0.0,0.0,0.0,0.0,0.0,3686.375,0.0,3109.875,1586.3999999999999,305.6075,315.0,318.54425,320.90625,26.6515,23.3859,26.7704,25.3786,314.999998,314.999998,324.999988,324.999988,99.6812,99.56896666666667,99.69364285714286,99.64254285714286,-9.333,0.0,-3.811166666666667,-3.7433333333333336,-0.08166666666667055,0.0,-0.7284999999999999,-1.0525000000000002,67.572,47.161500000000004,68.315,59.616,82.338,58.0775,81.847,73.234,79.539,55.6255,80.5905,71.2275,76.757,53.9495,79.3125,69.67933333333333,9.2695,-9.2905,0.10591,0.11019500000000002,0.0,129.86,118.235,126.77,122.89666666666666,0.0,0.0
676,0.0,0.0,0.0,1.0,1.0,0.0,0.0,1.0,0.0,100.0,1.0,1.1856,26.0,0.0,0.0,0.0,57.999998,0.0,26.0,26.0,26.0,26.0,-4.078111111111111,-0.6760999999999999,0.46475,296.082,-1.996,-3.46175,-0.32614999999999994,-2.6057,-548.95,109.1125,194.874125,0.0,0.0,0.0,0.0,0.7946666666666667,-5.498166666666667,-5.498166666666667,-0.2877,0.29466666666666663,5.080333333333334,-23.740000000000002,40.798,-1.1566,-0.19195,42.572,100.0,0.0,0.0,124.27666666666667,0.0,0.0,0.0,0.0,0.0,0.0,0.0,7073.0,0.0,55.0,3.0,147.02,0.0,0.0,0.0,0.0,0.0,0.0,1.0,0.0,33.807,33.807,0.0,17.284,0.0,55.0,616.79921,10000.0,85.000001,85.000001,85.000001,85.000001,395.0,0.0,0.0,0.0,1.0,166.665,51.559,51.559,59.677,59.677,34.0,30.872500000000002,3.3900000000000006,-95.19666666666666,-33.895,0.0,1749.133,120.66499999999999,100.0,35.213,15.087,45.409,21.29,0.0,0.0,0.0,0.0,0.0,0.0,0.0,8005.375,1529.5,5842.875,2403.1,294.769,311.36266666666666,313.1425,320.18725,26.6581,23.3888,26.7757,25.383,314.999998,314.999998,324.999988,324.999988,99.68238571428572,99.56911666666667,99.69404285714286,99.64277142857142,-9.285,-9.1835,-3.0428333333333337,-2.8998333333333335,-0.2716666666666683,-1.7533333333333303,-0.32299999999999995,-0.1745000000000001,67.613,47.18,68.348,59.6435,82.762,58.1465,81.9425,73.2865,79.947,55.69,80.6885,71.278,77.133,54.008,79.4065,69.72466666666666,9.4865,-9.5275,0.10044,0.10101500000000001,0.0,128.38,123.3,125.81666666666666,122.74,0.0,0.0
677,0.0,0.0,0.0,1.0,1.0,0.0,0.0,1.0,0.0,100.0,1.0,1.1856,26.0,0.0,0.0,0.0,57.999998,0.0,26.0,26.0,26.0,26.0,-4.0344444444444445,-0.5973999999999999,1.105,293.304,-1.6542,-4.005375,0.20999999999999996,-2.954,-550.23,110.895,194.8855,0.0,0.0,0.0,0.0,0.7959333333333334,-5.498166666666667,-5.498166666666667,-0.1637,11.071,4.671333333333333,12.372,40.414,-1.0572000000000001,-0.35025,56.660000000000004,100.0,0.0,0.0,123.18666666666667,0.0,0.0,0.0,0.0,0.0,0.0,0.0,7010.9,0.0,55.0,3.0,145.61333333333334,1.0,0.0,0.0,0.0,0.0,0.0,1.0,0.0,33.861000000000004,33.861000000000004,0.0,17.284,1.0,55.0,616.79921,10000.0,85.000001,85.000001,85.000001,85.000001,395.0,0.0,0.0,0.0,1.0,166.665,46.631,46.631,56.213,56.213,34.0,32.27250000000001,0.7999999999999972,-73.88333333333333,-5.022500000000001,0.0,1749.079,110.07499999999999,100.0,44.841,19.105,52.84,17.128,0.0,0.0,0.0,0.0,0.0,0.0,0.0,8074.5,459.7999999999997,5403.5,521.5999999999999,293.0815,313.8206666666667,312.589,323.65975,26.6677,23.3919,26.7824,25.3866,314.999998,314.999998,324.999988,324.999988,99.6843,99.56923333333333,99.69461428571428,99.64281428571428,-8.014333333333333,-8.06075,-3.6311666666666667,-3.5431666666666666,-0.19999999999999574,-0.045000000000001705,-0.45199999999999996,-0.5505,67.673,47.1995,68.39,59.6665,83.382,58.189,82.096,73.232,80.556,55.728,80.8495,71.225,77.708,54.0415,79.566,69.67266666666667,8.7695,-8.895,0.07480500000000001,0.08927,0.0,128.44,124.125,125.46666666666667,120.90666666666667,0.0,0.0
678,0.0,0.0,0.0,1.0,1.0,0.0,0.0,1.0,0.0,100.0,1.0,1.1856,26.0,0.0,0.0,0.0,57.999998,0.0,26.0,26.0,26.0,26.0,-3.424888888888889,-0.3871,0.41300000000000003,297.424,-2.1212,-3.543,-0.33304999999999996,-2.6639,-551.21,112.41499999999999,194.900625,0.0,0.0,0.0,0.0,0.7969666666666667,-5.498166666666667,-5.498166666666667,0.0758,4.221666666666667,5.077999999999999,-2.113,40.165,-1.1205,-0.20652500000000001,43.354,100.0,0.0,0.0,122.53,0.0,0.0,0.0,0.0,0.0,0.0,0.0,6973.5,0.0,55.0,3.0,144.70333333333332,0.0,0.0,0.0,0.0,0.0,0.0,1.0,0.0,33.906,33.906,0.0,17.284,0.0,55.0,616.79921,10000.0,85.000001,85.000001,85.000001,85.000001,395.0,0.0,0.0,0.0,1.0,333.33500000000004,59.006,59.006,53.696,53.696,34.0,16.175000000000004,0.0,-85.20333333333333,-38.28,0.0,1749.032,102.03,100.0,36.425,18.176000000000002,51.092,22.348,0.0,0.0,0.0,0.0,0.0,0.0,0.0,4679.75,0.0,5654.625,2550.2,303.2375,315.0,313.2125,319.02575,26.6739,23.3945,26.7876,25.3904,314.999998,314.999998,324.999988,324.999988,99.68521428571428,99.56925,99.6951,99.64301428571429,-7.772,0.0,-3.2553333333333336,-3.227,0.03999999999999915,0.0,-0.2945000000000002,-0.20199999999999996,67.712,47.2155,68.423,59.69,83.697,58.158500000000004,82.23,73.274,80.864,55.6995,80.9885,71.264,77.996,54.013999999999996,79.703,69.70566666666667,8.0335,-8.123,0.09265000000000001,0.07257000000000001,0.0,127.47,124.08,124.17,120.89,0.0,0.0
679,0.0,0.0,0.0,1.0,1.0,0.0,0.0,1.0,0.0,100.0,1.0,1.1856,26.0,0.0,0.0,0.0,57.999998,0.0,26.0,26.0,26.0,26.0,-2.6086666666666667,-0.40659999999999996,-0.0456,303.909,-1.77985,-3.83075,-0.014949999999999908,-2.8703000000000003,-552.26,114.16749999999999,194.917375,0.0,0.0,0.0,0.0,0.7981333333333334,-5.498166666666667,-5.498166666666667,-0.12100000000000001,-3.439,4.763,-3.597,39.933,-0.9469000000000001,-0.296725,33.886,100.0,0.0,0.0,121.39333333333333,0.0,0.0,0.0,0.0,0.0,0.0,0.0,6908.9,0.0,55.0,3.0,143.85333333333332,1.0,0.0,0.0,0.0,0.0,0.0,1.0,0.0,33.957,33.957,0.0,17.284,1.0,55.0,616.79921,10000.0,85.000001,85.000001,85.000001,85.000001,395.0,0.0,0.0,0.0,1.0,333.33500000000004,65.979,65.979,61.401,61.401,34.0,18.775,0.0,-91.75333333333333,0.0,0.0,1748.983,109.10499999999999,100.0,31.751,15.843,49.501000000000005,20.216,0.0,0.0,0.0,0.0,0.0,0.0,0.0,5320.875,0.0,5091.0,0.0,301.676,315.0,314.43875,324.7315,26.6802,23.3973,26.7934,25.3941,314.999998,314.999998,324.999988,324.999988,99.68601428571428,99.56925,99.69547142857142,99.6431,-8.467333333333332,0.0,-2.5975,0.0,-0.09499999999999886,0.0,-0.30299999999999994,0.0,67.751,47.233000000000004,68.459,59.713,83.978,58.116,82.315,73.26050000000001,81.138,55.6605,81.0775,71.25,78.252,53.977000000000004,79.7895,69.68966666666667,8.576,-8.617,0.06065500000000001,0.10561000000000001,0.0,125.65,124.08,122.84333333333333,119.94333333333333,0.0,0.0
680,0.0,0.0,0.0,1.0,1.0,0.0,0.0,1.0,0.0,100.0,1.0,1.1856,26.0,0.0,0.0,0.0,57.999998,0.0,26.0,26.0,26.0,26.0,-2.695222222222222,-0.5216,-0.04215,303.101,-2.10435,-3.458375,-0.3106,-2.3886000000000003,-553.24,115.945,194.928375,0.0,0.0,0.0,0.0,0.7993333333333333,-5.498166666666667,-5.498166666666667,-0.2692,4.162333333333334,5.193444444444444,12.696,39.667,-1.0222,-0.233525,43.663999999999994,100.0,0.0,0.0,120.56333333333333,0.0,0.0,0.0,0.0,0.0,0.0,0.0,6861.7,0.0,55.0,3.0,142.91333333333333,0.0,0.0,0.0,0.0,0.0,0.0,0.0,0.0,34.008,34.008,0.0,17.284,0.0,55.0,616.79921,10000.0,85.000001,85.000001,85.000001,85.000001,395.0,0.0,0.0,0.0,1.0,166.665,57.739,57.739,66.437,66.437,34.0,21.4825,0.0,-33.43666666666667,-13.2625,0.0,1748.93,108.4,100.0,32.979,14.672,43.067,15.982,0.0,0.0,0.0,0.0,0.0,0.0,0.0,5861.625,0.0,2749.625,1159.5,299.8885,315.0,319.17975,322.61875,26.6876,23.400100000000002,26.7983,25.3975,314.999998,314.999998,324.999988,324.999988,99.68722857142858,99.56926666666666,99.69574285714286,99.64311428571429,-8.355,0.0,-3.2228333333333334,-3.1125000000000003,-0.21999999999999886,0.0,-0.581,-0.669,67.797,47.2505,68.489,59.734,84.393,58.0785,82.362,73.202,81.544,55.626,81.128,71.194,78.632,53.9445,79.8395,69.635,8.6265,-8.6875,0.10036,0.09555000000000001,0.0,125.305,124.08,122.27,118.86,0.0,0.0
681,0.0,0.0,0.0,1.0,1.0,0.0,0.0,1.0,0.0,100.0,1.0,1.1856,26.0,0.0,0.0,0.0,57.999998,0.0,26.0,26.0,26.0,26.0,-3.484777777777778,-0.4042,0.2519,301.208,-2.11705,-3.417875,-0.30889999999999995,-2.4829,-554.1,117.64,194.932875,0.0,0.0,0.0,0.0,0.8004333333333333,-5.498166666666667,-5.498166666666667,-0.1182,5.3516666666666675,5.077888888888889,-14.476,39.403999999999996,-1.0718,-0.055275000000000005,43.07,100.0,0.0,0.0,120.27,0.0,0.0,0.0,0.0,0.0,0.0,0.0,6844.9,0.0,55.0,3.0,141.96,1.0,0.0,0.0,0.0,0.0,0.0,0.0,0.0,34.056,34.056,0.0,17.284,1.0,55.0,616.79921,10000.0,85.000001,85.000001,85.000001,85.000001,395.0,0.0,0.0,0.0,1.0,333.33500000000004,62.241,62.241,58.319,58.319,34.0,15.627499999999998,0.0,-101.57333333333332,-59.53750000000001,0.0,1748.883,100.0,100.0,32.417,15.565999999999999,44.156,17.052999999999997,0.0,0.0,0.0,0.0,0.0,0.0,0.0,4538.75,0.0,6303.625,3782.1,303.5485,315.0,312.20325,317.45175,26.6941,23.4029,26.8031,25.4012,314.999998,314.999998,324.999988,324.999988,99.68802857142857,99.56936666666667,99.69605714285714,99.64325714285714,-7.511,0.0,-3.1476666666666664,-3.0445,0.023333333333333428,0.0,-0.274,-0.19600000000000017,67.838,47.268,68.519,59.7575,84.668,58.1055,82.4305,73.2195,81.81,55.650999999999996,81.2,71.21000000000001,78.878,53.966499999999996,79.9095,69.648,7.9215,-7.9864999999999995,0.094395,0.12101500000000001,0.0,125.16,122.28,121.9,118.64,0.0,0.0
682,0.0,0.0,0.0,1.0,1.0,0.0,0.0,1.0,0.0,100.0,1.0,1.1856,26.0,0.0,0.0,0.0,57.999998,0.0,26.0,26.0,26.0,26.0,-3.5256666666666665,-0.5086999999999999,0.7747,295.547,-1.45655,-3.994125,0.17210000000000014,-3.201,-554.9300000000001,119.4625,194.939875,0.0,0.0,0.0,0.0,0.8015666666666668,-5.498166666666667,-5.498166666666667,-0.2252,-0.42700000000000005,4.485444444444445,0.28500000000000014,39.14,-0.662,-0.34785,39.354,100.0,0.0,0.0,119.23,0.0,0.0,0.0,0.0,0.0,0.0,0.0,6785.8,0.0,55.0,3.0,140.98666666666668,0.0,0.0,0.0,0.0,0.0,0.0,0.0,0.0,34.107,34.107,0.0,17.284,0.0,55.0,616.79921,10000.0,85.000001,85.000001,85.000001,85.000001,395.0,0.0,0.0,0.0,1.0,166.665,52.78,52.78,54.077,54.077,34.0,30.572500000000005,0.0,-140.61,0.0,0.0,1748.832,103.65,100.0,39.712,15.329,53.812,18.932000000000002,0.0,0.0,0.0,0.0,0.0,0.0,0.0,7914.375,0.0,6987.0,0.0,294.7625,315.0,310.29175,324.56025,26.7023,23.4057,26.8095,25.4049,314.999998,314.999998,324.999988,324.999988,99.6892,99.56936666666667,99.6965,99.64335714285714,-7.443666666666667,0.0,-2.5045,0.0,-0.16833333333332945,0.0,-0.24150000000000027,0.0,67.889,47.2855,68.559,59.781,85.057,58.0615,82.544,73.2135,82.19200000000001,55.61,81.3195,71.2035,79.238,53.9275,80.0275,69.63866666666667,8.135,-8.2295,0.09389,0.10817500000000001,0.0,123.715,122.28,120.82,117.64333333333333,0.0,0.0
683,0.0,0.0,0.0,1.0,1.0,0.0,0.0,1.0,0.0,100.0,1.0,1.1856,26.0,0.0,0.0,0.0,57.999998,0.0,26.0,26.0,26.0,26.0,-3.1881111111111116,-0.53,-0.1636,301.132,-2.4107,-3.01925,-0.42874999999999996,-2.3839,-555.72,121.41499999999999,194.952,0.0,0.0,0.0,0.0,0.8028000000000001,-5.498166666666667,-5.498166666666667,-0.1627,9.898666666666665,5.232666666666667,10.344,38.87,-0.9102,-0.16392500000000002,54.028000000000006,100.0,0.0,0.0,118.40666666666667,0.0,0.0,0.0,0.0,0.0,0.0,0.0,6738.8,0.0,55.0,3.0,140.04,1.0,0.0,0.0,0.0,0.0,0.0,0.0,0.0,34.161,34.161,0.0,17.284,1.0,55.0,616.79921,10000.0,85.000001,85.000001,85.000001,85.000001,395.0,0.0,0.0,0.0,1.0,166.665,56.412,56.412,59.174,59.174,34.0,12.165,-0.8260000000000005,-41.20333333333333,-39.3425,0.0,1748.779,91.84,100.0,34.688,17.655,42.912,15.251,0.0,0.0,0.0,0.0,0.0,0.0,0.0,3609.125,1470.5,3753.625,3099.7,305.457,310.601,317.564,319.60425,26.7104,23.4087,26.8148,25.4086,314.999998,314.999998,324.999988,324.999988,99.69021428571429,99.56945,99.6968,99.6434,-6.490333333333333,-6.503,-3.5151666666666666,-3.443,-0.2666666666666657,0.5916666666666686,-0.6099999999999999,-0.8955000000000002,67.94,47.3045,68.592,59.8035,85.388,58.075,82.597,73.1565,82.516,55.6225,81.377,71.149,79.541,53.938,80.0845,69.58533333333334,7.390499999999999,-7.4695,0.08652000000000001,0.07673,0.0,124.065,120.36,120.43666666666667,116.37666666666667,0.0,0.0
684,0.0,0.0,0.0,1.0,1.0,0.0,0.0,1.0,0.0,100.0,1.0,1.1856,26.0,0.0,0.0,0.0,57.999998,0.0,26.0,26.0,26.0,26.0,-3.231888888888889,-0.3404999999999999,0.5738500000000001,299.789,-2.0016,-3.502625,-0.17279999999999995,-2.6557000000000004,-556.31,123.0575,194.958,0.0,0.0,0.0,0.0,0.8038000000000001,-5.498166666666667,-5.498166666666667,-0.1749,-1.912,4.656333333333333,-21.551000000000002,38.669,-0.8244,-0.20950000000000002,40.578,100.0,0.0,0.0,117.82333333333332,0.0,0.0,0.0,0.0,0.0,0.0,0.0,6705.7,0.0,55.0,3.0,139.29,0.0,0.0,0.0,0.0,0.0,0.0,0.0,0.0,34.206,34.206,0.0,17.284,0.0,55.0,616.79921,10000.0,85.000001,85.000001,85.000001,85.000001,395.0,0.0,0.0,0.0,1.0,166.665,60.745,60.745,54.413,54.413,34.0,14.752499999999998,0.0,-115.55666666666667,-14.9775,0.0,1748.733,86.675,100.0,31.218,15.581999999999999,49.178,21.391,0.0,0.0,0.0,0.0,0.0,0.0,0.0,5537.625,0.0,6210.75,1073.1,301.142,315.0,312.30625,321.735,26.7163,23.4112,26.8198,25.4124,314.999998,314.999998,324.999988,324.999988,99.69071428571428,99.56946666666667,99.69712857142858,99.64357142857143,-6.071666666666666,0.0,-2.6685,-2.5508333333333337,0.016666666666672825,0.0,-0.2360000000000002,-0.18000000000000016,67.977,47.32,68.624,59.8275,85.557,58.0665,82.68,73.1985,82.679,55.615,81.463,71.188,79.69200000000001,53.9305,80.168,69.61966666666666,6.826499999999999,-6.884,0.10633000000000001,0.10653000000000001,0.0,122.785,119.96,119.4,116.25,0.0,0.0
685,0.0,0.0,0.0,1.0,1.0,0.0,0.0,1.0,0.0,100.0,1.0,1.1856,26.0,0.0,0.0,0.0,57.999998,0.0,26.0,26.0,26.0,26.0,-2.427888888888889,-0.32489999999999997,-0.18205000000000002,308.807,-1.5852,-3.98825,0.13745000000000007,-3.0085,-556.9300000000001,125.0425,194.9655,0.0,0.0,0.0,0.0,0.805,-5.498166666666667,-5.498166666666667,-0.4424,-1.1493333333333333,4.343888888888889,6.6080000000000005,38.446,-0.9,-0.31667500000000004,43.7,100.0,0.0,0.0,116.28999999999999,0.0,0.0,0.0,0.0,0.0,0.0,0.0,6618.3,0.0,55.0,3.0,138.49,1.0,0.0,0.0,0.0,0.0,0.0,0.0,0.0,34.26,34.26,0.0,17.284,1.0,55.0,616.79921,10000.0,85.000001,85.000001,85.000001,85.000001,395.0,0.0,0.0,0.0,1.0,166.665,69.748,69.748,64.728,64.728,34.0,10.182500000000005,0.0,-64.27333333333334,0.0,0.0,1748.68,81.305,100.0,30.964,14.818,48.254000000000005,15.584999999999999,0.0,0.0,0.0,0.0,0.0,0.0,0.0,4280.125,0.0,4212.125,0.0,303.7825,315.0,316.054,325.0,26.7241,23.4141,26.8259,25.4159,314.999998,314.999998,324.999988,324.999988,99.69148571428572,99.56946666666667,99.69751428571429,99.64358571428572,-5.9943333333333335,0.0,-3.1011666666666664,0.0,-0.1566666666666663,0.0,-0.2490000000000001,0.0,68.026,47.338,68.662,59.8495,85.801,58.0205,82.7685,73.124,82.92099999999999,55.572,81.557,71.117,79.919,53.89,80.261,69.551,6.525500000000001,-6.572000000000001,0.11679500000000001,0.10232500000000001,0.0,122.19,119.96,118.75999999999999,113.81666666666666,0.0,0.0
686,0.0,0.0,0.0,1.0,1.0,0.0,0.0,1.0,0.0,100.0,1.0,1.1856,26.0,0.0,0.0,0.0,57.999998,0.0,26.0,26.0,26.0,26.0,-2.116888888888889,-0.356,-0.5159,311.6,-1.9782,-3.675125,-0.25939999999999996,-2.5701,-557.4300000000001,126.815,194.963625,0.0,0.0,0.0,0.0,0.8060666666666667,-5.498166666666667,-5.498166666666667,-0.6283000000000001,0.2786666666666666,4.762777777777778,8.021,38.249,-1.2907,-0.1439,44.25600000000001,100.0,0.0,0.0,115.95,0.0,0.0,0.0,0.0,0.0,0.0,0.0,6599.1,0.0,55.0,3.0,137.82,0.0,0.0,0.0,0.0,0.0,0.0,0.0,0.0,34.308,34.308,0.0,17.284,0.0,55.0,616.79921,10000.0,85.000001,85.000001,85.000001,85.000001,395.0,0.0,0.0,0.0,1.0,166.665,72.037,72.037,69.168,69.168,34.0,9.04,0.0,-26.919999999999998,-9.975000000000001,0.0,1748.633,75.875,100.0,25.755,13.314,41.091,13.078999999999999,0.0,0.0,0.0,0.0,0.0,0.0,0.0,3258.5,0.0,2956.25,1154.6999999999998,306.5835,315.0,319.0355,323.166,26.7301,23.4167,26.8304,25.419,314.999998,314.999998,324.999988,324.999988,99.69194285714286,99.56946666666667,99.69777142857143,99.64361428571429,-6.069,0.0,-3.7336666666666667,-3.6081666666666665,-0.09666666666667112,0.0,-0.6379999999999999,-1.2400000000000002,68.063,47.3545,68.69,59.869,85.943,57.9795,82.811,73.0765,83.061,55.5345,81.6035,71.0715,80.05,53.8545,80.307,69.506,6.072000000000001,-6.070500000000001,0.086815,0.0947,0.0,121.665,119.96,117.93333333333334,113.96666666666667,0.0,0.0
687,0.0,0.0,0.0,1.0,1.0,0.0,0.0,1.0,0.0,100.0,1.0,1.1856,26.0,0.0,0.0,0.0,57.999998,0.0,26.0,26.0,26.0,26.0,-3.4467777777777777,-0.3974,0.25545,305.542,-1.9376499999999999,-3.6745,-0.2863,-2.4000000000000004,-557.88,128.59,194.950375,0.0,0.0,0.0,0.0,0.8071333333333334,-5.498166666666667,-5.498166666666667,-0.8064,-1.1106666666666665,4.719333333333333,-8.972000000000001,38.033,-1.3251000000000002,-0.10805000000000001,39.294,100.0,0.0,0.0,115.8,0.0,0.0,0.0,0.0,0.0,0.0,0.0,6590.5,0.0,55.0,3.0,137.05333333333334,1.0,0.0,0.0,0.0,0.0,0.0,0.0,0.0,34.356,34.356,0.0,17.284,1.0,55.0,616.79921,10000.0,85.000001,85.000001,85.000001,85.000001,395.0,0.0,0.0,0.0,1.0,333.33500000000004,63.11,63.11,65.414,65.414,34.0,13.175000000000004,0.0,-62.943333333333335,-32.225,0.0,1748.583,73.09,100.0,27.379,11.363,39.807,14.017999999999999,0.0,0.0,0.0,0.0,0.0,0.0,0.0,5828.5,0.0,5056.625,2408.5,300.221,315.0,314.64625,319.984,26.7366,23.4193,26.835,25.4224,314.999998,314.999998,324.999988,324.999988,99.6925,99.56946666666667,99.69807142857142,99.64372857142857,-5.949666666666666,0.0,-3.5558333333333336,-3.4173333333333336,-0.10333333333333172,0.0,-0.36549999999999994,-0.35050000000000026,68.104,47.3705,68.719,59.89,86.124,57.9385,82.876,73.083,83.237,55.497,81.6715,71.077,80.215,53.8185,80.3735,69.509,5.7555000000000005,-5.8085,0.11726,0.10926500000000001,0.0,120.76,119.96,117.27333333333334,114.32666666666667,0.0,0.0
688,0.0,0.0,0.0,1.0,1.0,0.0,0.0,1.0,0.0,100.0,1.0,1.1856,26.0,0.0,0.0,0.0,57.999998,0.0,26.0,26.0,26.0,26.0,-3.3461111111111115,-0.3756999999999999,0.2363,302.322,-1.5528499999999998,-3.9711250000000002,-0.07569999999999999,-2.6997999999999998,-558.28,130.4825,194.934875,0.0,0.0,0.0,0.0,0.8082666666666667,-5.498166666666667,-5.498166666666667,-0.921,3.7616666666666667,4.503666666666667,3.232,37.797,-1.0927,-0.233275,43.272,100.0,0.0,0.0,115.15333333333334,0.0,0.0,0.0,0.0,0.0,0.0,0.0,6553.8,0.0,55.0,3.0,136.18,0.0,0.0,0.0,0.0,0.0,0.0,0.0,0.0,34.407,34.407,0.0,17.284,0.0,55.0,616.79921,10000.0,85.000001,85.000001,85.000001,85.000001,395.0,0.0,0.0,0.0,1.0,166.665,57.983,57.983,63.309,63.309,34.0,-11.752499999999998,0.0,-72.18,-15.6325,0.0,1748.534,69.15,100.0,34.635,12.56,44.442,13.669,0.0,0.0,0.0,0.0,0.0,0.0,0.0,6287.375,0.0,5182.75,1324.6999999999998,298.5215,315.0,314.36325,322.15825,26.745,23.422,26.8405,25.4258,314.999998,314.999998,324.999988,324.999988,99.69331428571428,99.56946666666667,99.69845714285714,99.64378571428571,-5.197666666666667,0.0,-3.4008333333333334,-3.3345000000000002,-0.1666666666666714,0.0,-0.29600000000000026,-0.40200000000000014,68.156,47.3875,68.753,59.911,86.385,57.8955,82.9695,73.0565,83.495,55.457,81.7695,71.0515,80.457,53.781,80.47,69.483,5.4270000000000005,-5.522,0.081695,0.11148000000000001,0.0,120.41,119.96,116.85,113.46000000000001,0.0,0.0
689,0.0,0.0,0.0,1.0,1.0,0.0,0.0,1.0,0.0,100.0,1.0,1.1856,26.0,0.0,0.0,0.0,57.999998,0.0,26.0,26.0,26.0,26.0,-2.462777777777778,0.6051,0.21580000000000002,301.346,-1.8741999999999999,-3.66975,-0.47129999999999994,-2.3747,-558.62,132.5,194.920375,0.0,0.0,0.0,0.0,0.8094333333333333,-5.498166666666667,-5.498166666666667,-0.8360000000000001,4.672000000000001,4.887222222222222,5.1160000000000005,37.997,-1.2021000000000002,-0.19825,38.663999999999994,100.0,0.0,0.0,120.75333333333333,0.0,0.0,0.0,0.0,0.0,0.0,0.0,6872.5,0.0,55.0,3.0,136.80333333333334,1.0,0.0,0.0,0.0,0.0,0.0,0.0,0.0,34.461,34.461,0.0,17.284,1.0,55.0,616.79921,10000.0,85.000001,85.000001,85.000001,85.000001,395.0,0.0,0.0,0.0,1.0,166.665,60.577,60.577,60.043,60.043,34.0,-7.127499999999998,0.0,-45.14333333333333,-16.7725,0.0,1748.48,63.22,100.0,32.215,13.339,45.14,20.764,0.0,0.0,100.0,0.0,0.0,0.0,0.0,4679.5,0.0,4340.75,2502.5,303.022,315.0,315.953,319.376,26.753,23.4249,26.8463,25.4299,314.999998,314.999998,324.999988,324.999988,99.69395714285714,99.56946666666667,99.69888571428571,99.64401428571429,-5.068666666666667,0.0,-3.4273333333333333,-3.2921666666666667,-0.2366666666666717,0.0,2.605,5.0295000000000005,68.206,47.4055,68.789,59.937,86.578,57.851,83.074,73.1155,83.685,55.416,81.8785,71.107,80.636,53.742000000000004,80.576,69.53166666666667,4.95,-5.029,0.1121,0.13262000000000002,0.0,120.885,119.835,120.74333333333334,120.76666666666667,0.0,0.0
690,0.0,0.0,0.0,1.0,1.0,0.0,0.0,1.0,0.0,100.0,1.0,1.1856,26.0,0.0,0.0,0.0,57.999998,0.0,26.0,26.0,26.0,26.0,-2.382777777777778,0.6613,0.0922,301.773,-1.913,-3.6905,-0.4678,-2.4237,-558.85,134.2025,194.908625,0.0,0.0,0.0,0.0,0.8104333333333333,-5.498166666666667,-5.498166666666667,-0.7401,5.9863333333333335,4.874333333333333,-0.4039999999999999,38.234,-1.2565,-0.11670000000000001,37.868,100.0,0.0,0.0,122.13666666666667,0.0,0.0,0.0,0.0,0.0,0.0,0.0,6951.2,0.0,55.0,3.0,137.65333333333334,0.0,0.0,0.0,0.0,0.0,0.0,1.0,0.0,34.506,34.506,0.0,17.284,0.0,55.0,616.79921,10000.0,85.000001,85.000001,85.000001,85.000001,395.0,0.0,0.0,0.0,1.0,166.665,62.073,62.073,59.067,59.067,34.0,-8.222499999999997,0.0,-49.39333333333333,-9.995000000000001,0.0,1748.434,62.235,100.0,30.532,13.594,44.952,21.57,0.0,0.0,100.0,0.0,0.0,0.0,0.0,4855.25,0.0,4989.625,2238.6,302.669,315.0,314.85875,320.69925,26.7594,23.4272,26.851,25.4334,314.999998,314.999998,324.999988,324.999988,99.69442857142857,99.5695,99.69921428571429,99.64421428571428,-5.046,0.0,-3.3978333333333337,-3.2598333333333334,-0.17166666666666686,0.0,3.159,5.9025,68.246,47.42,68.819,59.959,86.722,57.8375,83.1545,73.1665,83.826,55.403,81.961,71.1555,80.767,53.7295,80.6555,69.57533333333333,4.8855,-4.956,0.11252000000000001,0.09796,0.0,121.555,118.62,122.13666666666667,122.13666666666667,0.0,0.0
691,0.0,0.0,0.0,1.0,1.0,0.0,0.0,1.0,0.0,100.0,1.0,1.1856,26.0,0.0,0.0,0.0,57.999998,0.0,26.0,26.0,26.0,26.0,-2.702,0.6681000000000001,0.47035000000000005,299.057,-1.8725,-3.64625,-0.4537,-2.4291,-559.05,136.15,194.896625,0.0,0.0,0.0,0.0,0.8115666666666668,-5.498166666666667,-5.498166666666667,-0.647,3.8386666666666667,4.841666666666667,1.126,38.539,-1.1179000000000001,-0.142575,32.032,100.0,0.0,0.0,121.69333333333333,0.0,0.0,0.0,0.0,0.0,0.0,0.0,6926.0,0.0,55.0,3.0,138.73666666666668,1.0,0.0,0.0,0.0,0.0,0.0,1.0,0.0,34.557,34.557,0.0,17.284,1.0,55.0,616.79921,10000.0,85.000001,85.000001,85.000001,85.000001,395.0,0.0,0.0,0.0,1.0,333.33500000000004,59.906,59.906,56.046,56.046,34.0,-4.9375,-0.2959999999999994,-78.38333333333334,-24.185000000000002,0.0,1748.381,64.06,100.0,30.883,13.296,46.972,23.188,0.0,0.0,100.0,0.0,0.0,0.0,0.0,5548.375,254.5,5599.875,2982.7,300.8065,314.94,313.48425,318.816,26.7669,23.4299,26.8569,25.4376,314.999998,314.999998,324.999988,324.999988,99.69501428571428,99.5695,99.69965714285715,99.64445714285715,-5.242333333333334,-5.2540000000000004,-3.0018333333333334,-2.8123333333333336,-0.1633333333333269,-0.8483333333333292,2.3209999999999997,4.4965,68.293,47.437,68.856,59.9845,86.905,57.796,83.266,73.232,84.007,55.365,82.076,71.2175,80.935,53.693,80.767,69.63066666666667,4.9705,-5.04,0.10843000000000001,0.13151000000000002,0.0,122.1,118.7,121.69333333333333,121.69333333333333,0.0,0.0
692,0.0,0.0,0.0,1.0,1.0,0.0,0.0,1.0,0.0,100.0,1.0,1.1856,26.0,0.0,0.0,0.0,57.999998,0.0,26.0,26.0,26.0,26.0,-2.4495555555555555,0.6396000000000002,0.19010000000000002,299.347,-1.93695,-3.59125,-0.45914999999999995,-2.4535,-559.19,138.235,194.88875,0.0,0.0,0.0,0.0,0.8128000000000001,-5.498166666666667,-5.498166666666667,-0.4867,7.717333333333333,4.918111111111111,4.68,38.809,-0.9678,-0.131,36.226000000000006,100.0,0.0,0.0,123.16333333333333,0.0,0.0,0.0,0.0,0.0,0.0,0.0,7009.6,0.0,55.0,3.0,139.69666666666666,0.0,0.0,0.0,0.0,0.0,0.0,1.0,0.0,34.611000000000004,34.611000000000004,0.0,17.284,0.0,55.0,616.79921,10000.0,85.000001,85.000001,85.000001,85.000001,395.0,0.0,0.0,0.0,1.0,166.665,59.921,59.921,56.396,56.396,34.0,-10.915,-0.2680000000000007,-69.70666666666666,-14.9925,0.0,1748.329,64.28,100.0,32.208,14.099,46.853,23.477,0.0,0.0,100.0,0.0,0.0,0.0,0.0,4800.875,89.89999999999964,5052.25,2267.8,302.343,314.85966666666667,314.519,320.19275,26.7754,23.4327,26.8629,25.4417,314.999998,314.999998,324.999988,324.999988,99.69571428571429,99.56955,99.70004285714286,99.64467142857143,-4.945,-4.9615,-2.8726666666666665,-2.7640000000000002,-0.173333333333332,-0.6566666666666663,2.483,4.9615,68.346,47.4545,68.893,60.011,87.123,57.789,83.3575,73.2755,84.22,55.3585,82.1705,71.2585,81.134,53.6855,80.858,69.666,5.079,-5.134,0.08707000000000001,0.12179000000000001,0.0,123.345,119.805,123.16333333333333,123.16333333333333,0.0,0.0
693,0.0,0.0,0.0,1.0,1.0,0.0,0.0,1.0,0.0,100.0,1.0,1.1856,26.0,0.0,0.0,0.0,57.999998,0.0,26.0,26.0,26.0,26.0,-2.705888888888889,0.6447,0.46215,297.958,-2.0604,-3.49025,-0.58135,-2.3845,-559.25,139.9875,194.88425,0.0,0.0,0.0,0.0,0.8138333333333333,-5.498166666666667,-5.498166666666667,-0.34090000000000004,3.7920000000000003,4.997222222222222,-1.099,39.083,-0.8846,-0.0893,30.881999999999998,100.0,0.0,0.0,122.74333333333334,0.0,0.0,0.0,0.0,0.0,0.0,0.0,6985.6,0.0,55.0,3.0,140.67666666666668,1.0,0.0,0.0,0.0,0.0,0.0,1.0,0.0,34.656,34.656,0.0,17.284,1.0,55.0,616.79921,10000.0,85.000001,85.000001,85.000001,85.000001,395.0,0.0,0.0,0.0,1.0,166.665,60.287,60.287,53.787,53.787,34.0,-5.75,-1.7379999999999995,-94.93,-32.86,0.0,1748.285,66.8,100.0,30.413,13.746,47.359,25.705,0.0,0.0,100.0,0.0,0.0,0.0,0.0,4947.625,432.2999999999997,5723.125,3257.2,302.403,314.13533333333334,313.2125,317.9745,26.7819,23.435,26.8681,25.4456,314.999998,314.999998,324.999988,324.999988,99.69617142857143,99.56955,99.70037142857143,99.64487142857143,-5.114333333333334,-5.141,-2.5653333333333337,-2.4128333333333334,-0.1283333333333303,-1.048333333333332,1.863,3.5905,68.387,47.469,68.925,60.035,87.263,57.763,83.4345,73.331,84.357,55.3345,82.25,71.311,81.262,53.6625,80.9345,69.71333333333334,5.1725,-5.2205,0.09147000000000001,0.11283000000000001,0.0,123.825,120.315,122.84666666666666,122.63666666666667,0.0,0.0
694,0.0,0.0,0.0,1.0,1.0,0.0,0.0,1.0,0.0,100.0,1.0,1.1856,26.0,0.0,0.0,0.0,57.999998,0.0,26.0,26.0,26.0,26.0,-2.317333333333333,0.635,0.18855,299.408,-2.07,-3.49575,-0.5382499999999999,-2.323,-559.25,141.9875,194.88375,0.0,0.0,0.0,0.0,0.8150000000000001,-5.498166666666667,-5.498166666666667,-0.3219,3.888,4.978666666666667,3.885,39.342,-0.7412000000000001,-0.16385,33.83,100.0,0.0,0.0,124.50333333333333,0.0,0.0,0.0,0.0,0.0,0.0,0.0,7085.8,0.0,55.0,3.0,141.59666666666666,0.0,0.0,0.0,0.0,0.0,0.0,1.0,0.0,34.707,34.707,0.0,17.284,0.0,55.0,616.79921,10000.0,85.000001,85.000001,85.000001,85.000001,395.0,0.0,0.0,0.0,1.0,333.33500000000004,60.394,60.394,56.793,56.793,34.0,-4.259999999999998,-0.6140000000000043,-68.7,-15.467500000000001,0.0,1748.231,70.205,100.0,30.921,13.831,47.116,25.309,0.0,0.0,100.0,0.0,0.0,0.0,0.0,4854.125,164.0,4621.125,2351.1,302.432,314.58666666666664,315.40875,320.151,26.7898,23.4377,26.8739,25.4496,314.999998,314.999998,324.999988,324.999988,99.6968,99.56958333333333,99.7007,99.64504285714285,-5.144666666666667,-5.149,-2.4691666666666667,-2.2736666666666667,-0.31666666666667,-0.6233333333333277,2.372,4.7235,68.436,47.4855,68.962,60.06,87.455,57.7505,83.50450000000001,73.36,84.544,55.323,82.3225,71.3385,81.435,53.6505,81.00450000000001,69.73666666666666,5.511,-5.54,0.11765500000000001,0.12105,0.0,124.67,121.38,124.50333333333333,124.50333333333333,0.0,0.0
695,0.0,0.0,0.0,1.0,1.0,0.0,0.0,1.0,0.0,100.0,1.0,1.1856,26.0,0.0,0.0,0.0,57.999998,0.0,26.0,26.0,26.0,26.0,-2.646777777777778,0.6137000000000001,0.1411,300.766,-2.2443,-3.438625,-0.6175999999999999,-2.3718000000000004,-559.2,144.0025,194.88375,0.0,0.0,0.0,0.0,0.8161666666666667,-5.498166666666667,-5.498166666666667,-0.2777,1.9943333333333335,5.053,-2.672,39.622,-0.7763,-0.12442500000000001,32.692,100.0,0.0,0.0,122.16666666666667,0.0,0.0,0.0,0.0,0.0,0.0,0.0,6952.8,0.0,55.0,3.0,142.64333333333332,1.0,0.0,0.0,0.0,0.0,0.0,1.0,0.0,34.758,34.758,0.0,17.284,1.0,55.0,616.79921,10000.0,85.000001,85.000001,85.000001,85.000001,395.0,0.0,0.0,0.0,1.0,166.665,63.903999999999996,63.903999999999996,55.466,55.466,34.0,0.6174999999999997,0.0,-88.38666666666666,-29.6475,0.0,1748.183,71.77,100.0,28.653,13.517999999999999,46.573,25.46,0.0,0.0,0.0,0.0,0.0,0.0,0.0,3763.875,0.0,4973.375,2611.3,305.229,315.0,314.75575,319.319,26.7971,23.4403,26.8795,25.4537,314.999998,314.999998,324.999988,324.999988,99.6973,99.56963333333333,99.70101428571428,99.64524285714286,-5.251333333333333,0.0,-2.4501666666666666,-2.2605,-0.15833333333333144,0.0,0.8155000000000001,2.555,68.482,47.5015,68.997,60.085499999999996,87.61,57.7385,83.5705,73.402,84.695,55.3115,82.39150000000001,71.3785,81.574,53.6395,81.07,69.77133333333333,5.5985000000000005,-5.6505,0.08672,0.13119,0.0,125.575,122.12,122.82666666666667,121.50666666666666,0.0,0.0
696,0.0,0.0,0.0,1.0,1.0,0.0,0.0,1.0,0.0,100.0,1.0,1.1856,26.0,0.0,0.0,0.0,57.999998,0.0,26.0,26.0,26.0,26.0,-2.663444444444444,-0.3759,0.09935000000000001,301.91,-1.97575,-3.652,-0.40074999999999994,-2.5282999999999998,-559.0799999999999,145.8975,194.88225,0.0,0.0,0.0,0.0,0.8172666666666667,-5.498166666666667,-5.498166666666667,-0.43460000000000004,-0.8633333333333333,4.800111111111111,-2.404,39.457,-0.5636,-0.1902,33.348000000000006,100.0,0.0,0.0,120.13333333333333,0.0,0.0,0.0,0.0,0.0,0.0,0.0,6837.1,0.0,55.0,3.0,142.11,0.0,0.0,0.0,0.0,0.0,0.0,1.0,0.0,34.806,34.806,0.0,17.284,0.0,55.0,616.79921,10000.0,85.000001,85.000001,85.000001,85.000001,395.0,0.0,0.0,0.0,1.0,333.33500000000004,62.332,62.332,59.799,59.799,34.0,-2.3500000000000014,0.0,-87.02333333333334,-13.445,0.0,1748.133,75.765,100.0,29.192,12.744,46.358000000000004,22.585,0.0,0.0,0.0,0.0,0.0,0.0,0.0,5418.0,0.0,4704.875,1243.6,301.0275,315.0,315.3955,322.34075,26.8044,23.4427,26.8848,25.4571,314.999998,314.999998,324.999988,324.999988,99.69787142857143,99.56963333333333,99.70124285714286,99.64531428571429,-5.2973333333333334,0.0,-2.0856666666666666,-1.9858333333333333,-0.06666666666666998,0.0,-0.262,-0.2715000000000001,68.528,47.517,69.03,60.1065,87.784,57.697,83.6045,73.381,84.865,55.2735,82.428,71.3575,81.732,53.603,81.105,69.75,5.930000000000001,-5.964,0.07029,0.07826000000000001,0.0,125.055,122.12,121.4,118.86333333333333,0.0,0.0
697,0.0,0.0,0.0,1.0,1.0,0.0,0.0,1.0,0.0,100.0,1.0,1.1856,26.0,0.0,0.0,0.0,57.999998,0.0,26.0,26.0,26.0,26.0,-2.5597777777777777,-0.2914,-0.0386,303.177,-2.1302,-3.434,-0.45965,-2.373,-558.9000000000001,147.9,194.877,0.0,0.0,0.0,0.0,0.8184666666666668,-5.498166666666667,-5.498166666666667,-0.5578000000000001,1.712,4.979888888888889,4.152,39.391,-0.6214000000000001,-0.167225,37.846000000000004,100.0,0.0,0.0,120.13,0.0,0.0,0.0,0.0,0.0,0.0,0.0,6837.0,0.0,55.0,3.0,141.86666666666667,1.0,0.0,0.0,0.0,0.0,0.0,1.0,0.0,34.857,34.857,0.0,17.284,1.0,55.0,616.79921,10000.0,85.000001,85.000001,85.000001,85.000001,395.0,0.0,0.0,0.0,1.0,166.665,62.469,62.469,61.264,61.264,34.0,-1.332499999999996,0.0,-61.85,-26.252499999999998,0.0,1748.082,75.47,100.0,29.379,12.722999999999999,44.236000000000004,20.236,0.0,0.0,0.0,0.0,0.0,0.0,0.0,4379.5,0.0,3690.875,1982.3,303.6655,315.0,317.34225,320.9315,26.8123,23.4453,26.8901,25.4605,314.999998,314.999998,324.999988,324.999988,99.69848571428571,99.56963333333333,99.70147142857142,99.64538571428571,-5.221333333333334,0.0,-2.4328333333333334,-2.2985,-0.086666666666666,0.0,-0.4005000000000001,0.044499999999999984,68.577,47.533,69.063,60.1285,87.973,57.6535,83.633,73.358,85.05,55.233000000000004,82.459,71.3355,81.903,53.565,81.135,69.72666666666666,5.925,-5.989,0.089495,0.07509,0.0,125.12,122.12,121.52333333333333,118.73666666666666,0.0,0.0
698,0.0,0.0,0.0,1.0,1.0,0.0,0.0,1.0,0.0,100.0,1.0,1.1856,26.0,0.0,0.0,0.0,57.999998,0.0,26.0,26.0,26.0,26.0,-2.609,0.5205,0.0824,302.719,-2.1101,-3.52025,-0.4585,-2.3824,-558.6600000000001,149.8925,194.8665,0.0,0.0,0.0,0.0,0.8196333333333334,-5.498166666666667,-5.498166666666667,-0.6752,1.6033333333333335,4.948777777777778,1.064,39.435,-0.7454000000000001,-0.1711,38.574,100.0,0.0,0.0,122.46,0.0,0.0,0.0,0.0,0.0,0.0,0.0,6969.6,0.0,55.0,3.0,141.96666666666667,0.0,0.0,0.0,0.0,0.0,0.0,1.0,0.0,34.908,34.908,0.0,17.284,0.0,55.0,616.79921,10000.0,85.000001,85.000001,85.000001,85.000001,395.0,0.0,0.0,0.0,1.0,166.665,62.042,62.042,60.959,60.959,34.0,0.8950000000000031,0.0,-72.99666666666667,-14.962500000000002,0.0,1748.032,75.565,100.0,29.195,12.556,43.6,20.717,0.0,0.0,0.0,0.0,0.0,0.0,0.0,4870.625,0.0,4442.875,1842.1,302.446,315.0,315.79575,321.099,26.82,23.4478,26.8954,25.4643,314.999998,314.999998,324.999988,324.999988,99.69904285714286,99.56963333333333,99.70172857142857,99.64551428571428,-5.338,0.0,-2.6106666666666665,-2.4185,-0.28999999999999915,0.0,1.184,3.8305,68.625,47.549,69.096,60.152,88.146,57.616,83.6735,73.367,85.219,55.1985,82.5025,71.344,82.059,53.532,81.1765,69.73233333333333,5.905,-5.956,0.09765000000000001,0.12744,0.0,125.165,122.08500000000001,122.83666666666667,122.08333333333333,0.0,0.0
699,0.0,0.0,0.0,1.0,1.0,0.0,0.0,1.0,0.0,100.0,1.0,1.1856,26.0,0.0,0.0,0.0,57.999998,0.0,26.0,26.0,26.0,26.0,-2.2635555555555555,0.4375,0.22365000000000002,303.009,-1.9419499999999998,-3.64,-0.40149999999999997,-2.4061000000000003,-558.35,151.8775,194.85375,0.0,0.0,0.0,0.0,0.8208000000000001,-5.498166666666667,-5.498166666666667,-0.7739,1.976,4.812888888888889,0.44200000000000017,39.433,-0.7916000000000001,-0.21105000000000002,39.89,100.0,0.0,0.0,125.14333333333333,0.0,0.0,0.0,0.0,0.0,0.0,0.0,7122.2,0.0,55.0,3.0,141.94333333333333,1.0,0.0,0.0,0.0,0.0,0.0,1.0,0.0,34.959,34.959,0.0,17.284,1.0,55.0,616.79921,10000.0,85.000001,85.000001,85.000001,85.000001,395.0,0.0,0.0,0.0,1.0,166.665,62.79,62.79,61.432,61.432,34.0,-2.460000000000001,0.0,-68.55666666666667,-8.357500000000002,0.0,1747.981,74.33500000000001,100.0,29.934,12.687,44.548,20.646,0.0,0.0,100.0,0.0,0.0,0.0,0.0,5146.625,0.0,4730.75,1422.6999999999998,301.788,315.0,315.27125,321.7875,26.8281,23.4503,26.901,25.468,314.999998,314.999998,324.999988,324.999988,99.69967142857143,99.56963333333333,99.70201428571428,99.64562857142857,-5.269,0.0,-2.628,-2.5361666666666665,-0.17499999999999716,0.0,2.3905,4.9510000000000005,68.676,47.5645,69.131,60.1755,88.34100000000001,57.585,83.726,73.3695,85.409,55.17,82.55799999999999,71.3455,82.236,53.5045,81.23,69.73166666666667,5.8465,-5.897,0.07520500000000001,0.10661000000000001,0.0,125.19,122.03,124.60333333333332,125.68,0.0,0.0
700,0.0,0.0,0.0,1.0,1.0,0.0,0.0,1.0,0.0,100.0,1.0,1.1856,26.0,0.0,0.0,0.0,57.999998,0.0,26.0,26.0,26.0,26.0,-2.9414444444444445,-0.3748,0.13795000000000002,302.963,-1.8774,-3.636875,-0.3615499999999999,-2.4685,-557.97,153.8525,194.838375,0.0,0.0,0.0,0.0,0.8219666666666666,-5.498166666666667,-5.498166666666667,-0.8397,0.8226666666666667,4.766111111111112,-2.795,39.341,-0.806,-0.172825,37.718,100.0,0.0,0.0,121.47333333333333,0.0,0.0,0.0,0.0,0.0,0.0,0.0,6913.5,0.0,55.0,3.0,141.69666666666666,0.0,0.0,0.0,0.0,0.0,0.0,0.0,0.0,35.01,35.01,0.0,17.284,0.0,55.0,616.79921,10000.0,85.000001,85.000001,85.000001,85.000001,395.0,0.0,0.0,0.0,1.0,166.665,63.126,63.126,60.806,60.806,34.0,-2.957499999999996,0.0,-83.76333333333334,-26.5175,0.0,1747.931,73.69500000000001,100.0,29.59,12.43,45.165,19.686,0.0,0.0,100.0,0.0,0.0,0.0,0.0,5176.25,0.0,4844.25,1956.6,301.7625,315.0,315.10775,320.8795,26.836100000000002,23.4528,26.9065,25.4716,314.999998,314.999998,324.999988,324.999988,99.70025714285714,99.56963333333333,99.70231428571428,99.64574285714286,-5.265000000000001,0.0,-2.6286666666666667,-2.4491666666666667,-0.19166666666666998,0.0,-0.367,-0.2629999999999999,68.725,47.58,69.166,60.1975,88.522,57.5415,83.781,73.3655,85.587,55.1295,82.6155,71.3415,82.401,53.466499999999996,81.286,69.72533333333334,5.7815,-5.819500000000001,0.082455,0.10826000000000001,0.0,124.99,122.03,122.55666666666667,120.39333333333333,0.0,0.0
701,0.0,0.0,0.0,1.0,1.0,0.0,0.0,1.0,0.0,100.0,1.0,1.1856,26.0,0.0,0.0,0.0,57.999998,0.0,26.0,26.0,26.0,26.0,-2.8452222222222225,-0.3246,0.13205,303.818,-1.84125,-3.75375,-0.2982,-2.5529,-557.56,155.6975,194.820875,0.0,0.0,0.0,0.0,0.8231,-5.498166666666667,-5.498166666666667,-0.9074000000000001,2.5936666666666666,4.744,1.2810000000000001,39.282,-0.8259000000000001,-0.14552500000000002,39.172,100.0,0.0,0.0,119.82666666666667,0.0,0.0,0.0,0.0,0.0,0.0,0.0,6819.7,0.0,55.0,3.0,141.48666666666668,1.0,0.0,0.0,0.0,0.0,0.0,0.0,0.0,35.058,35.058,0.0,17.284,1.0,55.0,616.79921,10000.0,85.000001,85.000001,85.000001,85.000001,395.0,0.0,0.0,0.0,1.0,333.33500000000004,63.492,63.492,62.164,62.164,34.0,-2.842500000000001,0.0,-75.45666666666666,-18.9075,0.0,1747.881,73.055,100.0,29.912,12.376999999999999,45.135,18.25,0.0,0.0,0.0,0.0,0.0,0.0,0.0,5308.625,0.0,4560.25,1503.1,301.4335,315.0,315.728,321.945,26.8438,23.4551,26.9117,25.474800000000002,314.999998,314.999998,324.999988,324.999988,99.70085714285715,99.56963333333333,99.70258571428572,99.64581428571428,-5.291333333333334,0.0,-2.7456666666666667,-2.5915,-0.11999999999999744,0.0,-0.3374999999999999,-0.10499999999999998,68.774,47.5945,69.19800000000001,60.2175,88.708,57.5005,83.831,73.349,85.77,55.091499999999996,82.669,71.3255,82.572,53.4305,81.338,69.708,5.7735,-5.8175,0.09633000000000001,0.12955,0.0,124.82,122.03,121.23,118.42333333333333,0.0,0.0
702,0.0,0.0,0.0,1.0,1.0,0.0,0.0,1.0,0.0,100.0,1.0,1.1856,26.0,0.0,0.0,0.0,57.999998,0.0,26.0,26.0,26.0,26.0,-2.7495555555555558,0.14580000000000015,0.20715,302.292,-1.87615,-3.624875,-0.38795,-2.5857,-557.09,157.5225,194.801125,0.0,0.0,0.0,0.0,0.8242,-5.498166666666667,-5.498166666666667,-0.926,2.8449999999999998,4.851777777777778,2.998,39.349000000000004,-0.8714000000000001,-0.1517,37.912,100.0,0.0,0.0,121.32,0.0,0.0,0.0,0.0,0.0,0.0,0.0,6904.7,0.0,55.0,3.0,141.70333333333332,0.0,0.0,0.0,0.0,0.0,0.0,0.0,0.0,35.106,35.106,0.0,17.284,0.0,55.0,616.79921,10000.0,85.000001,85.000001,85.000001,85.000001,395.0,0.0,0.0,0.0,1.0,166.665,61.279,61.279,59.967,59.967,34.0,0.19250000000000256,0.0,-69.30666666666667,-10.2,0.0,1747.834,73.25,100.0,30.357,12.48,45.516999999999996,20.123,0.0,0.0,0.0,0.0,0.0,0.0,0.0,5231.875,0.0,4262.25,881.6999999999998,301.969,315.0,316.097,322.28475,26.8516,23.4574,26.917,25.4784,314.999998,314.999998,324.999988,324.999988,99.70145714285714,99.56963333333333,99.70288571428571,99.64595714285714,-5.376666666666667,0.0,-2.7841666666666667,-2.6543333333333337,-0.2816666666666663,0.0,0.41400000000000015,2.0665,68.822,47.609,69.231,60.24,88.893,57.4595,83.892,73.366,85.952,55.054,82.733,71.34100000000001,82.742,53.394999999999996,81.4,69.72033333333333,5.7135,-5.7540000000000004,0.092505,0.11730000000000002,0.0,124.95,122.03,121.88333333333333,120.75666666666666,0.0,0.0
703,0.0,0.0,0.0,1.0,1.0,0.0,0.0,1.0,0.0,100.0,1.0,1.1856,26.0,0.0,0.0,0.0,57.999998,0.0,26.0,26.0,26.0,26.0,-2.7383333333333333,0.5484,0.41845000000000004,299.423,-1.8388,-3.719625,-0.4084,-2.4606000000000003,-556.53,159.4475,194.780125,0.0,0.0,0.0,0.0,0.8253666666666667,-5.498166666666667,-5.498166666666667,-0.8911,4.998,4.850222222222222,0.5750000000000002,39.364,-0.8151,-0.17172500000000002,39.926,100.0,0.0,0.0,124.22666666666666,0.0,0.0,0.0,0.0,0.0,0.0,0.0,7070.0,0.0,55.0,3.0,141.68666666666667,1.0,0.0,0.0,0.0,0.0,0.0,0.0,0.0,35.157,35.157,0.0,17.284,1.0,55.0,616.79921,10000.0,85.000001,85.000001,85.000001,85.000001,395.0,0.0,0.0,0.0,1.0,333.33500000000004,58.701,58.701,58.487,58.487,34.0,-14.04,-1.230000000000004,-82.63,-20.6575,0.0,1747.781,70.735,100.0,32.327,13.138,46.003,21.09,0.0,0.0,100.0,0.0,0.0,0.0,0.0,5860.625,223.29999999999973,5277.875,2669.1,300.0475,314.16566666666665,314.212,319.24825,26.8602,23.4599,26.9226,25.4823,314.999998,314.999998,324.999988,324.999988,99.70215714285715,99.56966666666666,99.7032,99.64611428571429,-5.0056666666666665,-5.04975,-2.7101666666666664,-2.6318333333333337,-0.15833333333333144,-0.19166666666666998,1.905,4.554,68.876,47.624,69.266,60.263999999999996,89.107,57.4405,83.955,73.3865,86.162,55.036500000000004,82.7995,71.36,82.938,53.3775,81.4645,69.73533333333333,5.5495,-5.6160000000000005,0.09457,0.09094000000000001,0.0,125.1,121.89,124.22666666666666,124.22666666666666,0.0,0.0
704,0.0,0.0,0.0,1.0,1.0,0.0,0.0,1.0,0.0,100.0,1.0,1.1856,26.0,0.0,0.0,0.0,57.999998,0.0,26.0,26.0,26.0,26.0,-2.464777777777778,0.6327,0.2903,300.186,-1.9032499999999999,-3.6670000000000003,-0.4212,-2.4649,-555.85,161.47,194.7625,0.0,0.0,0.0,0.0,0.8266,-5.498166666666667,-5.498166666666667,-0.7726000000000001,5.227666666666667,4.907333333333334,3.9400000000000004,39.649,-0.9394,-0.1564,38.456,100.0,0.0,0.0,125.47666666666666,0.0,0.0,0.0,0.0,0.0,0.0,0.0,7141.2,0.0,55.0,3.0,142.72,0.0,0.0,0.0,0.0,0.0,0.0,0.0,0.0,35.211,35.211,0.0,17.284,0.0,55.0,616.79921,10000.0,85.000001,85.000001,85.000001,85.000001,395.0,0.0,0.0,0.0,1.0,166.665,61.478,61.478,57.19,57.19,34.0,-6.412500000000001,0.0,-75.68,-16.695,0.0,1747.73,68.715,100.0,31.877,13.591,46.902,22.887,0.0,0.0,100.0,0.0,0.0,0.0,0.0,4771.625,0.0,5206.75,2372.9,302.6995,315.0,314.146,319.89175,26.8692,23.4624,26.9289,25.4866,314.999998,314.999998,324.999988,324.999988,99.70281428571428,99.56968333333333,99.7036,99.64634285714286,-5.088666666666667,0.0,-2.8871666666666664,-2.7261666666666664,-0.2149999999999963,0.0,2.176,4.804,68.93299999999999,47.64,69.305,60.291,89.30799999999999,57.4105,84.0455,73.441,86.359,55.0085,82.8935,71.412,83.122,53.3505,81.5555,69.781,5.3815,-5.452500000000001,0.11024500000000001,0.125275,0.0,125.975,122.065,125.47666666666666,125.47666666666666,0.0,0.0
705,0.0,0.0,0.0,1.0,1.0,0.0,0.0,1.0,0.0,100.0,1.0,1.1856,26.0,0.0,0.0,0.0,57.999998,0.0,26.0,26.0,26.0,26.0,-2.982333333333333,-0.2718999999999999,0.10315,300.064,-1.9819,-3.49275,-0.5034,-2.4163,-555.23,163.15,194.749125,0.0,0.0,0.0,0.0,0.8276666666666667,-5.498166666666667,-5.498166666666667,-0.7325,1.974,4.966555555555556,-4.333,39.749,-0.8709,-0.12660000000000002,33.064,100.0,0.0,0.0,121.21,0.0,0.0,0.0,0.0,0.0,0.0,0.0,6898.4,0.0,55.0,3.0,143.17333333333335,1.0,0.0,0.0,0.0,0.0,0.0,0.0,0.0,35.256,35.256,0.0,17.284,1.0,55.0,616.79921,10000.0,85.000001,85.000001,85.000001,85.000001,395.0,0.0,0.0,0.0,1.0,333.33500000000004,61.081,61.081,56.946,56.946,34.0,-0.9525000000000006,0.0,-87.96666666666667,-35.7975,0.0,1747.683,70.62,100.0,30.212,13.318999999999999,46.796,23.561,0.0,0.0,0.0,0.0,0.0,0.0,0.0,5122.875,0.0,4971.125,2472.0,302.289,315.0,314.91625,319.6805,26.8764,23.4645,26.9339,25.490099999999998,314.999998,314.999998,324.999988,324.999988,99.70332857142857,99.56968333333333,99.7039,99.6465,-5.321666666666667,0.0,-2.5340000000000003,-2.3826666666666667,0.051666666666669414,0.0,-0.20199999999999996,-0.08700000000000019,68.977,47.653,69.337,60.3135,89.462,57.375,84.111,73.4745,86.51,54.9755,82.9615,71.4435,83.262,53.3195,81.62049999999999,69.80833333333334,5.5035,-5.567,0.07488,0.11737000000000002,0.0,126.025,122.215,122.36,120.06,0.0,0.0
706,0.0,0.0,0.0,1.0,1.0,0.0,0.0,1.0,0.0,100.0,1.0,1.1856,26.0,0.0,0.0,0.0,57.999998,0.0,26.0,26.0,26.0,26.0,-2.3920000000000003,0.6314000000000002,0.34525,299.683,-1.9738499999999999,-3.583375,-0.47644999999999993,-2.4843,-554.47,165.0275,194.73475,0.0,0.0,0.0,0.0,0.8288666666666666,-5.498166666666667,-5.498166666666667,-0.7137,5.646666666666667,4.958666666666667,7.1899999999999995,39.871,-0.8606,-0.15382500000000002,39.1,100.0,0.0,0.0,126.47333333333333,0.0,0.0,0.0,0.0,0.0,0.0,0.0,7198.0,0.0,55.0,3.0,143.49666666666667,0.0,0.0,0.0,0.0,0.0,0.0,0.0,0.0,35.307,35.307,0.0,17.284,0.0,55.0,616.79921,10000.0,85.000001,85.000001,85.000001,85.000001,395.0,0.0,0.0,0.0,1.0,166.665,59.875,59.875,57.22,57.22,34.0,-3.4924999999999997,-0.6640000000000015,-69.70666666666666,-16.4675,0.0,1747.633,71.175,100.0,32.4,13.576,46.667,22.551000000000002,0.0,0.0,100.0,0.0,0.0,0.0,0.0,4836.875,184.29999999999973,5026.0,2696.0,302.3585,314.56533333333334,314.71575,319.8705,26.8852,23.4669,26.9398,25.4938,314.999998,314.999998,324.999988,324.999988,99.70404285714285,99.5697,99.70424285714286,99.64664285714285,-5.189666666666667,-5.2015,-2.7806666666666664,-2.574,-0.19500000000000028,-0.6099999999999994,2.529,5.1315,69.033,47.668,69.374,60.336,89.68,57.3585,84.18,73.4865,86.724,54.96,83.0335,71.45400000000001,83.461,53.304,81.6905,69.81566666666667,5.59,-5.6545000000000005,0.105825,0.12046000000000001,0.0,126.59,122.925,126.47333333333333,126.47333333333333,0.0,0.0
707,0.0,0.0,0.0,1.0,1.0,0.0,0.0,1.0,0.0,100.0,1.0,1.1856,26.0,0.0,0.0,0.0,57.999998,0.0,26.0,26.0,26.0,26.0,-2.9655555555555555,-0.32089999999999996,0.2916,300.43,-2.04595,-3.563625,-0.47129999999999994,-2.4514,-553.64,166.89,194.720875,0.0,0.0,0.0,0.0,0.8300333333333334,-5.498166666666667,-5.498166666666667,-0.7234,-1.3770000000000002,4.938444444444444,-8.585,39.897,-0.7404000000000001,-0.1605,31.016,100.0,0.0,0.0,121.53999999999999,0.0,0.0,0.0,0.0,0.0,0.0,0.0,6917.3,0.0,55.0,3.0,143.7,1.0,0.0,0.0,0.0,0.0,0.0,0.0,0.0,35.358000000000004,35.358000000000004,0.0,17.284,1.0,55.0,616.79921,10000.0,85.000001,85.000001,85.000001,85.000001,395.0,0.0,0.0,0.0,1.0,166.665,62.515,62.515,56.503,56.503,34.0,-0.3999999999999986,0.0,-102.49000000000001,-31.15,0.0,1747.583,72.84,100.0,29.535,13.19,47.028,24.035,0.0,0.0,0.0,0.0,0.0,0.0,0.0,4827.625,0.0,5406.875,2247.3,302.826,315.0,313.93975,319.78825,26.8932,23.4693,26.9456,25.4979,314.999998,314.999998,324.999988,324.999988,99.70457142857143,99.56971666666666,99.70457142857143,99.64682857142857,-5.303333333333334,0.0,-2.2621666666666664,-2.132,-0.036666666666668846,0.0,-0.23450000000000015,-0.07350000000000012,69.083,47.683,69.41,60.362,89.839,57.323,84.247,73.5185,86.879,54.9275,83.1035,71.4845,83.605,53.272999999999996,81.7575,69.84133333333334,5.644,-5.6850000000000005,0.09138,0.098835,0.0,126.445,123.165,122.72,120.36333333333333,0.0,0.0
708,0.0,0.0,0.0,1.0,1.0,0.0,0.0,1.0,0.0,100.0,1.0,1.1856,26.0,0.0,0.0,0.0,57.999998,0.0,26.0,26.0,26.0,26.0,-2.100888888888889,0.4998,-0.0014,302.75,-1.91475,-3.655125,-0.4018999999999999,-2.4931,-552.75,168.715,194.705625,0.0,0.0,0.0,0.0,0.8312333333333334,-5.498166666666667,-5.498166666666667,-0.8951,2.5726666666666667,4.902888888888889,10.698,39.849000000000004,-0.731,-0.230575,38.382,100.0,0.0,0.0,127.00333333333333,0.0,0.0,0.0,0.0,0.0,0.0,0.0,7228.1,0.0,55.0,3.0,143.42666666666668,0.0,0.0,0.0,0.0,0.0,0.0,0.0,0.0,35.409,35.409,0.0,17.284,0.0,55.0,616.79921,10000.0,85.000001,85.000001,85.000001,85.000001,395.0,0.0,0.0,0.0,1.0,166.665,62.042,62.042,61.722,61.722,34.0,-2.6499999999999986,0.0,-51.69,-6.945,0.0,1747.531,73.295,100.0,31.141,13.179,45.588,20.512,0.0,0.0,100.0,0.0,0.0,0.0,0.0,4851.75,0.0,4002.625,1483.3999999999999,302.185,315.0,316.58125,321.907,26.902,23.4717,26.9513,25.5012,314.999998,314.999998,324.999988,324.999988,99.70525714285715,99.56971666666666,99.70482857142858,99.64688571428572,-5.234333333333334,0.0,-2.595,-2.4133333333333336,-0.19166666666666998,0.0,2.8765,5.473,69.137,47.698,69.446,60.3825,90.049,57.2795,84.289,73.4885,87.08500000000001,54.887,83.1485,71.4555,83.797,53.235,81.801,69.812,5.7725,-5.848,0.110295,0.11470500000000002,0.0,126.34,123.165,127.00333333333333,127.00333333333333,0.0,0.0
709,0.0,0.0,0.0,1.0,1.0,0.0,0.0,1.0,0.0,100.0,1.0,1.1856,26.0,0.0,0.0,0.0,57.999998,0.0,26.0,26.0,26.0,26.0,-2.7137777777777776,-0.28959999999999997,0.07295,303.497,-2.1498999999999997,-3.493625,-0.4949,-2.3489,-551.86,170.41,194.68625,0.0,0.0,0.0,0.0,0.8323666666666667,-5.498166666666667,-5.498166666666667,-0.9562,-0.6023333333333334,5.021333333333334,-6.524,39.791,-0.7687,-0.14035,33.964,100.0,0.0,0.0,121.17333333333333,0.0,0.0,0.0,0.0,0.0,0.0,0.0,6896.3,0.0,55.0,3.0,143.31666666666666,1.0,0.0,0.0,0.0,0.0,0.0,0.0,0.0,35.457,35.457,0.0,17.284,1.0,55.0,616.79921,10000.0,85.000001,85.000001,85.000001,85.000001,395.0,0.0,0.0,0.0,1.0,333.33500000000004,64.224,64.224,60.715,60.715,34.0,-1.0600000000000023,0.0,-80.38333333333334,-29.085,0.0,1747.481,71.35000000000001,100.0,28.012999999999998,12.628,43.581,21.055,0.0,0.0,0.0,0.0,0.0,0.0,0.0,4341.75,0.0,4512.625,2107.0,304.0285,315.0,315.73375,320.4055,26.9093,23.4739,26.9563,25.5049,314.999998,314.999998,324.999988,324.999988,99.70571428571428,99.56971666666666,99.70505714285714,99.64701428571429,-5.216333333333333,0.0,-2.3725,-2.2708333333333335,-0.045000000000001705,0.0,-0.28049999999999997,-0.21750000000000025,69.18299999999999,47.7115,69.477,60.4055,90.185,57.2385,84.3215,73.499,87.218,54.8495,83.1835,71.4655,83.92,53.199,81.834,69.81933333333333,5.6035,-5.6450000000000005,0.06802000000000001,0.07543000000000001,0.0,126.22,123.165,122.44,119.90666666666667,0.0,0.0
710,0.0,0.0,0.0,1.0,1.0,0.0,0.0,1.0,0.0,100.0,1.0,1.1856,26.0,0.0,0.0,0.0,57.999998,0.0,26.0,26.0,26.0,26.0,-2.2076666666666664,0.5948,0.18100000000000002,303.391,-1.9689999999999999,-3.641375,-0.38654999999999995,-2.4714,-550.87,172.1775,194.661625,0.0,0.0,0.0,0.0,0.8335333333333335,-5.498166666666667,-5.498166666666667,-1.1260000000000001,2.108,4.936555555555556,7.673,39.826,-0.8363,-0.206325,38.724,100.0,0.0,0.0,127.14666666666666,0.0,0.0,0.0,0.0,0.0,0.0,0.0,7236.3,0.0,55.0,3.0,143.34666666666666,0.0,0.0,0.0,0.0,0.0,0.0,1.0,0.0,35.508,35.508,0.0,17.284,0.0,55.0,616.79921,10000.0,85.000001,85.000001,85.000001,85.000001,395.0,0.0,0.0,0.0,1.0,333.33500000000004,62.744,62.744,61.874,61.874,34.0,-2.217500000000001,0.0,-55.36,-6.76,0.0,1747.43,71.805,100.0,29.511,12.416,44.333,19.535,0.0,0.0,100.0,0.0,0.0,0.0,0.0,5130.0,0.0,4444.125,1648.3,301.726,315.0,315.828,321.58625,26.918,23.4762,26.962,25.5082,314.999998,314.999998,324.999988,324.999988,99.7064,99.56971666666666,99.70537142857142,99.64711428571428,-5.253666666666667,0.0,-2.7438333333333333,-2.5698333333333334,-0.2633333333333283,0.0,3.018,6.006,69.238,47.726,69.513,60.426500000000004,90.393,57.1925,84.378,73.48949999999999,87.422,54.807,83.2435,71.456,84.109,53.159,81.892,69.80766666666666,5.6505,-5.696,0.10883500000000002,0.131785,0.0,126.265,123.165,127.07666666666667,127.21666666666667,0.0,0.0
711,0.0,0.0,0.0,1.0,1.0,0.0,0.0,1.0,0.0,100.0,1.0,1.1856,26.0,0.0,0.0,0.0,57.999998,0.0,26.0,26.0,26.0,26.0,-2.367222222222222,0.03320000000000012,0.1107,303.024,-2.10595,-3.515375,-0.5005999999999999,-2.3155,-549.88,173.8175,194.635375,0.0,0.0,0.0,0.0,0.8346666666666667,-5.498166666666667,-5.498166666666667,-1.1834,0.7606666666666666,5.001555555555555,-4.426,39.851,-0.8908,-0.15945,35.698,100.0,0.0,0.0,124.63666666666667,0.0,0.0,0.0,0.0,0.0,0.0,0.0,7093.4,0.0,55.0,3.0,143.48,1.0,0.0,0.0,0.0,0.0,0.0,1.0,0.0,35.556,35.556,0.0,17.284,1.0,55.0,616.79921,10000.0,85.000001,85.000001,85.000001,85.000001,395.0,0.0,0.0,0.0,1.0,333.33500000000004,62.302,62.302,61.34,61.34,34.0,-2.7124999999999986,-0.24800000000000466,-69.97666666666667,-22.385,0.0,1747.384,69.755,100.0,28.56,12.133,43.158,20.747,0.0,0.0,100.0,0.0,0.0,0.0,0.0,4905.125,83.0,4385.0,1935.6999999999998,302.641,314.817,316.13725,320.64325,26.9258,23.4784,26.9671,25.5119,314.999998,314.999998,324.999988,324.999988,99.70688571428572,99.56971666666666,99.7056,99.64725714285714,-5.198,-5.18,-2.6183333333333336,-2.4828333333333337,-0.07333333333333059,-0.3500000000000014,1.295,2.3795,69.286,47.74,69.544,60.449,90.537,57.1565,84.418,73.51050000000001,87.563,54.7735,83.2855,71.4755,84.239,53.1275,81.9325,69.82433333333333,5.485,-5.5065,0.08744,0.087385,0.0,126.41,123.205,125.00666666666666,124.27,0.0,0.0
712,0.0,0.0,0.0,1.0,1.0,0.0,0.0,1.0,0.0,100.0,1.0,1.1856,26.0,0.0,0.0,0.0,57.999998,0.0,26.0,26.0,26.0,26.0,-2.389111111111111,0.3175000000000001,0.05595,302.628,-2.0168999999999997,-3.615625,-0.39769999999999994,-2.4789000000000003,-548.77,175.5275,194.604625,0.0,0.0,0.0,0.0,0.8358666666666666,-5.498166666666667,-5.498166666666667,-1.2376,2.7603333333333335,4.889777777777778,2.1100000000000003,39.965,-0.9297000000000001,-0.16592500000000002,36.328,100.0,0.0,0.0,126.16333333333333,0.0,0.0,0.0,0.0,0.0,0.0,0.0,7180.3,0.0,55.0,3.0,143.87333333333333,0.0,0.0,0.0,0.0,0.0,0.0,1.0,0.0,35.607,35.607,0.0,17.284,0.0,55.0,616.79921,10000.0,85.000001,85.000001,85.000001,85.000001,395.0,0.0,0.0,0.0,1.0,166.665,62.18,62.18,60.211,60.211,34.0,-2.397500000000001,0.0,-74.23666666666666,-12.6675,0.0,1747.332,69.405,100.0,29.633,12.2,44.356,20.303,0.0,0.0,100.0,0.0,0.0,0.0,0.0,4941.625,0.0,4850.25,1748.4,302.082,315.0,315.06225,321.3775,26.9345,23.4807,26.9728,25.5155,314.999998,314.999998,324.999988,324.999988,99.70752857142857,99.56971666666666,99.70592857142857,99.64738571428572,-5.2236666666666665,0.0,-2.7283333333333335,-2.5460000000000003,-0.2083333333333286,0.0,1.855,4.2379999999999995,69.34100000000001,47.754,69.58,60.4715,90.729,57.117000000000004,84.481,73.5195,87.751,54.737,83.352,71.484,84.413,53.0925,81.9965,69.82966666666667,5.466,-5.5075,0.103205,0.12212,0.0,126.815,123.28,126.16333333333333,126.16333333333333,0.0,0.0
713,0.0,0.0,0.0,1.0,1.0,0.0,0.0,1.0,0.0,100.0,1.0,1.1856,26.0,0.0,0.0,0.0,57.999998,0.0,26.0,26.0,26.0,26.0,-2.831888888888889,-0.22049999999999992,0.19940000000000002,302.261,-2.0179,-3.5535,-0.4152,-2.49,-547.61,177.205,194.572125,0.0,0.0,0.0,0.0,0.8370666666666666,-5.498166666666667,-5.498166666666667,-1.2955,0.8453333333333334,4.8292222222222225,-2.656,39.98,-0.7952,-0.18532500000000002,33.344,100.0,0.0,0.0,121.94333333333333,0.0,0.0,0.0,0.0,0.0,0.0,0.0,6940.2,0.0,55.0,3.0,144.0,1.0,0.0,0.0,0.0,0.0,0.0,1.0,0.0,35.658,35.658,0.0,17.284,1.0,55.0,616.79921,10000.0,85.000001,85.000001,85.000001,85.000001,395.0,0.0,0.0,0.0,1.0,333.33500000000004,62.073,62.073,59.082,59.082,34.0,-3.147500000000001,0.0,-83.88,-22.38,0.0,1747.281,70.42,100.0,29.213,12.092,45.527,20.717,0.0,0.0,0.0,0.0,0.0,0.0,0.0,5085.125,0.0,4681.25,1722.8999999999999,302.1155,315.0,315.348,321.21875,26.9431,23.483,26.9786,25.5192,314.999998,314.999998,324.999988,324.999988,99.70812857142857,99.56971666666666,99.70622857142857,99.64752857142857,-5.215333333333334,0.0,-2.4296666666666664,-2.2655,-0.05333333333332746,0.0,-0.2084999999999999,0.08000000000000007,69.395,47.7685,69.616,60.495000000000005,90.911,57.0735,84.5375,73.5275,87.929,54.697,83.4115,71.491,84.578,53.054500000000004,82.054,69.834,5.4945,-5.5415,0.08079,0.13859000000000002,0.0,126.69,123.28,123.09,120.8,0.0,0.0
714,0.0,0.0,0.0,1.0,1.0,0.0,0.0,1.0,0.0,100.0,1.0,1.1856,26.0,0.0,0.0,0.0,57.999998,0.0,26.0,26.0,26.0,26.0,-2.3824444444444444,0.6211,0.1872,302.185,-2.14305,-3.5045,-0.4236,-2.4159,-546.4,178.8425,194.5375,0.0,0.0,0.0,0.0,0.8382333333333334,-5.498166666666667,-5.498166666666667,-1.3436000000000001,4.158666666666667,4.8452222222222225,3.7119999999999997,40.084,-0.8731,-0.16767500000000002,38.842,100.0,0.0,0.0,127.31333333333333,0.0,0.0,0.0,0.0,0.0,0.0,0.0,7245.8,0.0,55.0,3.0,144.27666666666667,0.0,0.0,0.0,0.0,0.0,0.0,1.0,0.0,35.709,35.709,0.0,17.284,0.0,55.0,616.79921,10000.0,85.000001,85.000001,85.000001,85.000001,395.0,0.0,0.0,0.0,1.0,166.665,61.676,61.676,58.456,58.456,34.0,-6.055,-3.490000000000002,-60.74,-13.23,0.0,1747.23,68.875,100.0,29.38,12.607,44.848,20.215,0.0,0.0,100.0,0.0,0.0,0.0,0.0,4495.0,615.5999999999999,4538.5,2265.3,303.194,313.448,315.7525,320.331,26.951900000000002,23.4852,26.9842,25.5227,314.999998,314.999998,324.999988,324.999988,99.70872857142857,99.56973333333333,99.70651428571429,99.64764285714286,-5.004333333333333,-5.0175,-2.7263333333333337,-2.5673333333333335,-0.30333333333332746,-0.4266666666666694,2.63,5.250500000000001,69.449,47.7825,69.651,60.516999999999996,91.094,57.057,84.5885,73.5315,88.107,54.6815,83.4655,71.495,84.744,53.039500000000004,82.106,69.83500000000001,5.4275,-5.4615,0.100345,0.13202,0.0,127.285,123.805,127.31333333333333,127.31333333333333,0.0,0.0
715,0.0,0.0,0.0,1.0,1.0,0.0,0.0,1.0,0.0,100.0,1.0,1.1856,26.0,0.0,0.0,0.0,57.999998,0.0,26.0,26.0,26.0,26.0,-2.265888888888889,0.669,0.1268,302.658,-2.21615,-3.418625,-0.49634999999999996,-2.3983,-545.13,180.45499999999998,194.501,0.0,0.0,0.0,0.0,0.8394333333333335,-5.498166666666667,-5.498166666666667,-1.3481,1.286,4.769222222222222,-4.067,40.386,-1.0378,-0.13037500000000002,33.702,100.0,0.0,0.0,126.00666666666666,0.0,0.0,0.0,0.0,0.0,0.0,0.0,7171.4,0.0,55.0,3.0,145.38,1.0,0.0,0.0,0.0,0.0,0.0,1.0,0.0,35.76,35.76,0.0,17.284,1.0,55.0,616.79921,10000.0,85.000001,85.000001,85.000001,85.000001,395.0,0.0,0.0,0.0,1.0,166.665,64.346,64.346,57.205,57.205,34.0,0.18999999999999773,0.0,-67.83,-18.27,0.0,1747.18,67.48,100.0,27.259,12.329,45.284,22.296,0.0,0.0,0.0,0.0,0.0,0.0,0.0,4111.375,0.0,4814.25,2486.4,304.4755,315.0,315.15575,319.69375,26.9601,23.4874,26.99,25.5268,314.999998,314.999998,324.999988,324.999988,99.70922857142857,99.56975,99.70687142857143,99.64787142857143,-5.225666666666667,0.0,-2.7715,-2.6136666666666666,-0.2749999999999986,0.0,2.3375,4.6545000000000005,69.5,47.7965,69.687,60.542500000000004,91.237,57.022999999999996,84.662,73.5885,88.247,54.65,83.542,71.5485,84.871,53.0095,82.18,69.88266666666667,5.2585,-5.2825,0.09957500000000001,0.12056000000000001,0.0,127.93,124.005,126.19666666666666,125.81333333333333,0.0,0.0
716,0.0,0.0,0.0,1.0,1.0,0.0,0.0,1.0,0.0,100.0,1.0,1.1856,26.0,0.0,0.0,0.0,57.999998,0.0,26.0,26.0,26.0,26.0,-2.4032222222222224,-0.3605999999999999,0.12340000000000001,302.261,-1.9538,-3.64525,-0.26439999999999997,-2.6449,-543.88,181.9375,194.464625,0.0,0.0,0.0,0.0,0.8405666666666667,-5.498166666666667,-5.498166666666667,-1.4912,-0.021666666666666723,4.423777777777778,-2.01,40.257,-0.8097000000000001,-0.211325,33.522,100.0,0.0,0.0,125.21,0.0,0.0,0.0,0.0,0.0,0.0,0.0,7126.0,0.0,55.0,3.0,144.96666666666667,0.0,0.0,0.0,0.0,0.0,0.0,1.0,0.0,35.808,35.808,0.0,17.284,0.0,55.0,616.79921,10000.0,85.000001,85.000001,85.000001,85.000001,395.0,0.0,0.0,0.0,1.0,166.665,60.699,60.699,58.655,58.655,34.0,-9.057499999999997,-0.6000000000000014,-88.63333333333333,-5.465,0.0,1747.132,68.11,100.0,29.199,12.148,46.257,20.335,0.0,0.0,100.0,0.0,0.0,0.0,0.0,5874.5,161.39999999999964,4926.5,603.9000000000001,300.1055,314.62833333333333,314.8185,323.698,26.9685,23.4895,26.9955,25.53,314.999998,314.999998,324.999988,324.999988,99.70982857142857,99.56975,99.70714285714286,99.64794285714285,-5.112,-5.10025,-2.4028333333333336,-2.2191666666666667,-0.10166666666666657,-0.7333333333333272,0.7934999999999999,1.163,69.553,47.8095,69.722,60.5625,91.416,56.985,84.712,73.57,88.422,54.615,83.595,71.531,85.034,52.976,82.2305,69.864,5.369,-5.4035,0.08557500000000001,0.11069500000000002,0.0,127.525,124.115,125.49333333333334,124.92666666666666,0.0,0.0
717,0.0,0.0,0.0,1.0,1.0,0.0,0.0,1.0,0.0,100.0,1.0,1.1856,26.0,0.0,0.0,0.0,57.999998,0.0,26.0,26.0,26.0,26.0,-2.3644444444444446,0.6861000000000002,0.09605000000000001,302.429,-2.19455,-3.363625,-0.481,-2.3738,-542.59,183.385,194.426625,0.0,0.0,0.0,0.0,0.8417,-5.498166666666667,-5.498166666666667,-1.4755,5.042666666666666,4.556,0.8420000000000001,40.47,-1.0012,-0.15705,40.372,100.0,0.0,0.0,128.45,0.0,0.0,0.0,0.0,0.0,0.0,0.0,7310.5,0.0,55.0,3.0,145.66333333333333,1.0,0.0,0.0,0.0,0.0,0.0,1.0,0.0,35.856,35.856,0.0,17.284,1.0,55.0,616.79921,10000.0,85.000001,85.000001,85.000001,85.000001,395.0,0.0,0.0,0.0,1.0,166.665,62.393,62.393,57.343,57.343,34.0,-13.8875,-2.7319999999999993,-54.99,-18.195,0.0,1747.085,61.235,100.0,29.052,13.487,45.01,20.207,0.0,0.0,100.0,0.0,0.0,0.0,0.0,3944.375,366.0,4435.875,2831.1,304.763,313.71366666666665,316.05,319.1175,26.9768,23.4916,27.000799999999998,25.5334,314.999998,314.999998,324.999988,324.999988,99.71037142857143,99.5698,99.70745714285714,99.64811428571429,-4.5986666666666665,-4.6274999999999995,-2.9571666666666667,-2.7925,-0.18833333333333258,-0.36333333333332973,2.6115,5.241,69.605,47.8225,69.755,60.584,91.57300000000001,56.9885,84.7735,73.592,88.575,54.6185,83.6595,71.5515,85.175,52.978,82.2935,69.881,4.8715,-4.936,0.10230500000000001,0.11038,0.0,128.61,125.04,128.45,128.45,0.0,0.0
718,0.0,0.0,0.0,1.0,1.0,0.0,0.0,1.0,0.0,100.0,1.0,1.1856,26.0,0.0,0.0,0.0,57.999998,0.0,26.0,26.0,26.0,26.0,-2.5597777777777777,0.5860000000000001,0.2872,301.3,-2.048,-3.5648750000000002,-0.34934999999999994,-2.537,-541.1700000000001,184.89,194.38575,0.0,0.0,0.0,0.0,0.8429000000000001,-5.498166666666667,-5.498166666666667,-1.439,3.1806666666666668,4.216444444444445,-5.588,40.75,-1.1457000000000002,-0.154175,38.236000000000004,100.0,0.0,0.0,129.25,0.0,0.0,0.0,0.0,0.0,0.0,0.0,7356.0,0.0,55.0,3.0,146.70666666666668,0.0,0.0,0.0,0.0,0.0,0.0,1.0,0.0,35.907,35.907,0.0,17.284,0.0,55.0,616.79921,10000.0,85.000001,85.000001,85.000001,85.000001,395.0,0.0,0.0,0.0,1.0,166.665,61.523,61.523,55.679,55.679,34.0,-29.03,-0.9080000000000013,-73.21666666666667,-10.5825,0.0,1747.033,56.55,100.0,28.951999999999998,13.1,46.543,21.944,0.0,0.0,100.0,0.0,0.0,0.0,0.0,5005.25,142.0,5406.125,1700.8999999999999,302.022,314.5516666666667,313.887,321.19775,26.9854,23.4938,27.0068,25.5374,314.999998,314.999998,324.999988,324.999988,99.71085714285714,99.56983333333334,99.70785714285714,99.64832857142858,-4.383333333333334,-4.41225,-2.9855,-2.8338333333333336,-0.19500000000000028,-0.46333333333333115,2.5025,4.961,69.659,47.836,69.793,60.609,91.708,56.981,84.8665,73.647,88.707,54.611000000000004,83.7555,71.6035,85.297,52.97,82.386,69.92699999999999,4.432,-4.5005,0.08959500000000001,0.12390000000000001,0.0,129.46,125.885,129.25,129.25,0.0,0.0
719,0.0,0.0,0.0,1.0,1.0,0.0,0.0,1.0,0.0,100.0,1.0,1.1856,26.0,0.0,0.0,0.0,57.999998,0.0,26.0,26.0,26.0,26.0,-2.644111111111111,0.6924000000000001,0.3699,300.72,-2.0221999999999998,-3.498875,-0.3943,-2.5226,-539.69,186.36,194.346375,0.0,0.0,0.0,0.0,0.8441333333333334,-5.498166666666667,-5.498166666666667,-1.3795000000000002,4.503,4.093666666666667,-1.929,41.022,-1.3008,-0.14172500000000002,39.856,100.0,0.0,0.0,130.24333333333334,0.0,0.0,0.0,0.0,0.0,0.0,0.0,7412.6,0.0,55.0,3.0,147.69,1.0,0.0,0.0,0.0,0.0,0.0,1.0,0.0,35.958,35.958,0.0,17.284,1.0,55.0,616.79921,10000.0,85.000001,85.000001,85.000001,85.000001,395.0,0.0,0.0,0.0,1.0,333.33500000000004,61.31,61.31,53.665,53.665,34.0,-38.71,-3.469999999999999,-63.74333333333333,-14.59,0.0,1746.981,47.769999999999996,100.0,29.265,13.729,47.394999999999996,21.809,0.0,0.0,100.0,0.0,0.0,0.0,0.0,4638.875,352.5999999999999,5398.875,2369.6,303.1585,313.69266666666664,313.92125,319.89025,26.9943,23.496,27.012999999999998,25.5411,314.999998,314.999998,324.999988,324.999988,99.71134285714285,99.56986666666667,99.70831428571428,99.64851428571428,-4.0023333333333335,-4.03775,-3.2996666666666665,-3.1503333333333337,-0.1666666666666714,-0.298333333333332,2.6065,5.216,69.715,47.85,69.831,60.632,91.84700000000001,56.973,84.983,73.6865,88.844,54.6035,83.8765,71.64,85.423,52.962,82.5035,69.95833333333333,3.8354999999999997,-3.8970000000000002,0.10768000000000001,0.12737,0.0,130.435,126.89,130.24333333333334,130.24333333333334,0.0,0.0
720,0.0,0.0,0.0,1.0,1.0,0.0,0.0,1.0,0.0,100.0,1.0,1.1856,26.0,0.0,0.0,0.0,57.999998,0.0,26.0,26.0,26.0,26.0,-2.6733333333333333,0.6134000000000002,0.3135,300.43,-2.00475,-3.5815,-0.32809999999999995,-2.5948,-538.25,187.7075,194.311375,0.0,0.0,0.0,0.0,0.8453,-5.498166666666667,-5.498166666666667,-1.3352000000000002,3.241,3.850777777777778,-6.0440000000000005,41.285,-1.3767,-0.161275,37.282,100.0,0.0,0.0,131.01666666666668,0.0,0.0,0.0,0.0,0.0,0.0,0.0,7456.4,0.0,55.0,3.0,148.65333333333334,0.0,0.0,0.0,0.0,0.0,0.0,0.0,0.0,36.006,36.006,0.0,17.284,0.0,55.0,616.79921,10000.0,85.000001,85.000001,85.000001,85.000001,395.0,0.0,0.0,0.0,1.0,166.665,60.73,60.73,52.872,52.872,34.0,-55.7,-5.372,-70.53333333333333,-11.55,0.0,1746.934,42.285000000000004,100.0,29.068,13.793,47.906,22.487000000000002,0.0,0.0,100.0,0.0,0.0,0.0,0.0,4978.625,497.0,5748.25,1867.5,302.3175,313.413,313.362,320.88375,27.0026,23.498,27.0189,25.5448,314.999998,314.999998,324.999988,324.999988,99.71175714285714,99.5699,99.70877142857142,99.64874285714286,-3.659,-3.70475,-3.2615000000000003,-3.1158333333333337,-0.15500000000000114,-0.33166666666667055,2.596,5.0169999999999995,69.766,47.8625,69.868,60.655,91.951,56.9685,85.098,73.7405,88.947,54.5995,83.995,71.691,85.518,52.957,82.6185,70.003,3.3295000000000003,-3.401,0.1024,0.11012000000000001,0.0,131.24,127.915,131.01666666666668,131.01666666666665,0.0,0.0
721,0.0,0.0,0.0,1.0,1.0,0.0,0.0,1.0,0.0,100.0,1.0,1.1856,26.0,0.0,0.0,0.0,57.999998,0.0,26.0,26.0,26.0,26.0,-2.436111111111111,0.6597000000000002,0.25265,301.041,-1.9478,-3.641125,-0.30789999999999995,-2.5741,-536.66,189.1,194.277,0.0,0.0,0.0,0.0,0.8465333333333335,-5.498166666666667,-5.498166666666667,-1.245,4.703666666666667,3.608,-1.764,41.554,-1.4775,-0.15682500000000002,37.818000000000005,100.0,0.0,0.0,132.35333333333332,0.0,0.0,0.0,0.0,0.0,0.0,0.0,7532.5,0.0,55.0,3.0,149.63,1.0,0.0,0.0,0.0,0.0,0.0,0.0,0.0,36.057,36.057,0.0,17.284,1.0,55.0,616.79921,10000.0,85.000001,85.000001,85.000001,85.000001,395.0,0.0,0.0,0.0,1.0,333.33500000000004,61.432,61.432,53.009,53.009,34.0,-61.7875,-3.5319999999999965,-56.32333333333333,-9.75,0.0,1746.882,34.635,100.0,29.86,14.132,48.251000000000005,21.978,0.0,0.0,100.0,0.0,0.0,0.0,0.0,4258.125,383.9000000000001,5354.125,1846.9,303.801,314.13533333333334,314.05025,320.91125,27.0116,23.5002,27.0253,25.5485,314.999998,314.999998,324.999988,324.999988,99.71217142857142,99.56995,99.70928571428571,99.64894285714286,-3.1496666666666666,-3.2095000000000002,-3.4136666666666664,-3.291,-0.09166666666666856,-0.35666666666666913,2.9905,5.434,69.82300000000001,47.876,69.908,60.6785,92.05199999999999,56.9655,85.2275,73.7815,89.047,54.596000000000004,84.12950000000001,71.7295,85.61,52.953,82.749,70.036,2.7065,-2.7885,0.10278500000000002,0.109645,0.0,132.25,128.86,132.35333333333332,132.35333333333332,0.0,0.0
722,0.0,0.0,0.0,1.0,1.0,0.0,0.0,1.0,0.0,100.0,1.0,1.1856,26.0,0.0,0.0,0.0,57.999998,0.0,26.0,26.0,26.0,26.0,-2.646777777777778,0.6731,0.30455,300.293,-2.00305,-3.515,-0.39854999999999996,-2.5806,-534.91,190.5325,194.242125,0.0,0.0,0.0,0.0,0.8478333333333334,-5.498166666666667,-5.498166666666667,-1.1847,2.573,3.3962222222222223,-7.789,41.879,-1.4915,-0.1691,31.868000000000002,100.0,0.0,0.0,132.41333333333333,0.0,0.0,0.0,0.0,0.0,0.0,0.0,7536.0,0.0,55.0,3.0,150.8,0.0,0.0,0.0,0.0,0.0,0.0,0.0,0.0,36.111000000000004,36.111000000000004,0.0,17.284,0.0,55.0,616.79921,10000.0,85.000001,85.000001,85.000001,85.000001,395.0,0.0,0.0,0.0,1.0,166.665,60.654,60.654,51.453,51.453,34.0,-73.745,-9.988,-69.31,-18.080000000000002,0.0,1746.829,28.715000000000003,100.0,28.473,14.504,48.388999999999996,22.905,0.0,0.0,100.0,0.0,0.0,0.0,0.0,4569.875,749.0999999999999,5491.25,2411.1,303.274,312.44,313.867,319.9235,27.0207,23.5026,27.0321,25.5528,314.999998,314.999998,324.999988,324.999988,99.71251428571429,99.57,99.70981428571429,99.6492,-2.903,-2.96075,-3.1845,-3.0220000000000002,-0.13666666666667027,-0.14999999999999858,2.473,4.5525,69.88,47.891,69.95,60.705,92.122,56.954499999999996,85.365,73.848,89.116,54.585499999999996,84.271,71.792,85.674,52.942,82.8865,70.09133333333334,2.2095000000000002,-2.2915,0.09961,0.12077500000000001,0.0,132.98,130.165,132.41333333333333,132.41333333333333,0.0,0.0
723,0.0,0.0,0.0,1.0,1.0,0.0,0.0,1.0,0.0,100.0,1.0,1.1856,26.0,0.0,0.0,0.0,57.999998,0.0,26.0,26.0,26.0,26.0,-2.0603333333333333,0.6597000000000002,-0.06235,302.933,-2.00265,-3.649375,-0.36129999999999995,-2.5810000000000004,-533.4200000000001,191.69,194.215,0.0,0.0,0.0,0.0,0.8489333333333334,-5.498166666666667,-5.498166666666667,-1.1781000000000001,1.5646666666666667,3.181111111111111,0.7949999999999999,42.126,-1.4844000000000002,-0.16010000000000002,28.764000000000003,100.0,0.0,0.0,134.33333333333334,0.0,0.0,0.0,0.0,0.0,0.0,0.0,7645.3,0.0,55.0,3.0,151.69,1.0,0.0,0.0,0.0,0.0,0.0,0.0,0.0,36.156,36.156,0.0,17.284,1.0,55.0,616.79921,10000.0,85.000001,85.000001,85.000001,85.000001,395.0,0.0,0.0,0.0,1.0,333.33500000000004,63.354,63.354,53.665,53.665,34.0,-60.4475,-3.009999999999998,-54.42,-7.037500000000001,0.0,1746.782,26.145000000000003,100.0,27.701999999999998,13.491,47.588,22.0,0.0,0.0,100.0,0.0,0.0,0.0,0.0,3880.375,396.0,4876.375,1542.2,305.16,314.3926666666667,315.04425,321.8065,27.0284,23.5045,27.0377,25.556,314.999998,314.999998,324.999988,324.999988,99.71277142857143,99.57,99.71021428571429,99.64934285714286,-2.866,-2.903,-3.119,-2.9213333333333336,-0.09166666666666856,-0.6866666666666674,3.1195,5.694,69.92699999999999,47.903,69.985,60.725,92.174,56.924,85.4655,73.87049999999999,89.168,54.557500000000005,84.375,71.813,85.722,52.915,82.987,70.10833333333333,2.0170000000000003,-2.085,0.11123000000000001,0.12245,0.0,133.62,130.555,133.87333333333333,134.79333333333332,0.0,0.0
724,0.0,0.0,0.0,1.0,1.0,0.0,0.0,1.0,0.0,100.0,1.0,1.1856,26.0,0.0,0.0,0.0,57.999998,0.0,26.0,26.0,26.0,26.0,-2.1886666666666668,0.6288,0.18245,302.551,-2.02935,-3.507625,-0.4071,-2.447,-531.58,193.04250000000002,194.18125,0.0,0.0,0.0,0.0,0.8502666666666666,-5.498166666666667,-5.498166666666667,-1.1773,1.9156666666666666,2.928777777777778,-7.877,42.456,-1.3684,-0.18480000000000002,27.488,100.0,0.0,0.0,134.64333333333335,0.0,0.0,0.0,0.0,0.0,0.0,0.0,7662.8,0.0,55.0,3.0,152.86666666666667,0.0,0.0,0.0,0.0,0.0,0.0,0.0,0.0,36.21,36.21,0.0,17.284,0.0,55.0,616.79921,10000.0,85.000001,85.000001,85.000001,85.000001,395.0,0.0,0.0,0.0,1.0,166.665,62.286,62.286,54.199,54.199,34.0,-78.3675,-7.231999999999999,-59.6,-10.260000000000002,0.0,1746.73,23.865000000000002,100.0,26.858,14.02,46.733000000000004,22.695,0.0,0.0,100.0,0.0,0.0,0.0,0.0,4460.75,605.7999999999997,4738.25,1519.1,303.8605,313.09366666666665,315.347,321.45975,27.037399999999998,23.5067,27.0442,25.560200000000002,314.999998,314.999998,324.999988,324.999988,99.71307142857142,99.57005,99.71067142857143,99.64957142857143,-2.5823333333333336,-2.617,-2.8206666666666664,-2.646,-0.06666666666666998,-0.15333333333332888,2.9185,4.619,69.984,47.917,70.026,60.751,92.224,56.922,85.5675,73.9175,89.219,54.5555,84.481,71.857,85.768,52.912,83.0895,70.147,1.8545000000000003,-1.928,0.10096500000000001,0.10488000000000001,0.0,134.595,132.22,134.19,135.09333333333333,0.0,0.0
725,0.0,0.0,0.0,1.0,1.0,0.0,0.0,1.0,0.0,100.0,1.0,1.1856,26.0,0.0,0.0,0.0,57.999998,0.0,26.0,26.0,26.0,26.0,-2.1753333333333336,0.7591000000000001,0.15205000000000002,302.795,-2.10045,-3.559375,-0.4341999999999999,-2.489,-529.9,194.21,194.15075,0.0,0.0,0.0,0.0,0.8514666666666666,-5.498166666666667,-5.498166666666667,-1.1095000000000002,2.3306666666666667,2.721,-3.112,42.754,-1.3458,-0.12152500000000001,25.748,100.0,0.0,0.0,135.05333333333334,0.0,0.0,0.0,0.0,0.0,0.0,0.0,7686.4,0.0,55.0,3.0,153.91666666666666,1.0,0.0,0.0,0.0,0.0,0.0,0.0,0.0,36.257999999999996,36.257999999999996,0.0,17.284,1.0,55.0,616.79921,10000.0,85.000001,85.000001,85.000001,85.000001,395.0,0.0,0.0,0.0,1.0,166.665,64.056,64.056,52.643,52.643,34.0,-63.510000000000005,-3.770000000000003,-72.71000000000001,-19.595,0.0,1746.682,21.689999999999998,100.0,26.338,13.517,46.536,22.109,0.0,0.0,100.0,0.0,0.0,0.0,0.0,3587.375,376.2999999999997,5352.75,2492.8,305.603,313.90766666666667,314.2045,319.6885,27.0454,23.5087,27.0501,25.5637,314.999998,314.999998,324.999988,324.999988,99.71331428571429,99.57006666666666,99.71105714285714,99.64972857142857,-2.4263333333333335,-2.4705000000000004,-2.7618333333333336,-2.5848333333333335,-0.06666666666666998,-0.3466666666666711,2.75,4.3655,70.034,47.9295,70.063,60.772999999999996,92.259,56.9005,85.656,73.9455,89.254,54.5355,84.57300000000001,71.8835,85.8,52.8925,83.1785,70.169,1.6705,-1.7320000000000002,0.10247500000000001,0.13434500000000002,0.0,135.495,133.03,135.05333333333334,135.05333333333334,0.0,0.0
726,0.0,0.0,0.0,1.0,1.0,0.0,0.0,1.0,0.0,100.0,1.0,1.1856,26.0,0.0,0.0,0.0,57.999998,0.0,26.0,26.0,26.0,26.0,-2.075555555555556,0.6174000000000002,0.069,303.207,-2.128,-3.55975,-0.4649,-2.4584,-528.1800000000001,195.345,194.120125,0.0,0.0,0.0,0.0,0.8526666666666667,-5.498166666666667,-5.498166666666667,-1.1365,0.2613333333333333,2.4785555555555554,-3.835,43.051,-1.1766,-0.164025,22.650000000000002,100.0,0.0,0.0,135.91,0.0,0.0,0.0,0.0,0.0,0.0,0.0,7735.1,0.0,55.0,3.0,154.97666666666666,0.0,0.0,0.0,0.0,0.0,0.0,0.0,0.0,36.306,36.306,0.0,17.284,0.0,55.0,616.79921,10000.0,85.000001,85.000001,85.000001,85.000001,395.0,0.0,0.0,0.0,1.0,333.33500000000004,63.354,63.354,54.489,54.489,34.0,-74.5875,-5.911999999999999,-64.70666666666666,-13.1325,0.0,1746.633,24.07,100.0,25.922,13.278,46.57,22.698999999999998,0.0,0.0,100.0,0.0,0.0,0.0,0.0,4127.75,557.0999999999999,4580.5,1870.4,304.2955,313.48266666666666,315.494,321.143,27.0533,23.5107,27.0561,25.5674,314.999998,314.999998,324.999988,324.999988,99.71352857142857,99.5701,99.7114,99.6499,-2.456,-2.48475,-2.394,-2.202,-0.03333333333333144,-0.2816666666666663,2.7135,4.106,70.083,47.942,70.1,60.7965,92.289,56.8825,85.7305,73.973,89.285,54.5185,84.65,71.9095,85.826,52.876,83.253,70.19066666666667,1.8205,-1.87,0.09694000000000001,0.10426,0.0,136.185,134.135,135.91,135.91,0.0,0.0
727,0.0,0.0,0.0,1.0,1.0,0.0,0.0,1.0,0.0,100.0,1.0,1.1856,26.0,0.0,0.0,0.0,57.999998,0.0,26.0,26.0,26.0,26.0,-1.963888888888889,0.7002000000000002,-0.02205,303.696,-2.2072,-3.439125,-0.53495,-2.4103000000000003,-526.31,196.515,194.086625,0.0,0.0,0.0,0.0,0.8539666666666667,-5.498166666666667,-5.498166666666667,-1.1388,1.334,2.273,-3.521,43.363,-1.0909,-0.147925,23.912,100.0,0.0,0.0,136.89333333333335,0.0,0.0,0.0,0.0,0.0,0.0,0.0,7791.0,0.0,55.0,3.0,156.09,1.0,0.0,0.0,0.0,0.0,0.0,0.0,0.0,36.357,36.357,0.0,17.284,1.0,55.0,616.79921,10000.0,85.000001,85.000001,85.000001,85.000001,395.0,0.0,0.0,0.0,1.0,333.33500000000004,64.041,64.041,54.611,54.611,34.0,-67.73,-6.052,-63.346666666666664,-15.055,0.0,1746.581,23.985,100.0,25.446,13.455,45.693,22.518,0.0,0.0,100.0,0.0,0.0,0.0,0.0,3726.5,565.5,4466.25,2146.6,305.3395,313.3976666666667,315.7305,320.4805,27.061700000000002,23.5128,27.0622,25.5712,314.999998,314.999998,324.999988,324.999988,99.71377142857143,99.57011666666666,99.71174285714285,99.65005714285714,-2.3093333333333335,-2.3605,-2.3343333333333334,-2.1231666666666666,-0.08500000000000085,-0.16166666666666885,2.6855,4.2075,70.136,47.955,70.139,60.82,92.318,56.869,85.7935,73.98949999999999,89.315,54.506,84.7165,71.9245,85.853,52.8635,83.3165,70.20233333333333,1.8395000000000001,-1.8975,0.11368500000000001,0.11947500000000001,0.0,137.315,135.09,136.89333333333335,136.89333333333335,0.0,0.0
728,0.0,0.0,0.0,1.0,1.0,0.0,0.0,1.0,0.0,100.0,1.0,1.1856,26.0,0.0,0.0,0.0,57.999998,0.0,26.0,26.0,26.0,26.0,-1.9242222222222223,0.6954,-0.00865,304.062,-2.1978999999999997,-3.42675,-0.51085,-2.4283,-524.29,197.7175,194.049875,0.0,0.0,0.0,0.0,0.8553333333333334,-5.498166666666667,-5.498166666666667,-1.1396,0.3886666666666666,1.983,-4.361000000000001,43.702,-1.0291000000000001,-0.1403,23.252,100.0,0.0,0.0,137.68666666666667,0.0,0.0,0.0,0.0,0.0,0.0,0.0,7836.2,0.0,55.0,3.0,157.30333333333334,0.0,0.0,0.0,0.0,0.0,0.0,0.0,0.0,36.411,36.411,0.0,17.284,0.0,55.0,616.79921,10000.0,85.000001,85.000001,85.000001,85.000001,395.0,0.0,0.0,0.0,1.0,166.665,64.865,64.865,54.489,54.489,34.0,-66.0125,-3.3980000000000032,-67.53,-14.467500000000001,0.0,1746.529,24.875,100.0,24.853,13.083,45.75,22.814,0.0,0.0,100.0,0.0,0.0,0.0,0.0,3641.0,339.4000000000001,4572.125,2057.7,305.574,313.9456666666667,315.5255,320.59375,27.0705,23.5149,27.0688,25.5753,314.999998,314.999998,324.999988,324.999988,99.714,99.57016666666667,99.71208571428572,99.65022857142857,-2.2906666666666666,-2.348,-2.2125,-2.0046666666666666,-0.11833333333333229,-0.2049999999999983,2.5425,3.9865,70.191,47.9685,70.18,60.846000000000004,92.34100000000001,56.853,85.857,74.0095,89.338,54.491,84.783,71.9435,85.872,52.8485,83.38,70.21766666666667,1.9060000000000001,-1.9615,0.11220500000000001,0.11413500000000001,0.0,138.315,136.17000000000002,137.68666666666667,137.68666666666667,0.0,0.0
729,0.0,0.0,0.0,1.0,1.0,0.0,0.0,1.0,0.0,100.0,1.0,1.1856,26.0,0.0,0.0,0.0,57.999998,0.0,26.0,26.0,26.0,26.0,-1.8125555555555555,0.7004000000000001,-0.0539,304.871,-2.2455499999999997,-3.417375,-0.57665,-2.3219000000000003,-522.45,198.7525,194.015125,0.0,0.0,0.0,0.0,0.8565666666666667,-5.498166666666667,-5.498166666666667,-1.2006000000000001,-1.4733333333333336,1.7835555555555556,-4.064,44.0,-1.0072,-0.139925,22.266,100.0,0.0,0.0,138.54666666666665,0.0,0.0,0.0,0.0,0.0,0.0,0.0,7885.1,0.0,55.0,3.0,158.37333333333333,1.0,0.0,0.0,0.0,0.0,0.0,0.0,0.0,36.459,36.459,0.0,17.284,1.0,55.0,616.79921,10000.0,85.000001,85.000001,85.000001,85.000001,395.0,0.0,0.0,0.0,1.0,166.665,66.147,66.147,54.611,54.611,34.0,-54.4975,-3.921999999999997,-64.11666666666667,-15.25,0.0,1746.482,26.53,100.0,23.676000000000002,12.542,45.296,22.993000000000002,0.0,0.0,100.0,0.0,0.0,0.0,0.0,3246.5,387.4000000000001,4418.875,2147.1,306.691,313.9033333333333,315.897,320.394,27.0781,23.5169,27.0745,25.579,314.999998,314.999998,324.999988,324.999988,99.7142,99.57018333333333,99.71238571428572,99.65038571428572,-2.462666666666667,-2.4850000000000003,-2.1348333333333334,-1.9175,-0.10999999999999943,-0.298333333333332,2.5995,3.899,70.238,47.9805,70.21600000000001,60.8685,92.358,56.83,85.906,74.025,89.355,54.47,84.83500000000001,71.958,85.887,52.8275,83.4295,70.229,2.0460000000000003,-2.0789999999999997,0.106035,0.11090000000000001,0.0,139.12,136.985,138.54666666666668,138.54666666666665,0.0,0.0
730,0.0,0.0,0.0,1.0,1.0,0.0,0.0,1.0,0.0,100.0,1.0,1.1856,26.0,0.0,0.0,0.0,57.999998,0.0,26.0,26.0,26.0,26.0,-1.9260000000000002,0.6176000000000001,0.010450000000000001,304.749,-2.2053,-3.380875,-0.55455,-2.3904,-520.59,199.76,193.977375,0.0,0.0,0.0,0.0,0.8578,-5.498166666666667,-5.498166666666667,-1.3087,-0.1463333333333332,1.5025555555555554,-5.433,44.279,-1.0004,-0.1791,25.75,100.0,0.0,0.0,140.05,0.0,0.0,0.0,0.0,0.0,0.0,0.0,7970.7,0.0,55.0,3.0,159.38666666666666,0.0,0.0,0.0,0.0,0.0,0.0,1.0,0.0,36.507000000000005,36.507000000000005,0.0,17.284,0.0,55.0,616.79921,10000.0,85.000001,85.000001,85.000001,85.000001,395.0,0.0,0.0,0.0,1.0,166.665,64.545,64.545,55.511,55.511,34.0,-68.76,-10.056000000000004,-63.78,-9.09,0.0,1746.432,28.43,100.0,23.843,12.737,44.699,22.432,0.0,0.0,100.0,0.0,0.0,0.0,0.0,3870.625,823.3,4362.875,1662.6,304.8765,312.569,316.04675,321.447,27.0859,23.5188,27.0802,25.5825,314.999998,314.999998,324.999988,324.999988,99.71442857142857,99.57021666666667,99.71265714285714,99.65051428571428,-2.457,-2.47825,-2.1798333333333337,-1.9851666666666667,-0.10166666666666657,-0.18333333333333002,2.509,4.684,70.287,47.9925,70.251,60.891,92.385,56.822,85.949,74.033,89.383,54.4625,84.8805,71.96600000000001,85.911,52.82,83.473,70.23366666666666,2.2035,-2.2435,0.10908000000000001,0.11746500000000001,0.0,140.12,137.945,139.84,140.26,0.0,0.0
731,0.0,0.0,0.0,1.0,1.0,0.0,0.0,1.0,0.0,100.0,1.0,1.1856,26.0,0.0,0.0,0.0,57.999998,0.0,26.0,26.0,26.0,26.0,-1.8846666666666665,0.7793000000000001,-0.0507,305.191,-2.1628499999999997,-3.46475,-0.4226,-2.3558000000000003,-518.45,200.85750000000002,193.931875,0.0,0.0,0.0,0.0,0.8592000000000001,-5.498166666666667,-5.498166666666667,-1.2947,0.5333333333333333,1.202111111111111,-4.279,44.61,-1.1665,-0.10395,26.524,100.0,0.0,0.0,140.79,0.0,0.0,0.0,0.0,0.0,0.0,0.0,8012.8,0.0,55.0,3.0,160.57333333333332,1.0,0.0,0.0,0.0,0.0,0.0,1.0,0.0,36.561,36.561,0.0,17.284,1.0,55.0,616.79921,10000.0,85.000001,85.000001,85.000001,85.000001,395.0,0.0,0.0,0.0,1.0,166.665,66.635,66.635,54.703,54.703,34.0,-59.2725,-2.219999999999999,-71.38666666666667,-17.0725,0.0,1746.379,25.525,100.0,23.47,12.097,44.365,21.984,0.0,0.0,100.0,0.0,0.0,0.0,0.0,3472.875,253.39999999999964,5048.25,2363.2,306.361,314.33566666666667,314.807,320.11125,27.0947,23.5209,27.0867,25.5865,314.999998,314.999998,324.999988,324.999988,99.71465714285715,99.57025,99.71301428571428,99.65068571428571,-2.4243333333333332,-2.435,-2.4343333333333335,-2.2335000000000003,-0.07666666666666799,-0.3016666666666694,2.761,4.327500000000001,70.342,48.006,70.292,60.916,92.411,56.799,86.013,74.0505,89.40899999999999,54.441,84.9475,71.982,85.934,52.799,83.537,70.24633333333334,1.9809999999999999,-2.0205,0.10906500000000001,0.11757000000000001,0.0,141.275,138.695,140.79,140.79,0.0,0.0
732,0.0,0.0,0.0,1.0,1.0,0.0,0.0,1.0,0.0,100.0,1.0,1.1856,26.0,0.0,0.0,0.0,57.999998,0.0,26.0,26.0,26.0,26.0,-1.9135555555555555,0.5565,-0.02435,304.916,-2.1159,-3.511375,-0.43294999999999995,-2.3937,-516.64,201.74,193.892625,0.0,0.0,0.0,0.0,0.8604,-5.498166666666667,-5.498166666666667,-1.3439,-0.556,0.9207777777777777,-6.414,44.878,-1.1668,-0.15557500000000002,25.486,100.0,0.0,0.0,141.7,0.0,0.0,0.0,0.0,0.0,0.0,0.0,8064.6,0.0,55.0,3.0,161.55666666666667,0.0,0.0,0.0,0.0,0.0,0.0,1.0,0.0,36.606,36.606,0.0,17.284,0.0,55.0,616.79921,10000.0,85.000001,85.000001,85.000001,85.000001,395.0,0.0,0.0,0.0,1.0,166.665,65.079,65.079,56.107,56.107,34.0,-73.045,-3.6880000000000024,-61.980000000000004,-10.9175,0.0,1746.334,26.410000000000004,100.0,23.987000000000002,12.165,45.189,22.58,0.0,0.0,100.0,0.0,0.0,0.0,0.0,4160.375,327.7999999999997,4435.25,1591.3,304.5485,313.7776666666667,316.11075,321.4605,27.1021,23.5227,27.0923,25.5901,314.999998,314.999998,324.999988,324.999988,99.71488571428571,99.57026666666667,99.71331428571429,99.65084285714286,-2.51,-2.5465,-2.3725,-2.1665,-0.09499999999999886,-0.2183333333333266,2.6355,4.157,70.388,48.016999999999996,70.327,60.938,92.441,56.783500000000004,86.0715,74.0735,89.44,54.426500000000004,85.009,72.0035,85.961,52.7845,83.596,70.26433333333334,2.0275,-2.0760000000000005,0.10771000000000001,0.11510000000000001,0.0,141.98,139.69,141.7,141.7,0.0,0.0
733,0.0,0.0,0.0,1.0,1.0,0.0,0.0,1.0,0.0,100.0,1.0,1.1856,26.0,0.0,0.0,0.0,57.999998,0.0,26.0,26.0,26.0,26.0,-2.0203333333333333,0.6697000000000002,0.041800000000000004,304.413,-2.14135,-3.565375,-0.482,-2.3686,-514.56,202.7025,193.84675,0.0,0.0,0.0,0.0,0.8617333333333335,-5.498166666666667,-5.498166666666667,-1.3468,0.655,0.7087777777777777,-3.2190000000000003,45.183,-1.2388000000000001,-0.1418,26.275999999999996,100.0,0.0,0.0,142.5,0.0,0.0,0.0,0.0,0.0,0.0,0.0,8110.0,0.0,55.0,3.0,162.65333333333334,1.0,0.0,0.0,0.0,0.0,0.0,1.0,0.0,36.657,36.657,0.0,17.284,1.0,55.0,616.79921,10000.0,85.000001,85.000001,85.000001,85.000001,395.0,0.0,0.0,0.0,1.0,166.665,64.987,64.987,55.206,55.206,34.0,-66.6975,-8.326000000000008,-63.13,-17.82,0.0,1746.283,24.92,100.0,24.543,12.036999999999999,45.278999999999996,22.361,0.0,0.0,100.0,0.0,0.0,0.0,0.0,3806.75,773.5999999999999,4508.125,2337.3,305.222,313.13033333333334,315.698,320.13125,27.1106,23.5247,27.0985,25.5939,314.999998,314.999998,324.999988,324.999988,99.71515714285714,99.57028333333334,99.71367142857143,99.65101428571428,-2.4726666666666666,-2.49725,-2.492,-2.2868333333333335,-0.03833333333332689,-0.2533333333333303,2.634,4.1775,70.44200000000001,48.0295,70.366,60.962,92.481,56.7635,86.1395,74.096,89.481,54.408,85.0805,72.025,85.997,52.7665,83.665,70.28133333333334,1.939,-1.9745,0.10688,0.12319500000000001,0.0,142.995,140.6,142.5,142.5,0.0,0.0
734,0.0,0.0,0.0,1.0,1.0,0.0,0.0,1.0,0.0,100.0,1.0,1.1856,26.0,0.0,0.0,0.0,57.999998,0.0,26.0,26.0,26.0,26.0,-2.0010000000000003,0.6615,0.0635,304.276,-2.1019,-3.6095,-0.45455,-2.3952999999999998,-512.44,203.6225,193.800875,0.0,0.0,0.0,0.0,0.8630666666666666,-5.498166666666667,-5.498166666666667,-1.3199,1.0263333333333333,0.4394444444444443,-3.532,45.48,-1.2708000000000002,-0.136025,25.740000000000002,100.0,0.0,0.0,143.56,0.0,0.0,0.0,0.0,0.0,0.0,0.0,8170.5,0.0,55.0,3.0,163.73333333333332,0.0,0.0,0.0,0.0,0.0,0.0,1.0,0.0,36.708,36.708,0.0,17.284,0.0,55.0,616.79921,10000.0,85.000001,85.000001,85.000001,85.000001,395.0,0.0,0.0,0.0,1.0,166.665,64.667,64.667,56.183,56.183,34.0,-79.545,-1.8459999999999965,-65.6,-13.2575,0.0,1746.232,23.619999999999997,100.0,25.041,11.997,45.416,22.608,0.0,0.0,100.0,0.0,0.0,0.0,0.0,4328.375,221.69999999999982,4731.75,1817.9,303.7385,314.43833333333333,315.31475,320.96375,27.1193,23.5267,27.1048,25.5978,314.999998,314.999998,324.999988,324.999988,99.71542857142857,99.57031666666667,99.71405714285714,99.65118571428572,-2.4366666666666665,-2.4815,-2.5105,-2.317,-0.10333333333333172,-0.3399999999999963,2.737,4.228,70.496,48.042,70.405,60.9865,92.523,56.742000000000004,86.211,74.1215,89.523,54.388,85.1555,72.049,86.035,52.7465,83.7365,70.30166666666666,1.8315000000000001,-1.8810000000000002,0.10546000000000001,0.13137500000000002,0.0,143.93,141.46,143.56,143.56,0.0,0.0
735,0.0,0.0,0.0,1.0,1.0,0.0,0.0,1.0,0.0,100.0,1.0,1.1856,26.0,0.0,0.0,0.0,57.999998,0.0,26.0,26.0,26.0,26.0,-2.0955555555555554,0.6957,0.10515000000000001,303.589,-2.077,-3.5616250000000003,-0.5717,-2.4209,-510.40999999999997,204.4525,193.757625,0.0,0.0,0.0,0.0,0.8643666666666666,-5.498166666666667,-5.498166666666667,-1.2899,0.44533333333333336,0.2589999999999999,-4.542,45.773,-1.2577,-0.136725,23.92,100.0,0.0,0.0,143.92333333333335,0.0,0.0,0.0,0.0,0.0,0.0,0.0,8191.1,0.0,55.0,3.0,164.77666666666667,1.0,0.0,0.0,0.0,0.0,0.0,1.0,0.0,36.756,36.756,0.0,17.284,1.0,55.0,616.79921,10000.0,85.000001,85.000001,85.000001,85.000001,395.0,0.0,0.0,0.0,1.0,333.33500000000004,64.545,64.545,55.115,55.115,34.0,-75.0,-4.694000000000003,-68.93,-22.9825,0.0,1746.182,23.355000000000004,100.0,24.963,12.16,45.853,23.223,0.0,0.0,100.0,0.0,0.0,0.0,0.0,4205.75,431.5,4715.875,2731.6,304.4275,313.6236666666667,315.476,319.32175,27.1274,23.5286,27.1109,25.6016,314.999998,314.999998,324.999988,324.999988,99.71568571428571,99.57035,99.71441428571428,99.65138571428571,-2.464,-2.49175,-2.4326666666666665,-2.2133333333333334,-0.13333333333332575,-0.29999999999999716,2.4305,3.8355,70.546,48.054,70.443,61.01,92.562,56.721000000000004,86.2845,74.154,89.562,54.3685,85.2325,72.08,86.07,52.728,83.8105,70.328,1.7985000000000002,-1.8425000000000002,0.102315,0.1305,0.0,144.75,142.5,143.92333333333335,143.92333333333335,0.0,0.0
736,0.0,0.0,0.0,1.0,1.0,0.0,0.0,1.0,0.0,100.0,1.0,1.1856,26.0,0.0,0.0,0.0,57.999998,0.0,26.0,26.0,26.0,26.0,-1.9516666666666667,0.6948000000000001,-0.029300000000000003,304.016,-2.0446,-3.59175,-0.47029999999999994,-2.3609999999999998,-508.22,205.29250000000002,193.712875,0.0,0.0,0.0,0.0,0.8657333333333335,-5.498166666666667,-5.498166666666667,-1.2572,0.8109999999999999,0.06899999999999995,-1.1869999999999998,46.068,-1.2338,-0.133525,23.54,100.0,0.0,0.0,145.11666666666667,0.0,0.0,0.0,0.0,0.0,0.0,0.0,8259.0,0.0,55.0,3.0,165.83666666666667,0.0,0.0,0.0,0.0,0.0,0.0,1.0,0.0,36.807,36.807,0.0,17.284,0.0,55.0,616.79921,10000.0,85.000001,85.000001,85.000001,85.000001,395.0,0.0,0.0,0.0,1.0,333.33500000000004,65.262,65.262,54.84,54.84,34.0,-70.655,-1.4819999999999993,-74.8,-16.6,0.0,1746.131,22.79,100.0,25.312,11.895,45.859,23.231,0.0,0.0,100.0,0.0,0.0,0.0,0.0,3894.125,173.79999999999973,5124.25,2197.6,304.9175,314.475,314.69125,320.4225,27.1361,23.5306,27.1173,25.6056,314.999998,314.999998,324.999988,324.999988,99.71595714285715,99.57036666666667,99.71478571428571,99.65157142857143,-2.384333333333333,-2.41875,-2.371,-2.1655,-0.060000000000002274,-0.29666666666666686,2.63,4.006,70.601,48.066,70.483,61.035,92.601,56.6975,86.3535,74.1755,89.602,54.347,85.3045,72.1,86.106,52.7065,83.87950000000001,70.34433333333334,1.749,-1.7965,0.10972000000000001,0.12005,0.0,145.655,143.39,145.11666666666667,145.11666666666667,0.0,0.0
737,0.0,0.0,0.0,1.0,1.0,0.0,0.0,1.0,0.0,100.0,1.0,1.1856,26.0,0.0,0.0,0.0,57.999998,0.0,26.0,26.0,26.0,26.0,-1.8886666666666665,0.6276000000000002,-0.10025,304.367,-2.0271,-3.59625,-0.6023499999999999,-2.3537,-506.0,206.09,193.667875,0.0,0.0,0.0,0.0,0.8671000000000001,-5.498166666666667,-5.498166666666667,-1.2779,-1.0916666666666663,-0.04899999999999993,-2.9939999999999998,46.376,-1.1844000000000001,-0.144325,21.118000000000002,100.0,0.0,0.0,145.85333333333332,0.0,0.0,0.0,0.0,0.0,0.0,0.0,8300.9,0.0,55.0,3.0,166.94333333333333,1.0,0.0,0.0,0.0,0.0,0.0,1.0,0.0,36.858000000000004,36.858000000000004,0.0,17.284,1.0,55.0,616.79921,10000.0,85.000001,85.000001,85.000001,85.000001,395.0,0.0,0.0,0.0,1.0,166.665,65.46,65.46,56.183,56.183,34.0,-70.345,-2.1380000000000052,-64.72,-17.485,0.0,1746.083,23.375,100.0,24.629,11.722,45.479,23.955,0.0,0.0,100.0,0.0,0.0,0.0,0.0,3974.125,228.69999999999982,4453.625,2236.3,305.0215,314.2803333333333,315.905,320.155,27.1445,23.5326,27.1237,25.6097,314.999998,314.999998,324.999988,324.999988,99.7162,99.57038333333334,99.7151,99.65174285714286,-2.444,-2.482,-2.2258333333333336,-2.014333333333333,-0.10999999999999943,-0.3616666666666717,2.5425,3.7335000000000003,70.653,48.0785,70.523,61.060500000000005,92.631,56.670500000000004,86.409,74.2025,89.632,54.3215,85.3625,72.126,86.133,52.6825,83.9345,70.366,1.778,-1.819,0.105285,0.11048500000000001,0.0,146.485,144.32999999999998,145.85333333333332,145.85333333333332,0.0,0.0
738,0.0,0.0,0.0,1.0,1.0,0.0,0.0,1.0,0.0,100.0,1.0,1.1856,26.0,0.0,0.0,0.0,57.999998,0.0,26.0,26.0,26.0,26.0,-1.8232222222222223,0.6621000000000001,-0.07145,304.703,-2.05985,-3.617,-0.62995,-2.3398000000000003,-503.75,206.8475,193.621625,0.0,0.0,0.0,0.0,0.8685,-5.498166666666667,-5.498166666666667,-1.3058,-0.27466666666666684,-0.17888888888888888,-1.068,46.674,-1.1654,-0.141675,22.148000000000003,100.0,0.0,0.0,146.97333333333333,0.0,0.0,0.0,0.0,0.0,0.0,0.0,8364.6,0.0,55.0,3.0,168.01666666666665,0.0,0.0,0.0,0.0,0.0,0.0,1.0,0.0,36.909,36.909,0.0,17.284,0.0,55.0,616.79921,10000.0,85.000001,85.000001,85.000001,85.000001,395.0,0.0,0.0,0.0,1.0,166.665,65.643,65.643,57.175,57.175,34.0,-69.235,-2.2220000000000013,-59.653333333333336,-17.3975,0.0,1746.032,22.845,100.0,24.612,11.644,44.815,23.838,0.0,0.0,100.0,0.0,0.0,0.0,0.0,3836.25,253.19999999999982,4213.75,2327.1,305.169,314.30133333333333,316.3335,320.07375,27.153100000000002,23.5345,27.1299,25.6137,314.999998,314.999998,324.999988,324.999988,99.71645714285714,99.5704,99.71541428571429,99.65191428571428,-2.362,-2.3975,-2.2208333333333337,-2.0048333333333335,-0.12333333333332774,-0.3200000000000003,2.626,3.903,70.707,48.091,70.562,61.085499999999996,92.666,56.644999999999996,86.46000000000001,74.221,89.668,54.298,85.416,72.1435,86.16499999999999,52.6595,83.9855,70.38,1.7600000000000002,-1.8010000000000002,0.11034500000000001,0.1223,0.0,147.475,145.28,146.97333333333333,146.97333333333333,0.0,0.0
739,0.0,0.0,0.0,1.0,1.0,0.0,0.0,1.0,0.0,100.0,1.0,1.1856,26.0,0.0,0.0,0.0,57.999998,0.0,26.0,26.0,26.0,26.0,-1.7423333333333333,0.6393,-0.11805,305.145,-2.11345,-3.58425,-0.6052,-2.2681,-501.61,207.525,193.575875,0.0,0.0,0.0,0.0,0.8698,-5.498166666666667,-5.498166666666667,-1.3486,-1.7736666666666667,-0.27122222222222225,-1.671,46.965,-1.1636,-0.134525,20.326,100.0,0.0,0.0,147.69666666666666,0.0,0.0,0.0,0.0,0.0,0.0,0.0,8405.8,0.0,55.0,3.0,169.06333333333333,1.0,0.0,0.0,0.0,0.0,0.0,1.0,0.0,36.957,36.957,0.0,17.284,1.0,55.0,616.79921,10000.0,85.000001,85.000001,85.000001,85.000001,395.0,0.0,0.0,0.0,1.0,333.33500000000004,66.467,66.467,57.373,57.373,34.0,-64.17750000000001,-1.3400000000000034,-61.14333333333333,-17.295,0.0,1745.981,22.480000000000004,100.0,23.887,11.359,44.326,24.261,0.0,0.0,100.0,0.0,0.0,0.0,0.0,3653.875,171.79999999999973,4280.75,2268.5,305.776,314.562,316.3055,320.13025,27.1609,23.5364,27.1358,25.6175,314.999998,314.999998,324.999988,324.999988,99.71668571428572,99.57041666666667,99.71571428571428,99.65208571428572,-2.387,-2.4282500000000002,-2.1455,-1.9355,-0.10333333333333172,-0.48833333333332973,2.5925,3.7415000000000003,70.756,48.1025,70.599,61.1095,92.689,56.6115,86.506,74.2445,89.69200000000001,54.266999999999996,85.4645,72.1655,86.186,52.6295,84.0315,70.39866666666667,1.726,-1.7690000000000001,0.10369,0.119385,0.0,148.26,145.985,147.69666666666666,147.69666666666666,0.0,0.0
740,0.0,0.0,0.0,1.0,1.0,0.0,0.0,1.0,0.0,100.0,1.0,1.1856,26.0,0.0,0.0,0.0,57.999998,0.0,26.0,26.0,26.0,26.0,-1.7495555555555555,0.6403000000000001,-0.0868,305.298,-2.1465,-3.59525,-0.6372,-2.2464,-499.3,208.20499999999998,193.524625,0.0,0.0,0.0,0.0,0.8712000000000001,-5.498166666666667,-5.498166666666667,-1.4329,-1.2883333333333336,-0.3780000000000001,-1.551,47.261,-1.147,-0.154775,21.43,100.0,0.0,0.0,148.94,0.0,0.0,0.0,0.0,0.0,0.0,0.0,8476.6,0.0,55.0,3.0,170.12666666666667,0.0,0.0,0.0,0.0,0.0,0.0,0.0,0.0,37.007999999999996,37.007999999999996,0.0,17.284,0.0,55.0,616.79921,10000.0,85.000001,85.000001,85.000001,85.000001,395.0,0.0,0.0,0.0,1.0,333.33500000000004,65.903,65.903,58.578,58.578,34.0,-69.9875,-2.711999999999996,-56.21,-14.322500000000002,0.0,1745.93,22.115000000000002,100.0,23.924,11.468,43.539,24.14,0.0,0.0,100.0,0.0,0.0,0.0,0.0,3853.125,289.5,4106.75,2045.4,305.1035,314.132,316.66275,320.624,27.1694,23.5383,27.142,25.6215,314.999998,314.999998,324.999988,324.999988,99.71692857142857,99.57043333333333,99.71601428571428,99.65225714285714,-2.324333333333333,-2.36225,-2.1435,-1.93,-0.14666666666666828,-0.32166666666666544,2.767,3.9705000000000004,70.809,48.1145,70.637,61.1345,92.719,56.584,86.5495,74.261,89.72200000000001,54.241,85.511,72.1815,86.212,52.605000000000004,84.075,70.41133333333333,1.7225000000000001,-1.7605,0.10541500000000001,0.11178,0.0,149.25,147.11,148.94,148.94,0.0,0.0
741,0.0,0.0,0.0,1.0,1.0,0.0,0.0,1.0,0.0,100.0,1.0,1.1856,26.0,0.0,0.0,0.0,57.999998,0.0,26.0,26.0,26.0,26.0,-1.7305555555555556,0.6516000000000002,-0.15925,305.588,-2.116,-3.571375,-0.6337999999999999,-2.1948,-497.11,208.8125,193.473375,0.0,0.0,0.0,0.0,0.8725333333333334,-5.498166666666667,-5.498166666666667,-1.4811,-1.375,-0.4632222222222224,-1.412,47.549,-1.1764000000000001,-0.14325000000000002,20.98,100.0,0.0,0.0,149.67666666666668,0.0,0.0,0.0,0.0,0.0,0.0,0.0,8518.6,0.0,55.0,3.0,171.16666666666666,1.0,0.0,0.0,0.0,0.0,0.0,0.0,0.0,37.056,37.056,0.0,17.284,1.0,55.0,616.79921,10000.0,85.000001,85.000001,85.000001,85.000001,395.0,0.0,0.0,0.0,1.0,333.33500000000004,66.605,66.605,58.578,58.578,34.0,-65.805,-1.544000000000004,-57.81666666666667,-15.925,0.0,1745.884,20.525,100.0,23.652,11.327,43.167,24.15,0.0,0.0,100.0,0.0,0.0,0.0,0.0,3627.125,176.0,4134.75,2101.7,305.8095,314.4,316.54925,320.378,27.1773,23.5402,27.1478,25.6253,314.999998,314.999998,324.999988,324.999988,99.71715714285715,99.57045,99.71631428571429,99.65242857142857,-2.235,-2.28475,-2.17,-1.9635,-0.1216666666666697,-0.37666666666666515,2.6665,3.8325,70.858,48.126,70.674,61.158500000000004,92.74000000000001,56.554,86.593,74.2805,89.745,54.213499999999996,85.557,72.2005,86.232,52.578,84.118,70.42666666666666,1.5865,-1.6325000000000003,0.11556000000000001,0.104925,0.0,150.15,147.925,149.67666666666668,149.67666666666668,0.0,0.0
742,0.0,0.0,0.0,1.0,1.0,0.0,0.0,1.0,0.0,100.0,1.0,1.1856,26.0,0.0,0.0,0.0,57.999998,0.0,26.0,26.0,26.0,26.0,-1.7632222222222222,0.6625000000000001,-0.041800000000000004,305.435,-2.0911999999999997,-3.601125,-0.6991,-2.2026000000000003,-494.61,209.45,193.412375,0.0,0.0,0.0,0.0,0.8740333333333334,-5.498166666666667,-5.498166666666667,-1.5553000000000001,-1.3956666666666666,-0.5523333333333333,-0.835,47.87,-1.1736,-0.148925,20.484,100.0,0.0,0.0,150.67333333333335,0.0,0.0,0.0,0.0,0.0,0.0,0.0,8575.3,0.0,55.0,3.0,172.31666666666666,0.0,0.0,0.0,0.0,0.0,0.0,0.0,0.0,37.11,37.11,0.0,17.284,0.0,55.0,616.79921,10000.0,85.000001,85.000001,85.000001,85.000001,395.0,0.0,0.0,0.0,1.0,166.665,66.315,66.315,58.838,58.838,34.0,-71.5275,-2.254000000000005,-59.18333333333334,-16.0475,0.0,1745.831,19.225,100.0,23.596,11.267,42.874,24.14,0.0,0.0,100.0,0.0,0.0,0.0,0.0,3855.25,262.5999999999999,4220.25,2174.6,305.261,314.24266666666665,316.29525,320.37975,27.1862,23.5422,27.1544,25.6296,314.999998,314.999998,324.999988,324.999988,99.7174,99.57045,99.71664285714286,99.65261428571428,-2.1846666666666668,-2.21325,-2.1316666666666664,-1.9296666666666669,-0.10333333333333172,-0.35999999999999943,2.722,3.84,70.914,48.138999999999996,70.715,61.185,92.763,56.5195,86.641,74.3015,89.769,54.1815,85.6075,72.221,86.252,52.5475,84.1655,70.44333333333333,1.5065,-1.54,0.10584,0.11110500000000001,0.0,151.11,148.995,150.67333333333335,150.67333333333335,0.0,0.0
743,0.0,0.0,0.0,1.0,1.0,0.0,0.0,1.0,0.0,100.0,1.0,1.1856,26.0,0.0,0.0,0.0,57.999998,0.0,26.0,26.0,26.0,26.0,-1.7475555555555555,0.653,-0.1072,305.405,-2.0789999999999997,-3.583375,-0.6817,-2.1906,-492.37,209.98250000000002,193.35525,0.0,0.0,0.0,0.0,0.8754000000000001,-5.498166666666667,-5.498166666666667,-1.5992000000000002,-1.0523333333333333,-0.6195555555555559,-1.809,48.157,-1.1692,-0.14625000000000002,19.986,100.0,0.0,0.0,151.4,0.0,0.0,0.0,0.0,0.0,0.0,0.0,8616.5,0.0,55.0,3.0,173.35,1.0,0.0,0.0,0.0,0.0,0.0,0.0,0.0,37.158,37.158,0.0,17.284,1.0,55.0,616.79921,10000.0,85.000001,85.000001,85.000001,85.000001,395.0,0.0,0.0,0.0,1.0,333.33500000000004,66.483,66.483,58.899,58.899,34.0,-73.19,-2.0559999999999974,-61.6,-17.830000000000002,0.0,1745.781,17.505000000000003,100.0,23.362000000000002,11.224,42.627,24.286,0.0,0.0,100.0,0.0,0.0,0.0,0.0,3872.875,237.79999999999973,4311.25,2318.1,305.2885,314.20033333333333,316.27125,320.02075,27.1942,23.544,27.1602,25.6335,314.999998,314.999998,324.999988,324.999988,99.71761428571429,99.57046666666666,99.71692857142857,99.65278571428571,-2.0456666666666665,-2.0780000000000003,-2.1036666666666664,-1.895,-0.08500000000000085,-0.3200000000000003,2.6045,3.7015000000000002,70.964,48.15,70.751,61.2095,92.78,56.4925,86.6815,74.3225,89.787,54.1565,85.6505,72.241,86.268,52.523,84.2055,70.46033333333334,1.3595000000000002,-1.3975,0.10951000000000001,0.11462000000000001,0.0,152.01,150.01,151.4,151.4,0.0,0.0
744,0.0,0.0,0.0,1.0,1.0,0.0,0.0,1.0,0.0,100.0,1.0,1.1856,26.0,0.0,0.0,0.0,57.999998,0.0,26.0,26.0,26.0,26.0,-1.7464444444444445,0.6306,-0.0367,304.886,-2.04795,-3.63225,-0.7174,-2.1878,-490.11,210.4775,193.2965,0.0,0.0,0.0,0.0,0.8767333333333335,-5.498166666666667,-5.498166666666667,-1.6167,0.07733333333333337,-0.6883333333333335,-1.349,48.443,-1.1417000000000002,-0.14552500000000002,19.826,100.0,0.0,0.0,152.26,0.0,0.0,0.0,0.0,0.0,0.0,0.0,8665.5,0.0,55.0,3.0,174.37666666666667,0.0,0.0,0.0,0.0,0.0,0.0,0.0,0.0,37.206,37.206,0.0,17.284,0.0,55.0,616.79921,10000.0,85.000001,85.000001,85.000001,85.000001,395.0,0.0,0.0,0.0,1.0,166.665,65.598,65.598,59.021,59.021,34.0,-80.245,-3.1899999999999977,-61.61666666666667,-17.7,0.0,1745.734,15.445,100.0,23.933,11.436,42.674,24.394,0.0,0.0,100.0,0.0,0.0,0.0,0.0,4106.5,379.0,4268.5,2320.1,304.6425,313.7923333333333,316.2975,320.01125,27.2023,23.5457,27.1661,25.6374,314.999998,314.999998,324.999988,324.999988,99.71781428571428,99.5705,99.71722857142858,99.65295714285715,-1.8516666666666666,-1.8885,-2.0553333333333335,-1.8375000000000001,-0.06333333333333258,-0.2083333333333286,2.5595,3.6185,71.014,48.161,70.788,61.2335,92.79599999999999,56.469,86.7225,74.3415,89.804,54.1345,85.6935,72.2595,86.282,52.502,84.246,70.47566666666667,1.1910000000000003,-1.238,0.102525,0.12081000000000001,0.0,152.95499999999998,151.07999999999998,152.26,152.26,0.0,0.0
745,0.0,0.0,0.0,1.0,1.0,0.0,0.0,1.0,0.0,100.0,1.0,1.1856,26.0,0.0,0.0,0.0,57.999998,0.0,26.0,26.0,26.0,26.0,-1.726777777777778,0.6719000000000002,-0.00625,304.169,-2.03055,-3.635125,-0.72685,-2.1654999999999998,-487.67,210.9625,193.23325,0.0,0.0,0.0,0.0,0.8782000000000001,-5.498166666666667,-5.498166666666667,-1.5791000000000002,0.2533333333333334,-0.7268888888888889,0.3740000000000001,48.757,-1.0925,-0.11960000000000001,17.6,100.0,0.0,0.0,152.75333333333333,0.0,0.0,0.0,0.0,0.0,0.0,0.0,8693.5,0.0,55.0,3.0,175.50333333333333,1.0,0.0,0.0,0.0,0.0,0.0,0.0,0.0,37.257000000000005,37.257000000000005,0.0,17.284,1.0,55.0,616.79921,10000.0,85.000001,85.000001,85.000001,85.000001,395.0,0.0,0.0,0.0,1.0,166.665,65.628,65.628,57.846000000000004,57.846000000000004,34.0,-74.395,-3.4980000000000047,-68.05,-22.4675,0.0,1745.684,13.46,100.0,24.311,11.565999999999999,43.207,25.092,0.0,0.0,100.0,0.0,0.0,0.0,0.0,3830.25,482.0,4459.875,2780.2,305.2455,313.67833333333334,315.89575,319.0405,27.2109,23.5476,27.1724,25.6417,314.999998,314.999998,324.999988,324.999988,99.71802857142858,99.57051666666666,99.71754285714286,99.65315714285714,-1.6756666666666666,-1.70675,-1.9160000000000001,-1.7068333333333332,-0.086666666666666,-0.2849999999999966,2.301,3.254,71.068,48.1725,70.828,61.2605,92.80199999999999,56.4425,86.765,74.3665,89.812,54.11,85.7385,72.2835,86.288,52.478,84.288,70.496,1.0190000000000001,-1.0635,0.10494,0.12424000000000002,0.0,153.91,152.16,152.75333333333333,152.75333333333333,0.0,0.0
746,0.0,0.0,0.0,1.0,1.0,0.0,0.0,1.0,0.0,100.0,1.0,1.1856,26.0,0.0,0.0,0.0,57.999998,0.0,26.0,26.0,26.0,26.0,-1.6406666666666667,0.6636000000000002,0.040400000000000005,303.391,-2.0328,-3.6235,-0.7763,-2.1837,-485.22,211.41,193.1705,0.0,0.0,0.0,0.0,0.8796333333333335,-5.498166666666667,-5.498166666666667,-1.5675000000000001,0.21466666666666656,-0.7417777777777781,0.28900000000000015,49.068,-0.9702000000000001,-0.1366,16.024,100.0,0.0,0.0,153.63,0.0,0.0,0.0,0.0,0.0,0.0,0.0,8743.5,0.0,55.0,3.0,176.61666666666667,0.0,0.0,0.0,0.0,0.0,0.0,0.0,0.0,37.308,37.308,0.0,17.284,0.0,55.0,616.79921,10000.0,85.000001,85.000001,85.000001,85.000001,395.0,0.0,0.0,0.0,1.0,166.665,64.377,64.377,57.678,57.678,34.0,-81.32,-4.294000000000004,-64.74,-18.98,0.0,1745.633,12.25,100.0,24.718,12.387,43.636,26.062,0.0,0.0,100.0,0.0,0.0,0.0,0.0,4158.625,604.5999999999999,4295.125,2651.0,304.506,313.191,316.21925,319.293,27.2195,23.5494,27.1788,25.646,314.999998,314.999998,324.999988,324.999988,99.71821428571428,99.57053333333333,99.71782857142857,99.65332857142857,-1.525,-1.5715,-1.7398333333333333,-1.5233333333333332,-0.10000000000000142,-0.18333333333333002,2.2675,3.13,71.122,48.184,70.868,61.2875,92.804,56.4195,86.7995,74.386,89.816,54.088499999999996,85.7755,72.3025,86.28999999999999,52.457,84.322,70.51166666666667,0.9279999999999999,-0.9855,0.10389500000000002,0.12069500000000001,0.0,154.81,153.29,153.63,153.63,0.0,0.0
747,0.0,0.0,0.0,1.0,1.0,0.0,0.0,1.0,0.0,100.0,1.0,1.1856,26.0,0.0,0.0,0.0,57.999998,0.0,26.0,26.0,26.0,26.0,-1.5235555555555556,0.669,0.07285,302.811,-2.04905,-3.589875,-0.8175,-2.1204,-482.89,211.79500000000002,193.112375,0.0,0.0,0.0,0.0,0.8810333333333334,-5.498166666666667,-5.498166666666667,-1.5175,1.003,-0.7152222222222222,0.38900000000000023,49.366,-0.8751,-0.11682500000000001,14.861999999999998,100.0,0.0,0.0,154.33333333333334,0.0,0.0,0.0,0.0,0.0,0.0,0.0,8783.5,0.0,55.0,3.0,177.67666666666668,1.0,0.0,0.0,0.0,0.0,0.0,0.0,0.0,37.356,37.356,0.0,17.284,1.0,55.0,616.79921,10000.0,85.000001,85.000001,85.000001,85.000001,395.0,0.0,0.0,0.0,1.0,333.33500000000004,64.194,64.194,57.098,57.098,34.0,-75.875,-3.778000000000006,-67.18666666666667,-19.560000000000002,0.0,1745.583,11.035,100.0,24.918,13.08,43.445,27.119,0.0,0.0,100.0,0.0,0.0,0.0,0.0,3984.875,640.0999999999999,4439.0,2920.2,304.943,313.074,315.99625,318.72575,27.2276,23.5512,27.1847,25.6502,314.999998,314.999998,324.999988,324.999988,99.71837142857143,99.57056666666666,99.71807142857143,99.6535,-1.345,-1.389,-1.5925,-1.3665,-0.08500000000000085,-0.17999999999999972,2.1695,2.9495,71.173,48.195,70.905,61.314,92.79599999999999,56.3995,86.8205,74.404,89.81,54.07,85.7985,72.32,86.283,52.4385,84.3425,70.526,0.8225000000000002,-0.8765000000000001,0.111265,0.117385,0.0,155.70499999999998,154.31,154.33333333333334,154.33333333333334,0.0,0.0
748,0.0,0.0,0.0,1.0,1.0,0.0,0.0,1.0,0.0,100.0,1.0,1.1856,26.0,0.0,0.0,0.0,57.999998,0.0,26.0,26.0,26.0,26.0,-1.4226666666666667,0.6419000000000001,0.09275,301.987,-2.08675,-3.5380000000000003,-0.8655999999999999,-2.0741,-480.39,212.16750000000002,193.052125,0.0,0.0,0.0,0.0,0.8825000000000001,-5.498166666666667,-5.498166666666667,-1.4671,1.0046666666666666,-0.6638888888888888,2.3979999999999997,49.682,-0.7536,-0.1218,13.39,100.0,0.0,0.0,155.14333333333335,0.0,0.0,0.0,0.0,0.0,0.0,0.0,8829.6,0.0,55.0,3.0,178.81,0.0,0.0,0.0,0.0,0.0,0.0,0.0,0.0,37.407,37.407,0.0,17.284,0.0,55.0,616.79921,10000.0,85.000001,85.000001,85.000001,85.000001,395.0,0.0,0.0,0.0,1.0,166.665,63.187,63.187,56.458,56.458,34.0,-73.6175,-4.872,-63.32666666666667,-16.545,0.0,1745.534,10.375,100.0,25.315,13.831,43.71,28.399,0.0,0.0,100.0,0.0,0.0,0.0,0.0,3958.125,981.8,4306.0,3014.0,304.911,312.24966666666666,316.18775,318.598,27.2361,23.5531,27.1911,25.6548,314.999998,314.999998,324.999988,324.999988,99.71851428571429,99.5706,99.71831428571429,99.65367142857143,-1.1829999999999998,-1.232,-1.383,-1.1638333333333333,-0.07666666666666799,-0.125,2.083,2.8,71.226,48.207,70.944,61.3425,92.779,56.3805,86.8365,74.42,89.795,54.052,85.8165,72.336,86.268,52.421,84.358,70.539,0.7595000000000001,-0.8260000000000001,0.10350000000000001,0.11920000000000001,0.0,156.64,155.43,155.14333333333335,155.14333333333335,0.0,0.0
749,0.0,0.0,0.0,1.0,1.0,0.0,0.0,1.0,0.0,100.0,1.0,1.1856,26.0,0.0,0.0,0.0,57.999998,0.0,26.0,26.0,26.0,26.0,-1.2827777777777778,0.657,0.07145,301.712,-2.1963,-3.4885,-0.9702,-2.0141,-477.72,212.5275,192.99075,0.0,0.0,0.0,0.0,0.8840666666666667,-5.498166666666667,-5.498166666666667,-1.4026,0.628,-0.5866666666666664,2.6610000000000005,50.02,-0.653,-0.110225,12.008,100.0,0.0,0.0,155.98666666666668,0.0,0.0,0.0,0.0,0.0,0.0,0.0,8877.6,0.0,55.0,3.0,180.02,1.0,0.0,0.0,0.0,0.0,0.0,0.0,0.0,37.461,37.461,0.0,17.284,1.0,55.0,616.79921,10000.0,85.000001,85.000001,85.000001,85.000001,395.0,0.0,0.0,0.0,1.0,166.665,63.583,63.583,55.771,55.771,34.0,-62.625,-3.8419999999999987,-62.21333333333333,-14.995000000000001,0.0,1745.48,9.485,100.0,24.978,14.32,43.561,29.747,0.0,0.0,100.0,0.0,0.0,0.0,0.0,3519.375,1036.3,4321.5,3264.2,305.89,312.175,316.16125,318.05325,27.245,23.5553,27.1978,25.6597,314.999998,314.999998,324.999988,324.999988,99.71864285714285,99.57063333333333,99.71854285714285,99.65385714285715,-1.0393333333333334,-1.09,-1.2276666666666667,-1.0073333333333334,-0.030000000000001137,-0.125,1.9969999999999999,2.6275,71.281,48.2205,70.986,61.373000000000005,92.75,56.36,86.8435,74.4345,89.769,54.033,85.825,72.3505,86.242,52.4025,84.364,70.55033333333333,0.6955,-0.7525,0.10550500000000002,0.11732000000000001,0.0,157.62,156.535,155.98666666666668,155.98666666666668,0.0,0.0
750,0.0,0.0,0.0,1.0,1.0,0.0,0.0,1.0,0.0,100.0,1.0,1.1856,26.0,0.0,0.0,0.0,57.999998,0.0,26.0,26.0,26.0,26.0,-1.1532222222222221,0.6198000000000001,-0.018250000000000002,301.849,-2.2462999999999997,-3.446375,-0.9776,-1.9672,-475.48,212.8025,192.94075,0.0,0.0,0.0,0.0,0.8853666666666666,-5.498166666666667,-5.498166666666667,-1.3999000000000001,-0.16833333333333322,-0.5510000000000002,1.104,50.297,-0.5799000000000001,-0.12912500000000002,11.5,100.0,0.0,0.0,156.98333333333335,0.0,0.0,0.0,0.0,0.0,0.0,0.0,8934.3,0.0,55.0,3.0,181.01666666666665,0.0,0.0,0.0,0.0,0.0,0.0,1.0,0.0,37.506,37.506,0.0,17.284,0.0,55.0,616.79921,10000.0,85.000001,85.000001,85.000001,85.000001,395.0,0.0,0.0,0.0,1.0,166.665,63.293,63.293,56.168,56.168,34.0,-65.5325,-3.4200000000000017,-56.236666666666665,-10.035,0.0,1745.434,9.45,100.0,24.503,14.76,43.225,30.546,0.0,0.0,100.0,0.0,0.0,0.0,0.0,3724.625,1055.6999999999998,4177.875,2799.7,305.566,311.972,316.51775,318.92325,27.252200000000002,23.5571,27.203400000000002,25.663800000000002,314.999998,314.999998,324.999988,324.999988,99.71872857142857,99.57065,99.71872857142857,99.65398571428571,-0.9873333333333334,-1.02425,-1.1216666666666668,-0.8973333333333334,-0.0799999999999983,-0.09166666666666856,2.106,2.66,71.326,48.232,71.021,61.3985,92.718,56.3435,86.8415,74.4415,89.739,54.018,85.825,72.3575,86.213,52.387,84.3615,70.55566666666667,0.698,-0.7545000000000002,0.10790000000000001,0.12140000000000001,0.0,158.46,157.43,156.98333333333335,156.98333333333335,0.0,0.0
751,0.0,0.0,0.0,1.0,1.0,0.0,0.0,1.0,0.0,100.0,1.0,1.1856,26.0,0.0,0.0,0.0,57.999998,0.0,26.0,26.0,26.0,26.0,-1.0775555555555556,0.6457000000000002,0.054950000000000006,302.002,-2.2628,-3.364625,-0.9898,-1.9017,-472.93,213.0875,192.884375,0.0,0.0,0.0,0.0,0.8868666666666667,-5.498166666666667,-5.498166666666667,-1.3798000000000001,0.3883333333333333,-0.5096666666666665,1.2440000000000002,50.613,-0.5469,-0.11657500000000001,11.214000000000002,100.0,0.0,0.0,157.95333333333335,0.0,0.0,0.0,0.0,0.0,0.0,0.0,8989.6,0.0,55.0,3.0,182.15333333333334,1.0,0.0,0.0,0.0,0.0,0.0,1.0,0.0,37.557,37.557,0.0,17.284,1.0,55.0,616.79921,10000.0,85.000001,85.000001,85.000001,85.000001,395.0,0.0,0.0,0.0,1.0,166.665,63.568,63.568,55.847,55.847,34.0,-56.96,-2.574000000000005,-57.153333333333336,-8.925,0.0,1745.383,8.455000000000002,100.0,24.197,15.184,42.480000000000004,30.733,0.0,0.0,100.0,0.0,0.0,0.0,0.0,3420.875,1125.6,4314.875,2833.9,306.3015,311.819,316.265,318.90375,27.2603,23.5593,27.2095,25.6684,314.999998,314.999998,324.999988,324.999988,99.71882857142857,99.57068333333333,99.71892857142858,99.65415714285714,-0.8639999999999999,-0.91575,-1.055,-0.8326666666666667,-0.07333333333333059,-0.086666666666666,2.0825,2.672,71.377,48.246,71.06,61.4275,92.675,56.327,86.83500000000001,74.4475,89.699,54.0025,85.8195,72.364,86.174,52.372,84.3545,70.56,0.6190000000000002,-0.6855000000000002,0.107365,0.11539,0.0,159.465,158.45499999999998,157.95333333333335,157.95333333333335,0.0,0.0
752,0.0,0.0,0.0,1.0,1.0,0.0,0.0,1.0,0.0,100.0,1.0,1.1856,26.0,0.0,0.0,0.0,57.999998,0.0,26.0,26.0,26.0,26.0,-0.982,0.6463000000000001,-0.06605,301.956,-2.2775499999999997,-3.3115,-1.04325,-1.9143,-470.35,213.3475,192.82825,0.0,0.0,0.0,0.0,0.8884000000000001,-5.498166666666667,-5.498166666666667,-1.3709,-0.03200000000000003,-0.47944444444444434,0.008000000000000007,50.932,-0.5134000000000001,-0.1231,10.202000000000002,100.0,0.0,0.0,158.84666666666666,0.0,0.0,0.0,0.0,0.0,0.0,0.0,9040.3,0.0,55.0,3.0,183.29666666666668,0.0,0.0,0.0,0.0,0.0,0.0,1.0,0.0,37.608000000000004,37.608000000000004,0.0,17.284,0.0,55.0,616.79921,10000.0,85.000001,85.000001,85.000001,85.000001,395.0,0.0,0.0,0.0,1.0,166.665,63.507,63.507,56.137,56.137,34.0,-55.55,-1.6739999999999995,-52.42666666666667,-7.5075,0.0,1745.332,7.254999999999999,100.0,23.765,15.584,42.173,31.333,0.0,0.0,100.0,0.0,0.0,0.0,0.0,3459.25,1113.6999999999998,4111.375,2980.5,306.312,311.677,316.66275,318.60075,27.2683,23.5616,27.2158,25.6731,314.999998,314.999998,324.999988,324.999988,99.71891428571429,99.57071666666667,99.71911428571428,99.65431428571429,-0.7809999999999999,-0.83075,-0.9861666666666666,-0.7595000000000001,-0.07666666666666799,-0.09499999999999886,2.0955,2.5965,71.42699999999999,48.26,71.099,61.4565,92.627,56.3085,86.827,74.453,89.654,53.9855,85.813,72.37,86.13,52.355000000000004,84.3455,70.564,0.5270000000000001,-0.5954999999999999,0.10225500000000001,0.115845,0.0,160.38,159.475,158.84666666666666,158.84666666666666,0.0,0.0
753,0.0,0.0,0.0,1.0,1.0,0.0,0.0,1.0,0.0,100.0,1.0,1.1856,26.0,0.0,0.0,0.0,57.999998,0.0,26.0,26.0,26.0,26.0,-0.9028888888888889,0.649,-0.0173,301.849,-2.31785,-3.271125,-1.11705,-1.8557000000000001,-467.90999999999997,213.57,192.775625,0.0,0.0,0.0,0.0,0.8898,-5.498166666666667,-5.498166666666667,-1.3583,0.33899999999999997,-0.43500000000000005,0.11299999999999999,51.231,-0.48400000000000004,-0.12415000000000001,9.372000000000002,100.0,0.0,0.0,159.72,0.0,0.0,0.0,0.0,0.0,0.0,0.0,9090.1,0.0,55.0,3.0,184.37333333333333,1.0,0.0,0.0,0.0,0.0,0.0,1.0,0.0,37.656,37.656,0.0,17.284,1.0,55.0,616.79921,10000.0,85.000001,85.000001,85.000001,85.000001,395.0,0.0,0.0,0.0,1.0,166.665,63.339,63.339,56.366,56.366,34.0,-53.115,-0.5820000000000007,-48.82333333333333,-7.449999999999999,0.0,1745.285,6.060000000000002,100.0,23.427,16.0,41.758,31.72,0.0,0.0,100.0,0.0,0.0,0.0,0.0,3453.0,1240.1999999999998,3901.5,3197.7,306.367,311.3043333333333,317.06125,318.068,27.2758,23.5638,27.2216,25.6775,314.999998,314.999998,324.999988,324.999988,99.71898571428571,99.57075,99.71928571428572,99.65445714285714,-0.6853333333333331,-0.7342500000000001,-0.9318333333333334,-0.7151666666666666,-0.04833333333333201,-0.0833333333333286,2.045,2.5295,71.474,48.2735,71.135,61.484,92.578,56.292,86.816,74.4565,89.608,53.97,85.803,72.3745,86.08500000000001,52.34,84.334,70.56666666666666,0.43500000000000005,-0.5025,0.10508,0.11249,0.0,161.29,160.465,159.72,159.72,0.0,0.0
754,0.0,0.0,0.0,1.0,1.0,0.0,0.0,1.0,0.0,100.0,1.0,1.1856,26.0,0.0,0.0,0.0,57.999998,0.0,26.0,26.0,26.0,26.0,-0.8447777777777777,0.6403000000000001,0.06735000000000001,301.62,-2.32985,-3.228625,-1.10455,-1.8249,-465.28999999999996,213.785,192.72,0.0,0.0,0.0,0.0,0.8913333333333334,-5.498166666666667,-5.498166666666667,-1.3306,0.45133333333333336,-0.3934444444444445,1.259,51.549,-0.44210000000000005,-0.116875,7.93,100.0,0.0,0.0,160.58666666666667,0.0,0.0,0.0,0.0,0.0,0.0,0.0,9139.4,0.0,55.0,3.0,185.51666666666665,0.0,0.0,0.0,0.0,0.0,0.0,1.0,0.0,37.707,37.707,0.0,17.284,0.0,55.0,616.79921,10000.0,85.000001,85.000001,85.000001,85.000001,395.0,0.0,0.0,0.0,1.0,333.33500000000004,63.263,63.263,56.0,56.0,34.0,-47.9925,0.8840000000000003,-47.07,-4.93,0.0,1745.232,5.109999999999999,100.0,23.348,16.227,41.55,32.19,0.0,0.0,100.0,0.0,0.0,0.0,0.0,3286.75,1407.8,3971.25,3357.8,306.6495,310.9766666666667,316.94375,317.80325,27.2837,23.5662,27.227800000000002,25.6822,314.999998,314.999998,324.999988,324.999988,99.71904285714285,99.57078333333334,99.71947142857142,99.65461428571429,-0.5896666666666668,-0.644,-0.8311666666666666,-0.6166666666666667,-0.061666666666667425,-0.10999999999999943,2.035,2.441,71.523,48.289,71.174,61.514,92.52,56.2735,86.8015,74.46000000000001,89.553,53.953,85.79,72.379,86.032,52.323,84.319,70.56933333333333,0.359,-0.42200000000000015,0.111225,0.109145,0.0,162.245,161.54500000000002,160.58666666666667,160.58666666666667,0.0,0.0
755,0.0,0.0,0.0,1.0,1.0,0.0,0.0,1.0,0.0,100.0,1.0,1.1856,26.0,0.0,0.0,0.0,57.999998,0.0,26.0,26.0,26.0,26.0,-0.7114444444444444,0.6328,-0.04025,301.514,-2.40695,-3.16725,-1.1329,-1.7771,-462.67,213.98000000000002,192.66525,0.0,0.0,0.0,0.0,0.8928666666666667,-5.498166666666667,-5.498166666666667,-1.3084,0.23166666666666658,-0.3472222222222223,-0.373,51.867,-0.3917,-0.118075,6.786,100.0,0.0,0.0,161.50333333333333,0.0,0.0,0.0,0.0,0.0,0.0,0.0,9191.6,0.0,55.0,3.0,186.66,1.0,0.0,0.0,0.0,0.0,0.0,1.0,0.0,37.757999999999996,37.757999999999996,0.0,17.284,1.0,55.0,616.79921,10000.0,85.000001,85.000001,85.000001,85.000001,395.0,0.0,0.0,0.0,1.0,333.33500000000004,63.232,63.232,55.71,55.71,34.0,-43.8125,1.838000000000001,-43.77333333333333,-2.2200000000000006,0.0,1745.181,4.344999999999999,100.0,22.975,16.928,41.216,32.971000000000004,0.0,0.0,100.0,0.0,0.0,0.0,0.0,3135.625,1421.3999999999999,3916.625,3371.8,307.136,310.7556666666667,317.11975,317.67675,27.2915,23.5687,27.2339,25.687,314.999998,314.999998,324.999988,324.999988,99.71911428571428,99.5708,99.71962857142857,99.65475714285714,-0.5256666666666667,-0.58675,-0.7398333333333333,-0.524,-0.06666666666666998,-0.07833333333332604,2.016,2.3565,71.572,48.304500000000004,71.212,61.544,92.457,56.255,86.7835,74.462,89.494,53.9355,85.7735,72.382,85.975,52.3065,84.3,70.57066666666667,0.29899999999999993,-0.37150000000000016,0.106935,0.111115,0.0,163.175,162.555,161.50333333333333,161.50333333333333,0.0,0.0
756,0.0,0.0,0.0,1.0,1.0,0.0,0.0,1.0,0.0,100.0,1.0,1.1856,26.0,0.0,0.0,0.0,57.999998,0.0,26.0,26.0,26.0,26.0,-0.6258888888888889,0.6277000000000001,0.055850000000000004,300.919,-2.4384,-3.126875,-1.24135,-1.7394,-460.17,214.1475,192.61425,0.0,0.0,0.0,0.0,0.8943333333333334,-5.498166666666667,-5.498166666666667,-1.2826,0.853,-0.30588888888888865,-0.09099999999999997,52.164,-0.3447,-0.12240000000000001,6.054000000000002,100.0,0.0,0.0,162.42333333333335,0.0,0.0,0.0,0.0,0.0,0.0,0.0,9243.9,0.0,55.0,3.0,187.72666666666666,0.0,0.0,0.0,0.0,0.0,0.0,1.0,0.0,37.806,37.806,0.0,17.284,0.0,55.0,616.79921,10000.0,85.000001,85.000001,85.000001,85.000001,395.0,0.0,0.0,0.0,1.0,166.665,62.347,62.347,55.42,55.42,34.0,-43.335,4.0440000000000005,-41.266666666666666,0.317499999999999,0.0,1745.134,3.715,100.0,23.076,17.762,41.074,33.552,0.0,0.0,100.0,0.0,0.0,0.0,0.0,3248.0,1688.6,3786.75,3519.9,306.897,309.99766666666665,317.29125,317.35225,27.2989,23.5712,27.2397,25.6916,314.999998,314.999998,324.999988,324.999988,99.71914285714286,99.57083333333334,99.7198,99.65488571428571,-0.44433333333333325,-0.50625,-0.6768333333333334,-0.4445,-0.041666666666671404,-0.14499999999999602,2.0135,2.293,71.618,48.32,71.248,61.572,92.395,56.239000000000004,86.7645,74.4615,89.435,53.921,85.7555,72.3825,85.918,52.292,84.28,70.56966666666666,0.24650000000000016,-0.3245,0.10996,0.11921500000000002,0.0,164.07,163.565,162.42333333333335,162.42333333333335,0.0,0.0
757,0.0,0.0,0.0,1.0,1.0,0.0,0.0,1.0,0.0,100.0,1.0,1.1856,26.0,0.0,0.0,0.0,57.999998,0.0,26.0,26.0,26.0,26.0,-0.5714444444444444,0.6500000000000001,0.084,300.598,-2.50245,-3.082375,-1.2764,-1.7669000000000001,-457.51,214.3125,192.561625,0.0,0.0,0.0,0.0,0.8958666666666667,-5.498166666666667,-5.498166666666667,-1.2301,0.5686666666666667,-0.2711111111111113,1.024,52.482,-0.30010000000000003,-0.11017500000000001,4.905999999999999,100.0,0.0,0.0,163.21666666666667,0.0,0.0,0.0,0.0,0.0,0.0,0.0,9289.0,0.0,55.0,3.0,188.87333333333333,1.0,0.0,0.0,0.0,0.0,0.0,1.0,0.0,37.857,37.857,0.0,17.284,1.0,55.0,616.79921,10000.0,85.000001,85.000001,85.000001,85.000001,395.0,0.0,0.0,0.0,1.0,166.665,62.561,62.561,54.397999999999996,54.397999999999996,34.0,-36.65,6.099999999999998,-41.49,4.1825,0.0,1745.084,3.1849999999999987,100.0,22.987000000000002,18.000999999999998,41.098,34.344,0.0,0.0,100.0,0.0,0.0,0.0,0.0,2882.75,1823.4,3972.0,3757.9,307.6425,309.77433333333335,316.8715,316.9885,27.3065,23.573900000000002,27.2458,25.6965,314.999998,314.999998,324.999988,324.999988,99.7192,99.57085,99.71995714285714,99.65504285714286,-0.3813333333333333,-0.43099999999999994,-0.5798333333333334,-0.3671666666666667,-0.07499999999999574,-0.07499999999999574,1.939,2.22,71.666,48.337,71.287,61.603,92.324,56.2205,86.742,74.462,89.367,53.9045,85.734,72.384,85.853,52.2755,84.257,70.56966666666666,0.20500000000000007,-0.2755000000000001,0.109475,0.10747500000000001,0.0,165.025,164.565,163.21666666666667,163.21666666666667,0.0,0.0
758,0.0,0.0,0.0,1.0,1.0,0.0,0.0,1.0,0.0,100.0,1.0,1.1856,26.0,0.0,0.0,0.0,57.999998,0.0,26.0,26.0,26.0,26.0,-0.47644444444444445,0.6258000000000001,0.04535,300.323,-2.5581,-3.083125,-1.30475,-1.7299,-454.83000000000004,214.4625,192.510375,0.0,0.0,0.0,0.0,0.8974333333333334,-5.498166666666667,-5.498166666666667,-1.2112,0.6846666666666668,-0.24144444444444435,0.31899999999999995,52.794,-0.2556,-0.1274,4.59,100.0,0.0,0.0,164.31666666666666,0.0,0.0,0.0,0.0,0.0,0.0,0.0,9351.6,0.0,55.0,3.0,189.99666666666667,0.0,0.0,0.0,0.0,0.0,0.0,1.0,0.0,37.908,37.908,0.0,17.284,0.0,55.0,616.79921,10000.0,85.000001,85.000001,85.000001,85.000001,395.0,0.0,0.0,0.0,1.0,166.665,61.691,61.691,54.519999999999996,54.519999999999996,34.0,-38.935,7.994,-37.14333333333333,6.295,0.0,1745.033,2.8900000000000006,100.0,22.906,18.714,40.928,34.939,0.0,0.0,100.0,0.0,0.0,0.0,0.0,3112.25,2023.6999999999998,3794.875,3562.1,307.162,309.13466666666665,317.28825,317.375,27.3141,23.5768,27.252,25.7014,314.999998,314.999998,324.999988,324.999988,99.71922857142857,99.57088333333333,99.72011428571429,99.65518571428571,-0.33899999999999997,-0.39549999999999996,-0.5316666666666666,-0.30083333333333334,-0.046666666666666856,-0.0899999999999963,2.0235,2.247,71.713,48.355000000000004,71.325,61.6335,92.25,56.2025,86.7165,74.459,89.297,53.888,85.71000000000001,72.382,85.785,52.2595,84.2305,70.56700000000001,0.18800000000000017,-0.26049999999999995,0.10293500000000001,0.10981500000000001,0.0,165.97,165.565,164.31666666666666,164.31666666666666,0.0,0.0
759,0.0,0.0,0.0,1.0,1.0,0.0,0.0,1.0,0.0,100.0,1.0,1.1856,26.0,0.0,0.0,0.0,57.999998,0.0,26.0,26.0,26.0,26.0,-0.4488888888888889,0.6437000000000002,0.09230000000000001,300.034,-2.53335,-3.06725,-1.33375,-1.7132,-452.28999999999996,214.5925,192.4635,0.0,0.0,0.0,0.0,0.8989333333333335,-5.498166666666667,-5.498166666666667,-1.1526,1.175,-0.21300000000000008,0.5899999999999999,53.091,-0.22970000000000002,-0.10500000000000001,4.208,100.0,0.0,0.0,165.06,0.0,0.0,0.0,0.0,0.0,0.0,0.0,9394.0,0.0,55.0,3.0,191.06333333333333,1.0,0.0,0.0,0.0,0.0,0.0,1.0,0.0,37.956,37.956,0.0,17.284,1.0,55.0,616.79921,10000.0,85.000001,85.000001,85.000001,85.000001,395.0,0.0,0.0,0.0,1.0,166.665,61.89,61.89,54.291,54.291,34.0,-36.37,8.074000000000002,-40.81,7.9525,0.0,1744.984,2.4849999999999994,100.0,23.064,18.854,40.64,35.535,0.0,0.0,100.0,0.0,0.0,0.0,0.0,3063.75,1796.1,4167.5,3730.7,307.234,309.7266666666667,316.5795,317.0065,27.3213,23.5794,27.2577,25.7061,314.999998,314.999998,324.999988,324.999988,99.71925714285715,99.5709,99.72025714285714,99.65531428571428,-0.28366666666666673,-0.34824999999999995,-0.4905,-0.2705,-0.07166666666666544,-0.07833333333332604,1.954,2.1615,71.758,48.3715,71.361,61.663,92.178,56.1845,86.6905,74.458,89.22800000000001,53.8715,85.685,72.3825,85.72,52.2435,84.20400000000001,70.56633333333333,0.14650000000000007,-0.23099999999999987,0.10457500000000002,0.113375,0.0,166.93,166.51,165.06,165.06,0.0,0.0
760,0.0,0.0,0.0,1.0,1.0,0.0,0.0,1.0,0.0,100.0,1.0,1.1856,26.0,0.0,0.0,0.0,57.999998,0.0,26.0,26.0,26.0,26.0,-0.393,0.6202000000000001,0.05285,300.659,-2.58305,-3.016375,-1.336,-1.6857000000000002,-449.58000000000004,214.72,192.415,0.0,0.0,0.0,0.0,0.9005000000000001,-5.498166666666667,-5.498166666666667,-1.1483,-0.8966666666666667,-0.1631111111111112,1.71,53.402,-0.2018,-0.11747500000000001,3.460000000000001,100.0,0.0,0.0,166.09666666666666,0.0,0.0,0.0,0.0,0.0,0.0,0.0,9453.1,0.0,55.0,3.0,192.18666666666667,0.0,0.0,0.0,0.0,0.0,0.0,0.0,0.0,38.007000000000005,38.007000000000005,0.0,17.284,0.0,55.0,616.79921,10000.0,85.000001,85.000001,85.000001,85.000001,395.0,0.0,0.0,0.0,1.0,166.665,62.881,62.881,54.245,54.245,34.0,-30.3675,8.728000000000002,-35.71,9.9175,0.0,1744.933,2.4499999999999993,100.0,22.433,18.4,40.748,36.138999999999996,0.0,0.0,100.0,0.0,0.0,0.0,0.0,2639.875,1880.1,3926.875,3523.3,308.3,309.7096666666667,316.98225,317.48675,27.3286,23.5822,27.2638,25.711100000000002,314.999998,314.999998,324.999988,324.999988,99.71927142857143,99.57091666666666,99.72041428571428,99.65545714285714,-0.2689999999999999,-0.32299999999999995,-0.43533333333333335,-0.20166666666666666,-0.086666666666666,-0.06666666666666998,2.008,2.1865,71.804,48.388999999999996,71.399,61.6945,92.095,56.163,86.6625,74.4555,89.15,53.8515,85.658,72.382,85.645,52.2245,84.1745,70.56433333333334,0.1495000000000002,-0.21850000000000014,0.11460500000000001,0.11429,0.0,167.825,167.46,166.09666666666666,166.09666666666666,0.0,0.0
761,0.0,0.0,0.0,1.0,1.0,0.0,0.0,1.0,0.0,100.0,1.0,1.1856,26.0,0.0,0.0,0.0,57.999998,0.0,26.0,26.0,26.0,26.0,-0.3392222222222222,0.6034000000000002,-0.09825,300.98,-2.59985,-2.9772499999999997,-1.3543,-1.6320000000000001,-446.85,214.84,192.366,0.0,0.0,0.0,0.0,0.9021,-5.498166666666667,-5.498166666666667,-1.1785,0.22699999999999998,-0.13077777777777788,0.053999999999999826,53.708,-0.1845,-0.130975,3.5520000000000014,100.0,0.0,0.0,167.30333333333334,0.0,0.0,0.0,0.0,0.0,0.0,0.0,9521.8,0.0,55.0,3.0,193.28666666666666,1.0,0.0,0.0,0.0,0.0,0.0,0.0,0.0,38.058,38.058,0.0,17.284,1.0,55.0,616.79921,10000.0,85.000001,85.000001,85.000001,85.000001,395.0,0.0,0.0,0.0,1.0,333.33500000000004,62.469,62.469,55.389,55.389,34.0,-31.6925,9.349999999999998,-30.953333333333333,9.1325,0.0,1744.881,2.3500000000000014,100.0,22.268,18.947,39.807,35.933,0.0,0.0,100.0,0.0,0.0,0.0,0.0,2789.5,1877.9,3658.75,3290.3,307.961,309.463,317.5885,317.9695,27.3358,23.5852,27.2697,25.716,314.999998,314.999998,324.999988,324.999988,99.7193,99.57093333333333,99.72055714285715,99.6556,-0.24333333333333318,-0.29799999999999993,-0.41300000000000003,-0.18,-0.0799999999999983,-0.054999999999999716,2.1825,2.3375,71.849,48.4075,71.435,61.725,92.013,56.143,86.6305,74.45,89.071,53.8335,85.6265,72.378,85.569,52.207,84.14150000000001,70.55966666666667,0.14400000000000013,-0.21350000000000025,0.10985,0.11679500000000001,0.0,168.755,168.43,167.30333333333334,167.30333333333334,0.0,0.0
762,0.0,0.0,0.0,1.0,1.0,0.0,0.0,1.0,0.0,100.0,1.0,1.1856,26.0,0.0,0.0,0.0,57.999998,0.0,26.0,26.0,26.0,26.0,-0.34277777777777785,0.6266,-0.04735,300.72,-2.6309,-2.9645,-1.3509,-1.6283,-444.27,214.945,192.318625,0.0,0.0,0.0,0.0,0.9036000000000001,-5.498166666666667,-5.498166666666667,-1.1705,-0.3296666666666668,-0.11900000000000022,-0.34399999999999986,54.006,-0.1777,-0.114025,3.2620000000000005,100.0,0.0,0.0,167.89,0.0,0.0,0.0,0.0,0.0,0.0,0.0,9555.2,0.0,55.0,3.0,194.35666666666668,0.0,0.0,0.0,0.0,0.0,0.0,0.0,0.0,38.106,38.106,0.0,17.284,0.0,55.0,616.79921,10000.0,85.000001,85.000001,85.000001,85.000001,395.0,0.0,0.0,0.0,1.0,333.33500000000004,62.851,62.851,54.397999999999996,54.397999999999996,34.0,-28.88,9.309999999999999,-35.599999999999994,11.335,0.0,1744.833,2.1849999999999987,100.0,22.05,18.933,39.785,36.147,0.0,0.0,100.0,0.0,0.0,0.0,0.0,2598.5,1854.6,4048.0,3564.0,308.4475,309.56733333333335,316.78475,317.3185,27.3425,23.5879,27.2753,25.7206,314.999998,314.999998,324.999988,324.999988,99.71931428571429,99.57095,99.7207,99.65574285714285,-0.22833333333333328,-0.29025,-0.395,-0.1585,-0.086666666666666,-0.05666666666667197,1.9969999999999999,2.167,71.891,48.424,71.471,61.754,91.932,56.1225,86.603,74.447,88.994,53.815,85.6,72.3765,85.496,52.189,84.113,70.55733333333333,0.13350000000000017,-0.2044999999999999,0.10529000000000001,0.11375500000000001,0.0,169.67000000000002,169.36,167.89,167.89,0.0,0.0
763,0.0,0.0,0.0,1.0,1.0,0.0,0.0,1.0,0.0,100.0,1.0,1.1856,26.0,0.0,0.0,0.0,57.999998,0.0,26.0,26.0,26.0,26.0,-0.32799999999999996,0.6152,0.0095,300.537,-2.6632,-2.943125,-1.36535,-1.6135000000000002,-441.51,215.0475,192.26775,0.0,0.0,0.0,0.0,0.9052,-5.498166666666667,-5.498166666666667,-1.1947,0.04299999999999993,-0.11155555555555585,0.46099999999999985,54.311,-0.1688,-0.13240000000000002,3.1479999999999997,100.0,0.0,0.0,169.0,0.0,0.0,0.0,0.0,0.0,0.0,0.0,9618.3,0.0,55.0,3.0,195.46,1.0,0.0,0.0,0.0,0.0,0.0,0.0,0.0,38.157,38.157,0.0,17.284,1.0,55.0,616.79921,10000.0,85.000001,85.000001,85.000001,85.000001,395.0,0.0,0.0,0.0,1.0,333.33500000000004,61.966,61.966,54.657,54.657,34.0,-30.83,12.244,-31.426666666666666,11.24,0.0,1744.781,2.085000000000001,100.0,22.106,19.320999999999998,39.743,36.065,0.0,0.0,100.0,0.0,0.0,0.0,0.0,2783.875,2237.6,3740.375,3494.4,307.9525,308.63033333333334,317.389,317.52675,27.3497,23.5909,27.2812,25.7255,314.999998,314.999998,324.999988,324.999988,99.71932857142858,99.57096666666666,99.72085714285714,99.65587142857143,-0.20233333333333325,-0.26149999999999995,-0.379,-0.145,-0.0933333333333266,-0.10000000000000142,2.074,2.247,71.935,48.443,71.508,61.7845,91.846,56.103,86.572,74.4415,88.912,53.797,85.57,72.3725,85.418,52.172,84.081,70.55233333333334,0.12250000000000005,-0.19600000000000017,0.11346500000000001,0.11379500000000001,0.0,170.62,170.32999999999998,169.0,169.0,0.0,0.0
764,0.0,0.0,0.0,1.0,1.0,0.0,0.0,1.0,0.0,100.0,1.0,1.1856,26.0,0.0,0.0,0.0,57.999998,0.0,26.0,26.0,26.0,26.0,-0.29055555555555557,0.623,0.02215,300.308,-2.6727499999999997,-2.93175,-1.38535,-1.62,-438.73,215.14499999999998,192.216875,0.0,0.0,0.0,0.0,0.9068,-5.498166666666667,-5.498166666666667,-1.159,0.612,-0.12377777777777776,-1.001,54.622,-0.163,-0.111975,3.0540000000000003,100.0,0.0,0.0,169.78333333333333,0.0,0.0,0.0,0.0,0.0,0.0,0.0,9662.8,0.0,55.0,3.0,196.57333333333332,0.0,0.0,0.0,0.0,0.0,0.0,0.0,0.0,38.208,38.208,0.0,17.284,0.0,55.0,616.79921,10000.0,85.000001,85.000001,85.000001,85.000001,395.0,0.0,0.0,0.0,1.0,166.665,62.302,62.302,54.016,54.016,34.0,-29.6425,11.235999999999997,-35.10333333333333,12.43,0.0,1744.733,1.8049999999999997,100.0,21.993000000000002,19.686,39.724000000000004,36.365,0.0,0.0,100.0,0.0,0.0,0.0,0.0,2737.875,2001.6999999999998,4045.875,3706.0,308.177,309.172,316.82325,317.04925,27.3569,23.594,27.2872,25.7305,314.999998,314.999998,324.999988,324.999988,99.71935714285715,99.57098333333333,99.72101428571429,99.65601428571429,-0.18866666666666676,-0.24449999999999994,-0.373,-0.14466666666666667,-0.07499999999999574,-0.07499999999999574,1.9795,2.1485,71.98,48.4625,71.545,61.8155,91.76,56.083,86.5415,74.4375,88.83,53.778999999999996,85.5405,72.37049999999999,85.339,52.1545,84.0495,70.549,0.09650000000000025,-0.17399999999999993,0.10493500000000001,0.11386,0.0,171.6,171.325,169.78333333333333,169.78333333333333,0.0,0.0
765,0.0,0.0,0.0,1.0,1.0,0.0,0.0,1.0,0.0,100.0,1.0,1.1856,26.0,0.0,0.0,0.0,57.999998,0.0,26.0,26.0,26.0,26.0,-0.28888888888888886,0.5979000000000001,0.05655,299.591,-2.6552,-2.9703749999999998,-1.37565,-1.6499000000000001,-436.1,215.22750000000002,192.17,0.0,0.0,0.0,0.0,0.9083333333333334,-5.498166666666667,-5.498166666666667,-1.1299000000000001,1.0033333333333334,-0.1321111111111115,-0.18700000000000006,54.909,-0.1532,-0.123325,3.0199999999999996,100.0,0.0,1.0,170.71666666666667,0.0,0.0,0.0,0.0,0.0,0.0,0.0,9715.9,0.0,55.0,3.0,197.61,1.0,0.0,0.0,0.0,0.0,0.0,0.0,0.0,38.256,38.256,0.0,17.284,1.0,55.0,616.79921,10000.0,85.000001,85.000001,85.000001,85.000001,395.0,0.0,0.0,0.0,1.0,333.33500000000004,60.989,60.989,54.123,54.123,34.0,-33.6,12.425999999999998,-32.97,12.825,0.0,1744.683,1.740000000000002,100.0,22.802,20.24,40.152,36.841,0.0,0.0,100.0,0.0,0.0,0.0,0.0,3085.125,2096.7,3925.5,3586.8,307.267,308.833,317.0335,317.29075,27.3637,23.597,27.2929,25.7352,314.999998,314.999998,324.999988,324.999988,99.71937142857143,99.571,99.72115714285714,99.65615714285714,-0.17366666666666664,-0.23575000000000002,-0.3565,-0.13183333333333336,-0.054999999999999716,-0.0833333333333286,2.0065,2.149,72.023,48.481,71.581,61.8455,91.68,56.0655,86.513,74.434,88.754,53.7625,85.513,72.3685,85.266,52.1385,84.02,70.54599999999999,0.08749999999999991,-0.17149999999999999,0.10113000000000001,0.10999500000000001,0.0,172.46,172.22,170.71666666666667,170.71666666666667,0.0,0.0
766,0.0,0.0,0.0,1.0,1.0,0.0,0.0,1.0,0.0,100.0,1.0,1.1856,26.0,0.0,0.0,0.0,57.999998,0.0,26.0,26.0,26.0,26.0,-0.28688888888888886,0.6228,0.09820000000000001,299.347,-2.6169000000000002,-2.96225,-1.40945,-1.6604,-433.3,215.31,192.122,0.0,0.0,0.0,0.0,0.9099666666666667,-5.498166666666667,-5.498166666666667,-1.1017000000000001,-0.30533333333333323,-0.12655555555555553,0.05799999999999983,55.225,-0.14830000000000002,-0.142575,2.517999999999999,100.0,1.0,1.0,171.6,0.0,0.0,0.0,0.0,0.0,0.0,0.0,9766.3,0.0,55.0,3.0,198.74666666666667,0.0,0.0,0.0,0.0,0.0,0.0,0.0,0.0,38.307,38.307,0.0,17.284,0.0,55.0,616.79921,10000.0,85.000001,85.000001,85.000001,85.000001,395.0,0.0,0.0,0.0,1.0,166.665,60.73,60.73,53.452,53.452,34.0,-31.2225,14.315999999999999,-33.28333333333333,15.145,0.0,1744.632,1.5899999999999999,100.0,22.838,20.509999999999998,40.29,37.239000000000004,0.0,0.0,100.0,0.0,0.0,0.0,0.0,2972.5,2336.5,4031.75,3614.7,307.576,308.365,316.7925,317.23925,27.3708,23.6002,27.2989,25.7404,314.999998,314.999998,324.999988,324.999988,99.71938571428572,99.57101666666667,99.7213,99.6563,-0.15666666666666673,-0.22099999999999997,-0.3228333333333333,-0.08783333333333333,-0.03999999999999915,-0.05333333333332746,1.9785,2.071,72.06700000000001,48.501,71.618,61.877,91.592,56.046,86.4815,74.432,88.67,53.745,85.482,72.368,85.186,52.1215,83.987,70.54466666666667,0.0794999999999999,-0.16049999999999986,0.11164500000000001,0.11434000000000001,0.0,173.41,173.19,171.6,171.6,0.0,0.0
767,0.0,0.0,0.0,1.0,1.0,0.0,0.0,1.0,0.0,100.0,1.0,1.1856,26.0,0.0,0.0,0.0,57.999998,0.0,26.0,26.0,26.0,26.0,-0.23955555555555552,0.6273,0.05775,298.889,-2.6292999999999997,-2.8994999999999997,-1.4664000000000001,-1.6133000000000002,-430.47,215.385,192.0765,0.0,0.0,0.0,0.0,0.9116000000000001,-5.498166666666667,-5.498166666666667,-1.0489,2.586666666666667,-0.0825555555555555,-0.252,55.533,-0.1442,-0.1489,2.734,100.0,1.0,1.0,172.82999999999998,0.0,0.0,0.0,0.0,0.0,0.0,0.0,9836.2,0.0,55.0,3.0,199.85333333333335,1.0,0.0,0.0,0.0,0.0,0.0,0.0,0.0,38.358000000000004,38.358000000000004,0.0,17.284,1.0,55.0,616.79921,10000.0,85.000001,85.000001,85.000001,85.000001,395.0,0.0,0.0,0.0,1.0,166.665,58.975,58.975,55.069,55.069,34.0,-31.96,14.886,-29.363333333333333,13.885,0.0,1744.582,1.2149999999999999,100.0,24.409,21.913,39.461,37.171,0.0,0.0,100.0,0.0,0.0,0.0,0.0,3098.625,2348.6,3584.25,3790.2,307.1735,308.06466666666665,317.80375,316.9035,27.3782,23.6036,27.3047,25.7453,314.999998,314.999998,324.999988,324.999988,99.7194,99.57103333333333,99.72145714285715,99.65644285714286,-0.1263333333333332,-0.2015,-0.3471666666666667,-0.11416666666666668,-0.05333333333332746,-0.07000000000000028,2.0935,2.2085,72.114,48.5225,71.655,61.908,91.509,56.0295,86.446,74.42699999999999,88.59,53.730000000000004,85.44800000000001,72.36449999999999,85.11,52.107,83.9505,70.54033333333334,0.044500000000000206,-0.14550000000000018,0.11571500000000001,0.10891,0.0,174.46,174.195,172.82999999999998,172.82999999999998,0.0,0.0
768,0.0,0.0,0.0,1.0,1.0,0.0,0.0,1.0,0.0,100.0,1.0,1.1856,26.0,0.0,0.0,0.0,57.999998,0.0,26.0,26.0,26.0,26.0,-0.2694444444444445,0.6178000000000001,0.23565,297.836,-2.6309,-2.895375,-1.4195,-1.6213000000000002,-427.63,215.4525,192.03425,0.0,0.0,0.0,0.0,0.9132666666666667,-5.498166666666667,-5.498166666666667,-0.9537,0.74,-0.07044444444444453,1.6430000000000002,55.855000000000004,-0.1298,-0.14575000000000002,2.1159999999999997,100.0,1.0,1.0,173.34666666666666,0.0,0.0,0.0,0.0,0.0,0.0,0.0,9865.7,0.0,55.0,3.0,201.01333333333332,0.0,0.0,0.0,0.0,0.0,0.0,0.0,0.0,38.409,38.409,0.0,17.284,0.0,55.0,616.79921,10000.0,85.000001,85.000001,85.000001,85.000001,395.0,0.0,0.0,0.0,1.0,166.665,58.838,58.838,52.383,52.383,34.0,-31.752499999999998,16.182,-35.24333333333333,17.692500000000003,0.0,1744.532,1.1600000000000001,100.0,24.429,21.901,40.900999999999996,38.101,0.0,0.0,100.0,0.0,0.0,0.0,0.0,3107.75,2532.8,4214.625,3961.6000000000004,307.13,307.85333333333335,316.352,316.52125,27.3853,23.6069,27.3109,25.7505,314.999998,314.999998,324.999988,324.999988,99.71941428571428,99.57105,99.72161428571428,99.6566,-0.11633333333333318,-0.19325000000000003,-0.3026666666666667,-0.06866666666666667,-0.03999999999999915,-0.08833333333333115,1.865,1.966,72.158,48.5435,71.693,61.941,91.42,56.011,86.418,74.426,88.506,53.713499999999996,85.4205,72.3655,85.029,52.091,83.921,70.54033333333334,0.03949999999999987,-0.13900000000000023,0.11474500000000001,0.115165,0.0,175.39,175.195,173.34666666666666,173.34666666666666,0.0,0.0
769,0.0,0.0,0.0,1.0,1.0,0.0,0.0,1.0,0.0,100.0,1.0,1.1856,26.0,0.0,0.0,0.0,57.999998,0.0,26.0,26.0,26.0,26.0,-0.22199999999999998,-0.2479,0.091,298.874,-2.7556,-2.829625,-1.45015,-1.5781,-424.95000000000005,215.5125,191.998,0.0,0.0,0.0,0.0,0.9148333333333334,-5.498166666666667,-5.498166666666667,-0.9168000000000001,-0.4753333333333334,-0.03699999999999992,-0.31699999999999995,56.049,-0.12040000000000001,-0.152425,1.8100000000000005,100.0,1.0,1.0,170.66666666666666,0.0,0.0,0.0,0.0,0.0,0.0,1.0,9956.2,0.0,55.0,0.0,201.80333333333334,1.0,0.0,0.0,0.0,0.0,0.0,0.0,0.0,38.457,38.457,0.0,17.284,1.0,55.0,616.79921,10000.0,85.000001,85.000001,85.000001,85.000001,395.0,0.0,0.0,0.0,1.0,333.33500000000004,59.86,59.86,53.116,53.116,34.0,-24.2275,14.89,-36.60333333333333,20.14,0.0,1744.482,1.0850000000000009,100.0,24.241,22.161,40.464,38.254,0.0,0.0,100.0,0.0,0.0,0.0,0.0,2468.0,2346.5,3736.875,3648.8,308.8265,308.3263333333333,317.37475,317.16375,27.3919,23.6101,27.3164,25.7553,314.999998,314.999998,324.999988,324.999988,99.71941428571428,99.57106666666667,99.72172857142857,99.65671428571429,-0.09766666666666679,-0.1775,-0.2806666666666667,-0.06466666666666668,0.0,0.006666666666667709,-0.007000000000000117,0.020499999999999963,72.199,48.5635,71.728,61.971000000000004,91.33500000000001,55.9935,86.3735,74.409,88.425,53.6975,85.377,72.3505,84.952,52.0755,83.876,70.525,0.032500000000000195,-0.13350000000000017,0.09933,0.10636000000000001,0.0,176.085,175.925,170.66666666666666,170.66666666666666,0.0,0.0
770,0.0,0.0,0.0,1.0,1.0,0.0,0.0,1.0,0.0,100.0,1.0,1.1856,26.0,0.0,0.0,0.0,57.999998,0.0,26.0,26.0,26.0,26.0,-0.20211111111111102,0.3499000000000001,0.06445000000000001,298.309,-2.6554,-2.815125,-1.4285,-1.5629,-421.92,215.5725,191.959,0.0,0.0,0.0,0.0,0.9166000000000001,-5.498166666666667,-5.498166666666667,-0.9691000000000001,2.212666666666667,-0.058555555555555916,0.492,56.034,-0.1024,-0.251125,2.218,100.0,1.0,1.0,173.84333333333333,0.0,0.0,0.0,0.0,0.0,0.0,0.0,8501.9,0.0,55.0,4.0,201.68,0.0,0.0,0.0,0.0,0.0,0.0,1.0,0.0,38.510999999999996,38.510999999999996,0.0,17.284,0.0,55.0,616.79921,10000.0,85.000001,85.000001,85.000001,85.000001,395.0,0.0,0.0,0.0,1.0,166.665,55.603,55.603,55.923,55.923,34.0,-38.11,20.36,-23.596666666666664,13.407499999999999,0.0,1744.43,1.1400000000000006,100.0,25.815,23.891,39.297,36.75,0.0,0.0,100.0,0.0,0.0,0.0,0.0,3713.25,3051.6,3089.375,3115.5,305.572,306.09633333333335,318.82425,318.397,27.3997,23.6142,27.322400000000002,25.7603,314.999998,314.999998,324.999988,324.999988,99.71944285714285,99.57106666666667,99.7218,99.65674285714286,-0.08699999999999997,-0.17999999999999994,-0.2813333333333333,-0.0525,-0.04999999999999716,-0.041666666666671404,1.753,1.8515,72.248,48.588499999999996,71.765,62.002,91.244,55.980000000000004,86.2955,74.3515,88.338,53.6855,85.3,72.29599999999999,84.869,52.064,83.7995,70.47233333333334,0.02400000000000002,-0.15200000000000014,0.10268000000000001,0.111115,0.0,176.0,175.79,173.84333333333333,173.84333333333333,0.0,0.0
771,0.0,0.0,0.0,1.0,1.0,0.0,0.0,1.0,0.0,100.0,1.0,1.1856,26.0,0.0,0.0,0.0,57.999998,0.0,26.0,26.0,26.0,26.0,-0.20266666666666666,0.5407000000000002,0.1345,298.035,-2.62575,-2.8447500000000003,-1.4351,-1.5712000000000002,-419.4,215.6175,191.92875,0.0,0.0,0.0,0.0,0.9180666666666667,-5.498166666666667,-5.498166666666667,-0.8087000000000001,1.788,-0.07077777777777783,-0.623,56.261,-0.10500000000000001,-0.148475,1.6979999999999995,100.0,1.0,1.0,173.94,0.0,0.0,0.0,0.0,0.0,0.0,0.0,8506.6,0.0,55.0,4.0,202.48666666666668,1.0,0.0,0.0,0.0,0.0,0.0,1.0,0.0,38.556,38.556,0.0,17.284,1.0,55.0,616.79921,10000.0,85.000001,85.000001,85.000001,85.000001,395.0,0.0,0.0,0.0,1.0,333.33500000000004,58.884,58.884,52.536,52.536,34.0,-23.785,12.958000000000002,-39.43,21.8925,0.0,1744.383,0.8150000000000013,100.0,25.514,23.752,39.638999999999996,37.521,0.0,0.0,100.0,0.0,0.0,0.0,0.0,2620.75,1986.6999999999998,4626.25,4310.4,308.4985,309.2676666666667,315.6685,315.777,27.4058,23.6172,27.3277,25.7648,314.999998,314.999998,324.999988,324.999988,99.71944285714285,99.57108333333333,99.72191428571429,99.65685714285715,-0.057333333333333236,-0.15549999999999997,-0.25416666666666665,-0.042166666666666665,-0.036666666666668846,-0.03333333333333144,1.476,1.548,72.286,48.6075,71.798,62.03,91.163,55.963499999999996,86.258,74.34100000000001,88.261,53.671,85.2635,72.288,84.795,52.0495,83.761,70.46333333333334,-0.0004999999999999449,-0.11900000000000022,0.105215,0.10826500000000001,0.0,176.685,176.535,173.94,173.94,0.0,0.0
772,0.0,0.0,0.0,1.0,1.0,0.0,0.0,1.0,0.0,100.0,1.0,1.1856,26.0,0.0,0.0,0.0,57.999998,0.0,26.0,26.0,26.0,26.0,-0.18155555555555558,0.4670000000000001,-0.0608,298.63,-2.6736,-2.84925,-1.4734,-1.5526,-416.52,215.66500000000002,191.897125,0.0,0.0,0.0,0.0,0.9197333333333334,-5.498166666666667,-5.498166666666667,-0.8471000000000001,-0.3206666666666669,-0.05944444444444441,0.625,56.499,-0.09280000000000001,-0.22642500000000002,1.7560000000000002,100.0,1.0,1.0,175.22,0.0,0.0,0.0,0.0,0.0,0.0,0.0,8569.2,0.0,55.0,4.0,203.34666666666666,0.0,0.0,0.0,0.0,0.0,0.0,1.0,0.0,38.607,38.607,0.0,17.284,0.0,55.0,616.79921,10000.0,85.000001,85.000001,85.000001,85.000001,395.0,0.0,0.0,0.0,1.0,333.33500000000004,57.51,57.51,54.794,54.794,34.0,-30.2725,17.636,-26.046666666666663,14.817499999999999,0.0,1744.332,0.9800000000000004,100.0,25.295,23.384,39.849000000000004,37.941,0.0,0.0,100.0,0.0,0.0,0.0,0.0,3079.0,2580.5,3449.5,3178.8,307.148,307.5606666666667,318.00825,318.16375,27.4127,23.6205,27.3335,25.7699,314.999998,314.999998,324.999988,324.999988,99.71944285714285,99.5711,99.72202857142857,99.65698571428571,-0.07400000000000007,-0.15800000000000003,-0.24966666666666668,-0.021166666666666667,-0.030000000000001137,-0.054999999999999716,1.8515,1.889,72.32900000000001,48.628,71.83500000000001,62.062,91.071,55.9425,86.212,74.3245,88.173,53.6515,85.2185,72.273,84.711,52.031,83.715,70.44833333333334,0.020500000000000185,-0.12700000000000022,0.10210000000000001,0.11208000000000001,0.0,177.315,177.195,175.22,175.22,0.0,0.0
773,0.0,0.0,0.0,1.0,1.0,0.0,0.0,1.0,0.0,100.0,1.0,1.1856,26.0,0.0,0.0,0.0,57.999998,0.0,26.0,26.0,26.0,26.0,-0.19255555555555548,0.4964000000000002,0.1386,298.096,-2.64995,-2.8447500000000003,-1.3505,-1.5926,-413.63,215.71,191.865875,0.0,0.0,0.0,0.0,0.9214,-5.498166666666667,-5.498166666666667,-0.7963,1.5343333333333335,-0.06677777777777782,-0.040999999999999925,56.746,-0.09620000000000001,-0.189675,1.5839999999999996,100.0,1.0,1.0,175.69333333333333,0.0,0.0,0.0,0.0,0.0,0.0,0.0,8592.4,0.0,55.0,4.0,204.23333333333335,1.0,0.0,0.0,0.0,0.0,0.0,1.0,0.0,38.658,38.658,0.0,17.284,1.0,55.0,616.79921,10000.0,85.000001,85.000001,85.000001,85.000001,395.0,0.0,0.0,0.0,1.0,333.33500000000004,57.571,57.571,53.146,53.146,34.0,-29.822499999999998,19.125999999999998,-32.196666666666665,19.3,0.0,1744.281,0.7250000000000014,100.0,25.086,23.537,39.323,37.370000000000005,0.0,0.0,100.0,0.0,0.0,0.0,0.0,3139.25,2694.9,4197.5,3728.2,307.123,307.296,316.2825,317.08075,27.4195,23.6241,27.339199999999998,25.7748,314.999998,314.999998,324.999988,324.999988,99.71945714285714,99.57111666666667,99.72215714285714,99.6571,-0.056333333333333124,-0.14,-0.23316666666666666,-0.0125,-0.03333333333333144,-0.07499999999999574,1.6795,1.738,72.372,48.6505,71.87,62.092,90.97800000000001,55.925,86.166,74.307,88.084,53.636,85.1735,72.258,84.627,52.0165,83.6685,70.43299999999999,0.000500000000000167,-0.11549999999999994,0.11198000000000001,0.110685,0.0,178.175,178.07,175.69333333333333,175.69333333333333,0.0,0.0
774,0.0,0.0,0.0,1.0,1.0,0.0,0.0,1.0,0.0,100.0,1.0,1.1856,26.0,0.0,0.0,0.0,57.999998,0.0,26.0,26.0,26.0,26.0,-0.17022222222222216,0.4863000000000002,0.12215000000000001,297.882,-2.59205,-2.81025,-1.5487000000000002,-1.5365,-410.90999999999997,215.7475,191.839,0.0,0.0,0.0,0.0,0.923,-5.498166666666667,-5.498166666666667,-0.6964,2.457,-0.059222222222222065,0.3770000000000002,56.975,-0.0888,-0.160975,1.3420000000000005,100.0,1.0,1.0,176.36333333333334,0.0,0.0,0.0,0.0,0.0,0.0,0.0,8625.0,0.0,55.0,4.0,205.05333333333334,0.0,0.0,0.0,0.0,0.0,0.0,1.0,0.0,38.706,38.706,0.0,17.284,0.0,55.0,616.79921,10000.0,85.000001,85.000001,85.000001,85.000001,395.0,0.0,0.0,0.0,1.0,166.665,57.663,57.663,53.513,53.513,34.0,-25.845,16.849999999999998,-34.05,21.5275,0.0,1744.234,0.6799999999999997,100.0,25.78,23.803,39.480000000000004,37.947,0.0,0.0,100.0,0.0,0.0,0.0,0.0,2849.25,2449.6,4212.75,4139.2,307.6735,307.892,316.75125,316.31325,27.4262,23.6275,27.3447,25.7796,314.999998,314.999998,324.999988,324.999988,99.71945714285714,99.57113333333334,99.72227142857143,99.65722857142858,-0.03966666666666674,-0.14325,-0.23333333333333334,-0.0038333333333333336,-0.04999999999999716,-0.06333333333333258,1.666,1.7295,72.414,48.672,71.904,62.1225,90.893,55.908500000000004,86.123,74.294,88.003,53.621,85.1315,72.247,84.549,52.002,83.625,70.42166666666667,-0.010999999999999899,-0.10899999999999999,0.10268000000000001,0.11523000000000001,0.0,178.935,178.76999999999998,176.36333333333334,176.36333333333334,0.0,0.0
775,0.0,0.0,0.0,1.0,1.0,0.0,0.0,1.0,0.0,100.0,1.0,1.1856,26.0,0.0,0.0,0.0,57.999998,0.0,26.0,26.0,26.0,26.0,-0.13888888888888895,0.4466000000000001,-0.015700000000000002,298.187,-2.67795,-2.77925,-1.41865,-1.5486,-407.99,215.7825,191.813375,0.0,0.0,0.0,0.0,0.9246666666666666,-5.498166666666667,-5.498166666666667,-0.6946,-1.1743333333333337,-0.03622222222222238,-0.3939999999999999,57.217,-0.07830000000000001,-0.21350000000000002,1.3200000000000003,100.0,1.0,1.0,177.12333333333333,0.0,0.0,0.0,0.0,0.0,0.0,0.0,8662.3,0.0,55.0,4.0,205.93666666666667,1.0,0.0,0.0,0.0,0.0,0.0,1.0,0.0,38.757000000000005,38.757000000000005,0.0,17.284,1.0,55.0,616.79921,10000.0,85.000001,85.000001,85.000001,85.000001,395.0,0.0,0.0,0.0,1.0,333.33500000000004,58.028999999999996,58.028999999999996,53.207,53.207,34.0,-26.982499999999998,17.058,-28.41,18.85,0.0,1744.183,0.8599999999999994,100.0,24.88,23.587,40.446,38.868,0.0,0.0,100.0,0.0,0.0,0.0,0.0,2859.375,2543.6,3696.125,3602.7,307.844,307.573,317.46125,317.15775,27.4329,23.6308,27.3507,25.7847,314.999998,314.999998,324.999988,324.999988,99.71947142857142,99.57115,99.72241428571428,99.65734285714285,-0.05899999999999994,-0.15425,-0.23800000000000002,-0.001,-0.046666666666666856,-0.07000000000000028,1.65,1.699,72.455,48.6925,71.94200000000001,62.1545,90.798,55.8875,86.08,74.2795,87.912,53.602000000000004,85.0895,72.235,84.463,51.9835,83.581,70.409,0.008500000000000174,-0.11900000000000022,0.11768,0.10924,0.0,179.53,179.43,177.12333333333333,177.12333333333333,0.0,0.0
776,0.0,0.0,0.0,1.0,1.0,0.0,0.0,1.0,0.0,100.0,1.0,1.1856,26.0,0.0,0.0,0.0,57.999998,0.0,26.0,26.0,26.0,26.0,-0.11877777777777776,0.5019,-0.0913,299.469,-2.77885,-2.78125,-1.4475500000000001,-1.53,-404.9,215.815,191.786875,0.0,0.0,0.0,0.0,0.9264666666666667,-5.498166666666667,-5.498166666666667,-0.6875,0.474,-0.0425555555555559,-1.246,57.47,-0.0829,-0.18560000000000001,1.404,100.0,1.0,1.0,178.02,0.0,0.0,0.0,0.0,0.0,0.0,0.0,8706.1,0.0,55.0,4.0,206.84,0.0,0.0,0.0,0.0,0.0,0.0,1.0,0.0,38.811,38.811,0.0,17.284,0.0,55.0,616.79921,10000.0,85.000001,85.000001,85.000001,85.000001,395.0,0.0,0.0,0.0,1.0,166.665,59.753,59.753,53.955,53.955,34.0,-21.0075,14.922,-29.093333333333334,18.8575,0.0,1744.13,0.8300000000000018,100.0,24.468,23.212,39.099000000000004,37.884,0.0,0.0,100.0,0.0,0.0,0.0,0.0,2286.625,2235.1,3855.625,3690.5,309.3375,308.531,317.31625,317.07575,27.44,23.6344,27.3565,25.7898,314.999998,314.999998,324.999988,324.999988,99.71947142857142,99.57116666666667,99.72254285714286,99.65747142857143,-0.05366666666666675,-0.14274999999999993,-0.232,0.0021666666666666666,-0.030000000000001137,-0.046666666666666856,1.76,1.804,72.5,48.715,71.978,62.1865,90.69800000000001,55.8665,86.027,74.26050000000001,87.81700000000001,53.583,85.0375,72.218,84.371,51.9655,83.528,70.39166666666667,0.00550000000000006,-0.11649999999999983,0.111155,0.116875,0.0,180.385,180.245,178.02,178.02,0.0,0.0
777,0.0,0.0,0.0,1.0,1.0,0.0,0.0,1.0,0.0,100.0,1.0,1.1856,26.0,0.0,0.0,0.0,57.999998,0.0,26.0,26.0,26.0,26.0,-0.15200000000000002,0.46850000000000014,0.05375,299.103,-2.81795,-2.793125,-1.3627500000000001,-1.5988,-402.31,215.84,191.763875,0.0,0.0,0.0,0.0,0.928,-5.498166666666667,-5.498166666666667,-0.7089000000000001,-0.647,-0.08355555555555583,-0.24299999999999988,57.682,-0.08320000000000001,-0.20055,1.6320000000000006,100.0,1.0,1.0,178.69,0.0,0.0,0.0,0.0,0.0,0.0,0.0,8738.9,0.0,55.0,4.0,207.60666666666668,1.0,0.0,0.0,0.0,0.0,0.0,1.0,0.0,38.856,38.856,0.0,17.284,1.0,55.0,616.79921,10000.0,85.000001,85.000001,85.000001,85.000001,395.0,0.0,0.0,0.0,1.0,333.33500000000004,58.472,58.472,53.802,53.802,34.0,-28.3375,18.642,-27.046666666666663,17.89,0.0,1744.084,0.870000000000001,100.0,24.129,23.19,39.561,37.442,0.0,0.0,100.0,0.0,0.0,0.0,0.0,2891.5,2695.5,3673.75,3417.1,307.8,307.3743333333333,317.5075,317.70375,27.4457,23.6374,27.3616,25.7941,314.999998,314.999998,324.999988,324.999988,99.71947142857142,99.57116666666667,99.72265714285714,99.65758571428572,-0.058666666666666645,-0.14,-0.23333333333333334,0.004,-0.03833333333332689,-0.05833333333333002,1.72,1.814,72.536,48.7335,72.01,62.213,90.612,55.8485,85.988,74.2425,87.735,53.5665,84.999,72.202,84.294,51.9495,83.488,70.376,0.011499999999999844,-0.12550000000000017,0.107715,0.112405,0.0,180.985,180.85000000000002,178.69,178.69,0.0,0.0
778,0.0,0.0,0.0,1.0,1.0,0.0,0.0,1.0,0.0,100.0,1.0,1.1856,26.0,0.0,0.0,0.0,57.999998,0.0,26.0,26.0,26.0,26.0,-0.1757777777777778,0.47740000000000005,0.0413,298.172,-2.6093,-2.839125,-1.55285,-1.5535,-399.36,215.865,191.738625,0.0,0.0,0.0,0.0,0.9297000000000001,-5.498166666666667,-5.498166666666667,-0.6348,2.716,-0.10755555555555585,-0.026000000000000023,57.921,-0.0927,-0.17385,1.7000000000000002,100.0,1.0,1.0,179.28333333333333,0.0,0.0,0.0,0.0,0.0,0.0,0.0,8767.9,0.0,55.0,4.0,208.46333333333334,0.0,0.0,0.0,0.0,0.0,0.0,1.0,0.0,38.907,38.907,0.0,17.284,0.0,55.0,616.79921,10000.0,85.000001,85.000001,85.000001,85.000001,395.0,0.0,0.0,0.0,1.0,166.665,57.587,57.587,54.245,54.245,34.0,-27.815,17.14,-33.68,20.25,0.0,1744.034,0.5700000000000003,100.0,25.683,23.786,39.153999999999996,37.628,0.0,0.0,100.0,0.0,0.0,0.0,0.0,3035.375,2385.1,4060.375,4022.9,307.1995,307.96633333333335,316.86625,316.48375,27.4527,23.641,27.3672,25.7991,314.999998,314.999998,324.999988,324.999988,99.71948571428571,99.57118333333334,99.72278571428572,99.65771428571429,-0.03433333333333333,-0.12849999999999995,-0.24683333333333335,-0.021666666666666667,-0.015000000000000568,-0.06333333333333258,1.648,1.7185,72.57900000000001,48.7565,72.045,62.244,90.522,55.8315,85.94,74.2265,87.649,53.5515,84.9525,72.1885,84.211,51.935,83.4395,70.362,-0.018999999999999906,-0.0990000000000002,0.105465,0.11426000000000001,0.0,181.85000000000002,181.695,179.28333333333333,179.28333333333333,0.0,0.0
779,0.0,0.0,0.0,1.0,1.0,0.0,0.0,1.0,0.0,100.0,1.0,1.1856,26.0,0.0,0.0,0.0,57.999998,0.0,26.0,26.0,26.0,26.0,-0.16388888888888886,0.47430000000000017,0.0233,298.431,-2.6621,-2.832625,-1.4814,-1.5575999999999999,-396.4,215.885,191.71625,0.0,0.0,0.0,0.0,0.9314333333333334,-5.498166666666667,-5.498166666666667,-0.6077,-1.2823333333333333,-0.06188888888888888,1.5830000000000002,58.161,-0.0806,-0.19487500000000002,1.2720000000000002,100.0,1.0,1.0,179.94333333333333,0.0,0.0,0.0,0.0,0.0,0.0,0.0,8800.2,0.0,55.0,4.0,209.32999999999998,1.0,0.0,0.0,0.0,0.0,0.0,1.0,0.0,38.958,38.958,0.0,17.284,1.0,55.0,616.79921,10000.0,85.000001,85.000001,85.000001,85.000001,395.0,0.0,0.0,0.0,1.0,333.33500000000004,58.64,58.64,53.436,53.436,34.0,-25.715,15.55,-30.983333333333334,18.8425,0.0,1743.98,0.754999999999999,100.0,25.031,23.238,40.372,38.817,0.0,0.0,100.0,0.0,0.0,0.0,0.0,2758.875,2318.3,3881.375,3728.8,308.0725,308.3953333333333,317.09475,316.97425,27.4593,23.6442,27.3731,25.8043,314.999998,314.999998,324.999988,324.999988,99.71948571428571,99.57118333333334,99.72292857142857,99.65784285714285,-0.05666666666666664,-0.15125,-0.23766666666666666,-0.018666666666666668,-0.03166666666666629,-0.03833333333332689,1.6305,1.702,72.621,48.775999999999996,72.082,62.277,90.42699999999999,55.808,85.8965,74.213,87.55799999999999,53.53,84.91,72.17699999999999,84.124,51.914500000000004,83.395,70.35,-0.00649999999999995,-0.11149999999999993,0.10623500000000001,0.10865500000000002,0.0,182.465,182.34,179.94333333333333,179.94333333333333,0.0,0.0
780,0.0,0.0,0.0,1.0,1.0,0.0,0.0,1.0,0.0,100.0,1.0,1.1856,26.0,0.0,0.0,0.0,57.999998,0.0,26.0,26.0,26.0,26.0,-0.13077777777777777,0.4749000000000001,-0.12430000000000001,299.011,-2.6946,-2.80175,-1.46615,-1.5272999999999999,-393.6,215.9025,191.6955,0.0,0.0,0.0,0.0,0.9330333333333335,-5.498166666666667,-5.498166666666667,-0.6467,0.355,-0.04044444444444428,-0.972,58.377,-0.0796,-0.215225,1.3840000000000003,100.0,1.0,1.0,180.97333333333333,0.0,0.0,0.0,0.0,0.0,0.0,0.0,8850.5,0.0,55.0,4.0,210.11,0.0,0.0,0.0,0.0,0.0,0.0,0.0,0.0,39.006,39.006,0.0,17.284,0.0,55.0,616.79921,10000.0,85.000001,85.000001,85.000001,85.000001,395.0,0.0,0.0,0.0,1.0,166.665,58.09,58.09,54.596000000000004,54.596000000000004,34.0,-27.1125,18.014000000000003,-26.65,16.61,0.0,1743.935,0.7699999999999996,100.0,24.856,23.59,39.21,37.998,0.0,0.0,100.0,0.0,0.0,0.0,0.0,2859.375,2573.4,3585.75,3362.0,307.8145,307.45166666666665,317.79225,317.8235,27.4654,23.6475,27.3782,25.8088,314.999998,314.999998,324.999988,324.999988,99.7195,99.5712,99.72304285714286,99.65795714285714,-0.05699999999999994,-0.14024999999999999,-0.23183333333333334,0.0051666666666666675,-0.05833333333333002,-0.061666666666667425,1.815,1.887,72.65899999999999,48.797,72.114,62.3055,90.336,55.7905,85.848,74.195,87.472,53.5145,84.862,72.1615,84.042,51.8995,83.346,70.33433333333333,0.0034999999999998366,-0.11450000000000005,0.10639000000000001,0.11146,0.0,183.17000000000002,183.04500000000002,180.97333333333333,180.97333333333333,0.0,0.0
781,0.0,0.0,0.0,1.0,1.0,0.0,0.0,1.0,0.0,100.0,1.0,1.1856,26.0,0.0,0.0,0.0,57.999998,0.0,26.0,26.0,26.0,26.0,-0.13911111111111107,0.47430000000000017,0.035,298.965,-2.6667,-2.808125,-1.45265,-1.5628000000000002,-390.44,215.91750000000002,191.67125,0.0,0.0,0.0,0.0,0.9349000000000001,-5.498166666666667,-5.498166666666667,-0.6125,0.135,-0.0517777777777777,0.040999999999999925,58.631,-0.0813,-0.17815,1.3279999999999994,100.0,1.0,1.0,181.42666666666668,0.0,0.0,0.0,0.0,0.0,0.0,0.0,8872.7,0.0,55.0,4.0,211.02333333333334,1.0,0.0,0.0,0.0,0.0,0.0,0.0,0.0,39.06,39.06,0.0,17.284,1.0,55.0,616.79921,10000.0,85.000001,85.000001,85.000001,85.000001,395.0,0.0,0.0,0.0,1.0,166.665,59.021,59.021,53.97,53.97,34.0,-23.8775,16.16,-30.756666666666664,20.314999999999998,0.0,1743.88,0.5749999999999993,100.0,24.668,23.157,39.281,37.915,0.0,0.0,100.0,0.0,0.0,0.0,0.0,2631.25,2315.0,3987.625,3853.9,308.2895,308.32,316.958,316.776,27.4723,23.651,27.3841,25.8141,314.999998,314.999998,324.999988,324.999988,99.7195,99.57121666666667,99.72317142857143,99.6581,-0.036666666666666625,-0.12875000000000003,-0.2265,-0.003,-0.051666666666669414,-0.030000000000001137,1.6804999999999999,1.7155,72.702,48.8185,72.151,62.338,90.235,55.768,85.7985,74.17699999999999,87.375,53.494,84.814,72.146,83.95,51.88,83.29599999999999,70.31866666666667,-0.014999999999999902,-0.09850000000000003,0.10802500000000001,0.10437500000000001,0.0,183.98000000000002,183.825,181.42666666666668,181.42666666666668,0.0,0.0
782,0.0,0.0,0.0,1.0,1.0,0.0,0.0,1.0,0.0,100.0,1.0,1.1856,26.0,0.0,0.0,0.0,57.999998,0.0,26.0,26.0,26.0,26.0,-0.13877777777777778,0.45510000000000006,-0.12405000000000001,298.996,-2.66795,-2.8965,-1.4521,-1.5312999999999999,-387.62,215.925,191.649625,0.0,0.0,0.0,0.0,0.9365333333333334,-5.498166666666667,-5.498166666666667,-0.6468,-0.29433333333333334,-0.03299999999999992,1.06,58.849000000000004,-0.0775,-0.2117,1.3079999999999998,100.0,1.0,1.0,182.28666666666666,0.0,0.0,0.0,0.0,0.0,0.0,0.0,8914.8,0.0,55.0,4.0,211.81,0.0,0.0,0.0,0.0,0.0,0.0,0.0,0.0,39.108000000000004,39.108000000000004,0.0,17.284,0.0,55.0,616.79921,10000.0,85.000001,85.000001,85.000001,85.000001,395.0,0.0,0.0,0.0,1.0,166.665,58.289,58.289,54.977000000000004,54.977000000000004,34.0,-27.9525,17.94,-26.523333333333333,18.205,0.0,1743.832,0.48499999999999943,100.0,24.753,23.187,39.391999999999996,37.909,0.0,0.0,100.0,0.0,0.0,0.0,0.0,3015.625,2435.7,3581.75,3558.1,307.3585,307.86833333333334,317.73625,317.4305,27.4783,23.6541,27.389400000000002,25.8187,314.999998,314.999998,324.999988,324.999988,99.7195,99.57121666666667,99.7233,99.65821428571428,-0.03533333333333322,-0.12775000000000003,-0.22416666666666665,0.008333333333333335,-0.045000000000001705,-0.05833333333333002,1.766,1.8125,72.739,48.838,72.184,62.367000000000004,90.144,55.747,85.7535,74.1595,87.289,53.475,84.7695,72.1305,83.867,51.862,83.2505,70.303,-0.020999999999999908,-0.09650000000000025,0.104455,0.11762000000000002,0.0,184.625,184.495,182.28666666666666,182.28666666666666,0.0,0.0
783,0.0,0.0,0.0,1.0,1.0,0.0,0.0,1.0,0.0,100.0,1.0,1.1856,26.0,0.0,0.0,0.0,57.999998,0.0,26.0,26.0,26.0,26.0,-0.12722222222222213,0.48470000000000013,-0.0154,298.248,-2.72675,-2.754875,-1.46385,-1.5292,-384.79,215.9325,191.627875,0.0,0.0,0.0,0.0,0.9381666666666667,-5.498166666666667,-5.498166666666667,-0.6071000000000001,2.026,-0.009777777777777885,-0.575,59.07,-0.0789,-0.18960000000000002,0.976,100.0,1.0,1.0,182.82333333333332,0.0,0.0,0.0,0.0,0.0,0.0,0.0,8941.0,0.0,55.0,4.0,212.60333333333332,1.0,0.0,0.0,0.0,0.0,0.0,0.0,0.0,39.156,39.156,0.0,17.284,1.0,55.0,616.79921,10000.0,85.000001,85.000001,85.000001,85.000001,395.0,0.0,0.0,0.0,1.0,333.33500000000004,57.724,57.724,53.345,53.345,34.0,-25.447499999999998,20.0,-31.416666666666664,20.697499999999998,0.0,1743.782,0.245000000000001,100.0,25.102,24.097,39.007,38.055,0.0,0.0,100.0,0.0,0.0,0.0,0.0,2816.375,2693.8,4088.25,3900.9,307.861,307.1,316.77775,316.74725,27.4844,23.6575,27.3945,25.8234,314.999998,314.999998,324.999988,324.999988,99.7195,99.57123333333334,99.72341428571428,99.65832857142857,-0.013333333333333197,-0.10399999999999998,-0.21583333333333335,0.011333333333333334,-0.04999999999999716,-0.061666666666667425,1.6615,1.7435,72.77799999999999,48.8595,72.21600000000001,62.396,90.055,55.7305,85.7065,74.145,87.20400000000001,53.46,84.7235,72.118,83.786,51.8475,83.203,70.29,-0.04200000000000004,-0.07350000000000012,0.11358000000000001,0.10405500000000001,0.0,185.35500000000002,185.275,182.82333333333332,182.82333333333332,0.0,0.0
784,0.0,0.0,0.0,1.0,1.0,0.0,0.0,1.0,0.0,100.0,1.0,1.1856,26.0,0.0,0.0,0.0,57.999998,0.0,26.0,26.0,26.0,26.0,-0.08633333333333337,0.45310000000000006,0.09775,298.141,-2.7391,-2.7818750000000003,-1.50455,-1.5278,-381.77,215.935,191.60675,0.0,0.0,0.0,0.0,0.9399333333333334,-5.498166666666667,-5.498166666666667,-0.5563,-0.4946666666666668,-0.021333333333333204,-0.897,59.306,-0.0689,-0.1825,0.6720000000000006,100.0,1.0,1.0,183.39666666666668,0.0,0.0,0.0,0.0,0.0,0.0,0.0,8969.0,0.0,55.0,4.0,213.45333333333332,0.0,0.0,0.0,0.0,0.0,0.0,0.0,0.0,39.207,39.207,0.0,17.284,0.0,55.0,616.79921,10000.0,85.000001,85.000001,85.000001,85.000001,395.0,0.0,0.0,0.0,1.0,333.33500000000004,58.365,58.365,52.521,52.521,34.0,-22.755,19.978,-29.056666666666665,23.73,0.0,1743.732,0.15000000000000213,100.0,24.719,23.738,40.212,38.96,0.0,0.0,100.0,0.0,0.0,0.0,0.0,2600.875,2678.4,3861.75,4000.6000000000004,308.459,307.39033333333333,317.089,316.3705,27.4907,23.661,27.4003,25.8285,314.999998,314.999998,324.999988,324.999988,99.7195,99.57125,99.72355714285715,99.65845714285715,-0.0013333333333331865,-0.09824999999999995,-0.1855,0.04466666666666667,-0.054999999999999716,-0.05833333333333002,1.5895,1.611,72.81700000000001,48.881,72.252,62.4285,89.957,55.710499999999996,85.662,74.13,87.11,53.442,84.68,72.1055,83.697,51.83,83.158,70.277,-0.044499999999999984,-0.0714999999999999,0.106315,0.109825,0.0,186.035,185.99,183.39666666666668,183.39666666666668,0.0,0.0
785,0.0,0.0,0.0,1.0,1.0,0.0,0.0,1.0,0.0,100.0,1.0,1.1856,26.0,0.0,0.0,0.0,57.999998,0.0,26.0,26.0,26.0,26.0,-0.07999999999999996,0.4477,0.01855,298.599,-2.6481,-2.833625,-1.4852,-1.573,-378.74,215.9375,191.58675,0.0,0.0,0.0,0.0,0.9417000000000001,-5.498166666666667,-5.498166666666667,-0.5869,-0.10133333333333328,-0.052444444444444294,0.827,59.532,-0.058600000000000006,-0.21165,0.798,100.0,1.0,1.0,184.39,0.0,0.0,0.0,0.0,0.0,0.0,0.0,9017.6,0.0,55.0,4.0,214.27,1.0,0.0,0.0,0.0,0.0,0.0,0.0,0.0,39.257999999999996,39.257999999999996,0.0,17.284,1.0,55.0,616.79921,10000.0,85.000001,85.000001,85.000001,85.000001,395.0,0.0,0.0,0.0,1.0,333.33500000000004,57.968,57.968,54.535,54.535,34.0,-26.805,19.194000000000003,-25.873333333333335,19.9825,0.0,1743.682,-0.16000000000000014,100.0,24.936,23.514,39.888,38.614000000000004,0.0,0.0,100.0,0.0,0.0,0.0,0.0,3107.125,2467.6,3573.5,3582.1,307.163,307.8516666666667,317.754,317.38625,27.497,23.6643,27.4059,25.8334,314.999998,314.999998,324.999988,324.999988,99.71951428571428,99.57125,99.7237,99.65858571428572,0.011666666666666714,-0.08174999999999999,-0.20283333333333334,0.036000000000000004,-0.045000000000001705,-0.06499999999999773,1.7835,1.8185,72.856,48.902,72.287,62.4585,89.86,55.688,85.6135,74.11,87.017,53.4215,84.6325,72.0875,83.609,51.8105,83.10849999999999,70.259,-0.0665,-0.045500000000000096,0.10859500000000001,0.11345500000000001,0.0,186.745,186.64499999999998,184.39,184.39,0.0,0.0
786,0.0,0.0,0.0,1.0,1.0,0.0,0.0,1.0,0.0,100.0,1.0,1.1856,26.0,0.0,0.0,0.0,57.999998,0.0,26.0,26.0,26.0,26.0,-0.05033333333333334,0.4877,0.049300000000000004,298.843,-2.6832,-2.7775,-1.4893,-1.5245000000000002,-375.7,215.935,191.565875,0.0,0.0,0.0,0.0,0.9434666666666667,-5.498166666666667,-5.498166666666667,-0.5703,-0.21166666666666667,0.005555555555555536,1.214,59.766,-0.0531,-0.17802500000000002,0.17600000000000016,100.0,1.0,1.0,184.89666666666668,0.0,0.0,0.0,0.0,0.0,0.0,0.0,9042.5,0.0,55.0,4.0,215.11,0.0,0.0,0.0,0.0,0.0,0.0,0.0,0.0,39.309,39.309,0.0,17.284,0.0,55.0,616.79921,10000.0,85.000001,85.000001,85.000001,85.000001,395.0,0.0,0.0,0.0,1.0,166.665,59.158,59.158,53.467,53.467,34.0,-20.235,19.85,-28.516666666666666,22.884999999999998,0.0,1743.631,-0.4549999999999983,100.0,24.451999999999998,23.223,39.416,38.565,0.0,0.0,100.0,0.0,0.0,0.0,0.0,2508.625,2489.6,3994.0,3922.6000000000004,308.6605,307.91333333333336,316.9625,316.6595,27.5032,23.6677,27.4113,25.8383,314.999998,314.999998,324.999988,324.999988,99.71951428571428,99.57126666666667,99.72382857142857,99.65872857142857,0.03699999999999992,-0.05074999999999996,-0.16816666666666666,0.050333333333333334,-0.051666666666669414,-0.07333333333333059,1.691,1.701,72.895,48.923,72.321,62.4895,89.761,55.664500000000004,85.5635,74.094,86.923,53.4,84.5835,72.074,83.519,51.79,83.05799999999999,70.245,-0.08899999999999997,-0.014499999999999957,0.10781500000000001,0.10760000000000002,0.0,187.45,187.41,184.89666666666668,184.89666666666668,0.0,0.0
787,0.0,0.0,0.0,1.0,1.0,0.0,0.0,1.0,0.0,100.0,1.0,1.1856,26.0,0.0,0.0,0.0,57.999998,0.0,26.0,26.0,26.0,26.0,-0.03633333333333333,0.44120000000000004,-0.0097,298.92,-2.7584,-2.76025,-1.4612,-1.5157,-372.82,215.9325,191.545625,0.0,0.0,0.0,0.0,0.9451333333333335,-5.498166666666667,-5.498166666666667,-0.607,-0.4736666666666667,0.00533333333333319,0.15600000000000014,59.979,-0.0367,-0.20647500000000002,-0.1200000000000001,100.0,1.0,1.0,185.73666666666668,0.0,0.0,0.0,0.0,0.0,0.0,0.0,9083.5,0.0,55.0,4.0,215.88,1.0,0.0,0.0,0.0,0.0,0.0,0.0,0.0,39.357,39.357,0.0,17.284,1.0,55.0,616.79921,10000.0,85.000001,85.000001,85.000001,85.000001,395.0,0.0,0.0,0.0,1.0,333.33500000000004,58.365,58.365,54.108,54.108,34.0,-22.9225,23.055999999999997,-23.476666666666663,21.66,0.0,1743.583,-0.504999999999999,100.0,24.261,23.473,39.251,38.58,0.0,0.0,100.0,0.0,0.0,0.0,0.0,2777.0,2784.7,3615.75,3548.4,307.977,307.07533333333333,317.667,317.43775,27.5089,23.6709,27.4164,25.843,314.999998,314.999998,324.999988,324.999988,99.71951428571428,99.57126666666667,99.72394285714286,99.65884285714286,0.051000000000000156,-0.03674999999999995,-0.14100000000000001,0.09183333333333334,-0.054999999999999716,-0.05333333333332746,1.7845,1.768,72.931,48.9435,72.35300000000001,62.5185,89.668,55.6435,85.516,74.0765,86.834,53.381,84.537,72.0595,83.434,51.772,83.01,70.23,-0.09549999999999992,-0.014000000000000234,0.105495,0.11011000000000001,0.0,188.07,188.07999999999998,185.73666666666668,185.73666666666668,0.0,0.0
788,0.0,0.0,0.0,1.0,1.0,0.0,0.0,1.0,0.0,100.0,1.0,1.1856,26.0,0.0,0.0,0.0,57.999998,0.0,26.0,26.0,26.0,26.0,-0.004222222222222127,0.4586000000000001,0.07255,298.233,-2.78805,-2.733625,-1.5183,-1.5163,-369.76,215.93,191.52375,0.0,0.0,0.0,0.0,0.9469000000000001,-5.498166666666667,-5.498166666666667,-0.5760000000000001,0.9586666666666667,-0.008888888888888946,-0.768,60.21,-0.0246,-0.1845,-0.19599999999999973,100.0,1.0,1.0,186.26666666666668,0.0,0.0,0.0,0.0,0.0,0.0,0.0,9109.4,0.0,55.0,4.0,216.71,0.0,0.0,0.0,0.0,0.0,0.0,0.0,0.0,39.408,39.408,0.0,17.284,0.0,55.0,616.79921,10000.0,85.000001,85.000001,85.000001,85.000001,395.0,0.0,0.0,0.0,1.0,166.665,57.877,57.877,53.329,53.329,34.0,-24.055,22.692,-27.683333333333334,24.67,0.0,1743.532,-0.9499999999999993,100.0,24.431,24.21,39.137,38.679,0.0,0.0,100.0,0.0,0.0,0.0,0.0,2991.25,2654.4,4008.25,3879.9,307.5775,307.258,316.939,316.7095,27.5151,23.6746,27.4218,25.8479,314.999998,314.999998,324.999988,324.999988,99.71952857142857,99.57126666666667,99.72407142857143,99.65898571428572,0.07600000000000007,-0.012499999999999956,-0.1375,0.09016666666666667,-0.05833333333333002,-0.05833333333333002,1.665,1.641,72.97,48.966,72.386,62.5495,89.572,55.6225,85.4665,74.059,86.743,53.362,84.4885,72.0445,83.347,51.7535,82.96000000000001,70.21466666666666,-0.1259999999999999,0.01649999999999996,0.10890000000000001,0.113295,0.0,188.85000000000002,188.84,186.26666666666668,186.26666666666668,0.0,0.0
789,0.0,0.0,0.0,1.0,1.0,0.0,0.0,1.0,0.0,100.0,1.0,1.1856,26.0,0.0,0.0,0.0,57.999998,0.0,26.0,26.0,26.0,26.0,0.04066666666666685,0.4641000000000002,-0.0178,298.172,-2.7601,-2.73075,-1.59595,-1.4732,-366.86,215.9275,191.504625,0.0,0.0,0.0,0.0,0.9486,-5.498166666666667,-5.498166666666667,-0.5381,0.38,0.020888888888888957,-0.43799999999999994,60.425,-0.011000000000000001,-0.180925,-0.7160000000000002,100.0,1.0,1.0,186.88666666666666,0.0,0.0,0.0,0.0,0.0,0.0,0.0,9139.8,0.0,55.0,4.0,217.48333333333335,1.0,0.0,0.0,0.0,0.0,0.0,0.0,0.0,39.456,39.456,0.0,17.284,1.0,55.0,616.79921,10000.0,85.000001,85.000001,85.000001,85.000001,395.0,0.0,0.0,0.0,1.0,333.33500000000004,58.334,58.334,53.131,53.131,34.0,-19.0525,22.386,-26.916666666666664,26.3825,0.0,1743.482,-1.1999999999999993,100.0,24.67,24.265,39.362,39.681,0.0,0.0,100.0,0.0,0.0,0.0,0.0,2570.625,2549.2,3947.625,3988.0,308.513,307.535,317.092,316.45175,27.521,23.6779,27.427,25.8528,314.999998,314.999998,324.999988,324.999988,99.71954285714286,99.57126666666667,99.7242,99.6591,0.10533333333333372,0.010000000000000009,-0.11416666666666668,0.11850000000000001,-0.03499999999999659,-0.054999999999999716,1.683,1.6400000000000001,73.006,48.987,72.419,62.579499999999996,89.483,55.601,85.42,74.04599999999999,86.658,53.343,84.443,72.0335,83.265,51.7355,82.9125,70.20400000000001,-0.1519999999999999,0.04049999999999998,0.10479000000000001,0.11889000000000001,0.0,189.48000000000002,189.495,186.88666666666666,186.88666666666666,0.0,0.0
790,0.0,0.0,0.0,1.0,1.0,0.0,0.0,1.0,0.0,100.0,1.0,1.1856,26.0,0.0,0.0,0.0,57.999998,0.0,26.0,26.0,26.0,26.0,0.08944444444444444,0.4173,-0.08020000000000001,298.538,-2.76235,-2.732125,-1.572,-1.4692,-363.59000000000003,215.9275,191.483875,0.0,0.0,0.0,0.0,0.9505,-5.498166666666667,-5.498166666666667,-0.5669000000000001,-0.30833333333333335,0.05188888888888887,0.1379999999999999,60.661,0.0109,-0.213425,-1.056,100.0,1.0,1.0,187.85,0.0,0.0,0.0,0.0,0.0,0.0,0.0,9186.9,0.0,55.0,4.0,218.33666666666667,0.0,0.0,0.0,0.0,0.0,0.0,1.0,0.0,39.510000000000005,39.510000000000005,0.0,17.284,0.0,55.0,616.79921,10000.0,85.000001,85.000001,85.000001,85.000001,395.0,0.0,0.0,0.0,1.0,166.665,57.968,57.968,54.108,54.108,34.0,-20.335,24.82,-20.196666666666665,24.4,0.0,1743.429,-1.3649999999999984,100.0,24.326999999999998,24.3,39.400999999999996,39.732,0.0,0.0,100.0,0.0,0.0,0.0,0.0,2807.5,2719.2,3373.875,3639.4,308.01,307.07866666666666,318.20325,317.22675,27.5273,23.6817,27.4328,25.8581,314.999998,314.999998,324.999988,324.999988,99.71955714285714,99.57126666666667,99.72435714285714,99.65924285714286,0.12366666666666637,0.030000000000000027,-0.0805,0.15266666666666667,-0.045000000000001705,-0.07499999999999574,1.814,1.776,73.04599999999999,49.0105,72.455,62.613,89.38,55.5775,85.3665,74.028,86.56,53.3215,84.39,72.018,83.172,51.715,82.85849999999999,70.188,-0.16799999999999993,0.04800000000000004,0.10362,0.11443,0.0,190.14499999999998,190.235,187.85,187.85,0.0,0.0
791,0.0,0.0,0.0,1.0,1.0,0.0,0.0,1.0,0.0,100.0,1.0,1.1856,26.0,0.0,0.0,0.0,57.999998,0.0,26.0,26.0,26.0,26.0,0.10544444444444445,0.4497,0.054400000000000004,298.34,-2.78975,-2.674,-1.54635,-1.4877,-360.49,215.9275,191.463375,0.0,0.0,0.0,0.0,0.9523,-5.498166666666667,-5.498166666666667,-0.5591,-0.14766666666666683,0.05944444444444441,0.0950000000000002,60.89,0.0332,-0.18705000000000002,-1.4660000000000002,100.0,1.0,1.0,188.33666666666667,0.0,0.0,0.0,0.0,0.0,0.0,0.0,9210.7,0.0,55.0,4.0,219.15666666666667,1.0,0.0,0.0,0.0,0.0,0.0,1.0,0.0,39.561,39.561,0.0,17.284,1.0,55.0,616.79921,10000.0,85.000001,85.000001,85.000001,85.000001,395.0,0.0,0.0,0.0,1.0,166.665,58.304,58.304,52.979,52.979,34.0,-18.035,27.738,-22.176666666666662,28.2,0.0,1743.379,-1.4250000000000007,100.0,24.035,24.182,39.033,39.650999999999996,0.0,0.0,100.0,0.0,0.0,0.0,0.0,2602.0,2925.7,3855.625,3888.3,308.5295,306.71133333333336,317.20125,316.71375,27.5332,23.6853,27.4381,25.8631,314.999998,314.999998,324.999988,324.999988,99.71955714285714,99.57128333333333,99.72448571428572,99.65937142857143,0.14433333333333342,0.07050000000000001,-0.042833333333333334,0.17383333333333334,-0.07000000000000028,-0.045000000000001705,1.7275,1.6535,73.082,49.033500000000004,72.488,62.644,89.284,55.557,85.315,74.0125,86.468,53.303,84.3395,72.005,83.084,51.6975,82.806,70.175,-0.16449999999999987,0.05800000000000005,0.10795,0.10230500000000001,0.0,190.865,190.95499999999998,188.33666666666667,188.33666666666667,0.0,0.0
792,0.0,0.0,0.0,1.0,1.0,0.0,0.0,1.0,0.0,100.0,1.0,1.1856,26.0,0.0,0.0,0.0,57.999998,0.0,26.0,26.0,26.0,26.0,0.15222222222222226,0.4547000000000001,-0.0492,298.37,-2.80965,-2.63625,-1.5906500000000001,-1.4088,-357.75,215.93,191.44525,0.0,0.0,0.0,0.0,0.9539000000000001,-5.498166666666667,-5.498166666666667,-0.5548000000000001,0.14100000000000001,0.08966666666666678,0.2200000000000002,61.087,0.0499,-0.18607500000000002,-1.4379999999999997,100.0,1.0,1.0,188.99,0.0,0.0,0.0,0.0,0.0,0.0,0.0,9242.7,0.0,55.0,4.0,219.86666666666667,0.0,0.0,0.0,0.0,0.0,0.0,1.0,0.0,39.606,39.606,0.0,17.284,0.0,55.0,616.79921,10000.0,85.000001,85.000001,85.000001,85.000001,395.0,0.0,0.0,0.0,1.0,333.33500000000004,58.258,58.258,53.757,53.757,34.0,-17.287499999999998,26.664,-20.6,29.46,0.0,1743.333,-1.5999999999999979,100.0,24.054,24.334,38.849000000000004,39.891,0.0,0.0,100.0,0.0,0.0,0.0,0.0,2601.25,2814.7,3558.375,4098.8,308.4885,306.9123333333333,317.815,316.27225,27.5385,23.6885,27.4428,25.8675,314.999998,314.999998,324.999988,324.999988,99.71957142857143,99.57128333333333,99.7246,99.6595,0.17100000000000026,0.07800000000000007,-0.043833333333333335,0.185,-0.05666666666667197,-0.03833333333332689,1.7325,1.6785,73.116,49.0535,72.518,62.672,89.201,55.539,85.2695,73.998,86.389,53.287,84.2945,71.993,83.008,51.682,82.7595,70.163,-0.18249999999999988,0.07200000000000006,0.10792,0.11127000000000001,0.0,191.47500000000002,191.565,188.99,188.99,0.0,0.0
793,0.0,0.0,0.0,1.0,1.0,0.0,0.0,1.0,0.0,100.0,1.0,1.1856,26.0,0.0,0.0,0.0,57.999998,0.0,26.0,26.0,26.0,26.0,0.1273333333333333,0.4356,-0.0489,298.233,-2.8323,-2.6891249999999998,-1.5904500000000001,-1.3976,-354.63,215.9375,191.42475,0.0,0.0,0.0,0.0,0.9557,-5.498166666666667,-5.498166666666667,-0.5609000000000001,0.01733333333333331,0.10022222222222221,1.9090000000000003,61.309,0.06520000000000001,-0.1991,-1.718,100.0,1.0,1.0,189.71666666666667,0.0,0.0,0.0,0.0,0.0,0.0,0.0,9278.2,0.0,55.0,4.0,220.66666666666669,1.0,0.0,0.0,0.0,0.0,0.0,1.0,0.0,39.657,39.657,0.0,17.284,1.0,55.0,616.79921,10000.0,85.000001,85.000001,85.000001,85.000001,395.0,0.0,0.0,0.0,1.0,333.33500000000004,57.968,57.968,53.314,53.314,34.0,-16.985,29.372,-19.689999999999998,28.4925,0.0,1743.281,-1.6550000000000011,100.0,24.125,24.474,39.120000000000005,40.025999999999996,0.0,0.0,100.0,0.0,0.0,0.0,0.0,2600.0,2976.7,3578.625,3890.1000000000004,308.3375,306.59433333333334,317.694,316.822,27.5444,23.6923,27.4482,25.8726,314.999998,314.999998,324.999988,324.999988,99.71958571428571,99.5713,99.72472857142857,99.65964285714286,0.18933333333333335,0.09725000000000006,-0.02,0.21266666666666667,-0.046666666666666856,-0.08500000000000085,1.771,1.695,73.152,49.077,72.551,62.7035,89.106,55.5215,85.2185,73.9825,86.298,53.2715,84.2445,71.98,82.922,51.667500000000004,82.708,70.14933333333333,-0.18799999999999994,0.0734999999999999,0.10528000000000001,0.10750000000000001,0.0,192.15,192.28,189.71666666666667,189.71666666666667,0.0,0.0
794,0.0,0.0,0.0,1.0,1.0,0.0,0.0,1.0,0.0,100.0,1.0,1.1856,26.0,0.0,0.0,0.0,57.999998,0.0,26.0,26.0,26.0,26.0,0.16877777777777792,0.46199999999999997,0.058350000000000006,297.867,-2.77105,-2.691,-1.6001,-1.4679,-351.5,215.9475,191.40425,0.0,0.0,0.0,0.0,0.9575333333333335,-5.498166666666667,-5.498166666666667,-0.5469,0.45033333333333336,0.0882222222222222,-0.562,61.533,0.0801,-0.18935000000000002,-1.7359999999999998,100.0,1.0,1.0,190.3,0.0,0.0,0.0,0.0,0.0,0.0,0.0,9306.7,0.0,55.0,4.0,221.47333333333333,0.0,0.0,0.0,0.0,0.0,0.0,1.0,0.0,39.708,39.708,0.0,17.284,0.0,55.0,616.79921,10000.0,85.000001,85.000001,85.000001,85.000001,395.0,0.0,0.0,0.0,1.0,333.33500000000004,57.648,57.648,52.963,52.963,34.0,-18.985,27.774,-21.343333333333334,31.1225,0.0,1743.23,-1.625,100.0,23.971,24.977,38.894,40.278999999999996,0.0,0.0,100.0,0.0,0.0,0.0,0.0,2965.375,2806.3,3935.625,3939.1000000000004,307.755,306.81,317.07125,316.62725,27.5502,23.6962,27.4535,25.8776,314.999998,314.999998,324.999988,324.999988,99.7196,99.57131666666666,99.72487142857143,99.65977142857143,0.18599999999999994,0.09475000000000011,-0.0006666666666666666,0.233,-0.03999999999999915,-0.07499999999999574,1.7325,1.645,73.188,49.101,72.58500000000001,62.735,89.007,55.5055,85.1635,73.967,86.203,53.2565,84.1905,71.9675,82.836,51.653,82.652,70.137,-0.18199999999999994,0.06099999999999994,0.10889000000000001,0.11214,0.0,192.845,192.99,190.3,190.3,0.0,0.0
795,0.0,0.0,0.0,1.0,1.0,0.0,0.0,1.0,0.0,100.0,1.0,1.1856,26.0,0.0,0.0,0.0,57.999998,0.0,26.0,26.0,26.0,26.0,0.1784444444444444,0.4395,-0.10055,298.05,-2.90295,-2.631875,-1.6427,-1.4553,-348.54,215.96,191.3855,0.0,0.0,0.0,0.0,0.9592333333333335,-5.498166666666667,-5.498166666666667,-0.5281,-0.17500000000000004,0.11188888888888893,-1.1749999999999998,61.743,0.08610000000000001,-0.17980000000000002,-1.7679999999999998,100.0,1.0,1.0,190.86333333333334,0.0,0.0,0.0,0.0,0.0,0.0,0.0,9334.2,0.0,55.0,4.0,222.2266666666667,1.0,0.0,0.0,0.0,0.0,0.0,1.0,0.0,39.756,39.756,0.0,17.284,1.0,55.0,616.79921,10000.0,85.000001,85.000001,85.000001,85.000001,395.0,0.0,0.0,0.0,1.0,333.33500000000004,58.578,58.578,52.399,52.399,34.0,-15.030000000000001,25.974,-21.916666666666664,31.9475,0.0,1743.184,-1.2399999999999984,100.0,23.97,24.887,38.874,40.951,0.0,0.0,100.0,0.0,0.0,0.0,0.0,2264.125,2729.0,3992.75,4052.0,309.348,307.041,317.01225,316.29675,27.555500000000002,23.6997,27.4585,25.8825,314.999998,314.999998,324.999988,324.999988,99.71962857142857,99.57131666666666,99.72498571428571,99.6599,0.17799999999999994,0.08150000000000013,0.008333333333333335,0.223,-0.041666666666671404,-0.013333333333328312,1.694,1.609,73.22200000000001,49.123,72.616,62.7655,88.923,55.489000000000004,85.117,73.9565,86.123,53.2425,84.145,71.9595,82.754,51.64,82.6045,70.12833333333333,-0.15999999999999992,0.045499999999999874,0.11071500000000001,0.10339000000000001,0.0,193.485,193.59,190.86333333333334,190.86333333333334,0.0,0.0
796,0.0,0.0,0.0,1.0,1.0,0.0,0.0,1.0,0.0,100.0,1.0,1.1856,26.0,0.0,0.0,0.0,57.999998,0.0,26.0,26.0,26.0,26.0,0.12400000000000011,0.4218000000000002,-0.042800000000000005,298.035,-2.81945,-2.6310000000000002,-1.6674,-1.4222000000000001,-345.38,215.98000000000002,191.3655,0.0,0.0,0.0,0.0,0.9610666666666666,-5.498166666666667,-5.498166666666667,-0.5651,0.2636666666666666,0.11111111111111094,0.26900000000000013,61.957,0.09050000000000001,-0.21355000000000002,-1.2439999999999998,100.0,1.0,1.0,191.85333333333332,0.0,0.0,0.0,0.0,0.0,0.0,0.0,9382.6,0.0,55.0,4.0,223.00333333333333,0.0,0.0,0.0,0.0,0.0,0.0,1.0,0.0,39.807,39.807,0.0,17.284,0.0,55.0,616.79921,10000.0,85.000001,85.000001,85.000001,85.000001,395.0,0.0,0.0,0.0,1.0,166.665,57.175,57.175,53.864,53.864,34.0,-19.3125,29.178,-17.310000000000002,28.07,0.0,1743.133,-0.6499999999999986,100.0,24.385,25.106,38.992,40.543,0.0,0.0,100.0,0.0,0.0,0.0,0.0,2737.5,3100.7,3285.875,3764.6,308.0365,306.143,318.38375,317.01025,27.5613,23.7036,27.4638,25.8875,314.999998,314.999998,324.999988,324.999988,99.71964285714286,99.57133333333333,99.72511428571428,99.66004285714286,0.15266666666666673,0.0625,0.0021666666666666666,0.22766666666666666,-0.03333333333333144,-0.051666666666669414,1.842,1.7715,73.258,49.1475,72.649,62.7965,88.827,55.472,85.0645,73.939,86.032,53.2275,84.0935,71.9445,82.667,51.625,82.5515,70.11333333333333,-0.11149999999999993,-0.0040000000000000036,0.11011000000000001,0.11062500000000001,0.0,194.185,194.255,191.85333333333332,191.85333333333332,0.0,0.0
797,0.0,0.0,0.0,1.0,1.0,0.0,0.0,1.0,0.0,100.0,1.0,1.1856,26.0,0.0,0.0,0.0,57.999998,0.0,26.0,26.0,26.0,26.0,0.09933333333333327,0.4474,0.051500000000000004,297.729,-2.8519,-2.6435,-1.5685,-1.458,-342.22,216.0025,191.345,0.0,0.0,0.0,0.0,0.9629000000000001,-5.498166666666667,-5.498166666666667,-0.5306000000000001,-0.369,0.07888888888888879,-0.8069999999999999,62.183,0.07970000000000001,-0.17700000000000002,-0.3720000000000008,100.0,1.0,1.0,192.13,0.0,0.0,0.0,0.0,0.0,0.0,0.0,9396.2,0.0,55.0,4.0,223.81333333333333,1.0,0.0,0.0,0.0,0.0,0.0,1.0,0.0,39.858000000000004,39.858000000000004,0.0,17.284,1.0,55.0,616.79921,10000.0,85.000001,85.000001,85.000001,85.000001,395.0,0.0,0.0,0.0,1.0,166.665,58.411,58.411,51.971000000000004,51.971000000000004,34.0,-18.4325,22.896,-24.206666666666663,30.825,0.0,1743.082,-0.06500000000000128,100.0,24.051,24.921,39.456,40.821,0.0,0.0,100.0,0.0,0.0,0.0,0.0,2499.125,2657.9,4137.75,4082.3,308.742,307.31966666666665,316.653,316.25625,27.5669,23.7073,27.4692,25.8926,314.999998,314.999998,324.999988,324.999988,99.71965714285714,99.57133333333333,99.72525714285715,99.66018571428572,0.12300000000000022,0.014000000000000012,-0.026333333333333334,0.19183333333333336,-0.06666666666666998,-0.046666666666666856,1.593,1.5895,73.293,49.170500000000004,72.682,62.8285,88.73,55.451,85.0145,73.9255,85.939,53.2085,84.044,71.9335,82.578,51.607,82.5,70.102,-0.06800000000000006,-0.0535000000000001,0.1052,0.10777500000000001,0.0,194.91500000000002,194.95,192.13,192.13,0.0,0.0
798,0.0,0.0,0.0,1.0,1.0,0.0,0.0,1.0,0.0,100.0,1.0,1.1856,26.0,0.0,0.0,0.0,57.999998,0.0,26.0,26.0,26.0,26.0,0.04877777777777781,0.4293,-0.0122,297.607,-2.78155,-2.683875,-1.5897999999999999,-1.4654,-338.85,216.03,191.323375,0.0,0.0,0.0,0.0,0.9648666666666667,-5.498166666666667,-5.498166666666667,-0.5599000000000001,0.611,0.04888888888888898,-1.2999999999999998,62.409,0.049300000000000004,-0.206925,0.22200000000000042,100.0,1.0,1.0,193.17000000000002,0.0,0.0,0.0,0.0,0.0,0.0,0.0,9447.0,0.0,55.0,4.0,224.62666666666667,0.0,0.0,0.0,0.0,0.0,0.0,1.0,0.0,39.912,39.912,0.0,17.284,0.0,55.0,616.79921,10000.0,85.000001,85.000001,85.000001,85.000001,395.0,0.0,0.0,0.0,1.0,111.11,56.702,56.702,53.345,53.345,34.0,-24.9575,26.183999999999997,-21.476666666666667,24.985,0.0,1743.028,0.07000000000000028,100.0,24.622,25.273,39.432,40.379,0.0,0.0,100.0,0.0,0.0,0.0,0.0,3171.5,3008.9,3546.625,3691.0,307.2415,306.298,317.825,317.1515,27.5729,23.7114,27.474800000000002,25.8978,314.999998,314.999998,324.999988,324.999988,99.71967142857143,99.57133333333333,99.7254,99.66032857142856,0.0903333333333336,-0.0034999999999999476,-0.06933333333333333,0.1595,-0.060000000000002274,-0.05333333333332746,1.7625,1.7865,73.331,49.196,72.718,62.8615,88.627,55.429500000000004,84.958,73.9065,85.84100000000001,53.1895,83.9885,71.917,82.484,51.589,82.4425,70.08566666666667,-0.05249999999999999,-0.06599999999999984,0.11125000000000002,0.10543000000000001,0.0,195.67000000000002,195.62,193.17000000000002,193.17000000000002,0.0,0.0
799,0.0,0.0,0.0,1.0,1.0,0.0,0.0,1.0,0.0,100.0,1.0,1.1856,26.0,0.0,0.0,0.0,57.999998,0.0,26.0,26.0,26.0,26.0,-0.01388888888888884,0.46330000000000005,0.15135,296.646,-2.7309,-2.726375,-1.6071,-1.4909,-336.04,216.0525,191.305875,0.0,0.0,0.0,0.0,0.9665,-5.498166666666667,-5.498166666666667,-0.49310000000000004,1.2486666666666666,0.023666666666666725,0.24800000000000022,62.606,0.025500000000000002,-0.164325,0.41799999999999926,100.0,1.0,1.0,193.40666666666667,0.0,0.0,0.0,0.0,0.0,0.0,0.0,9458.6,0.0,55.0,4.0,225.33666666666667,1.0,0.0,0.0,0.0,0.0,0.0,1.0,0.0,39.957,39.957,0.0,17.284,1.0,55.0,616.79921,10000.0,85.000001,85.000001,85.000001,85.000001,395.0,0.0,0.0,0.0,1.0,333.33500000000004,56.763,56.763,51.62,51.62,34.0,-22.6825,23.662,-29.173333333333336,30.185,0.0,1742.982,0.20500000000000185,100.0,25.592,25.301,40.105000000000004,40.705,0.0,0.0,100.0,0.0,0.0,0.0,0.0,2873.875,2827.6,4303.125,4257.0,307.7185,306.896,316.33625,315.98575,27.5781,23.7147,27.4796,25.9023,314.999998,314.999998,324.999988,324.999988,99.71968571428572,99.57135,99.72552857142857,99.66045714285714,0.0773333333333337,-0.02749999999999997,-0.08533333333333333,0.14116666666666666,-0.054999999999999716,-0.054999999999999716,1.5825,1.575,73.363,49.217,72.747,62.8895,88.542,55.412,84.914,73.894,85.76,53.1735,83.9455,71.907,82.407,51.574,82.398,70.07533333333333,-0.04699999999999993,-0.0794999999999999,0.10587500000000001,0.10760000000000002,0.0,196.29500000000002,196.26,193.40666666666667,193.40666666666667,0.0,0.0
800,0.0,0.0,0.0,1.0,1.0,0.0,0.0,1.0,0.0,100.0,1.0,1.1856,26.0,0.0,0.0,0.0,57.999998,0.0,26.0,26.0,26.0,26.0,-0.0003333333333332966,0.4256,-0.129,297.302,-2.83145,-2.656625,-1.5675,-1.5146000000000002,-332.84000000000003,216.0775,191.288,0.0,0.0,0.0,0.0,0.9683666666666666,-5.498166666666667,-5.498166666666667,-0.4954,-0.9636666666666669,0.048555555555555685,-0.827,62.82,0.0021000000000000003,-0.1986,0.7139999999999995,100.0,1.0,1.0,194.18666666666667,0.0,0.0,0.0,0.0,0.0,0.0,0.0,9496.8,0.0,55.0,4.0,226.11,0.0,0.0,0.0,0.0,0.0,0.0,0.0,0.0,40.007999999999996,40.007999999999996,0.0,17.284,0.0,55.0,616.79921,10000.0,85.000001,85.000001,85.000001,85.000001,395.0,0.0,0.0,0.0,1.0,166.665,58.06,58.06,51.498,51.498,34.0,-19.495,19.802,-27.236666666666665,26.38,0.0,1742.931,0.45500000000000185,100.0,25.214,25.07,40.972,41.477000000000004,0.0,0.0,100.0,0.0,0.0,0.0,0.0,2353.625,2606.9,3881.125,3965.0,309.1275,307.449,317.1905,316.459,27.5838,23.7182,27.4851,25.9075,314.999998,314.999998,324.999988,324.999988,99.71968571428572,99.57135,99.72565714285714,99.6606,0.040999999999999925,-0.0645,-0.13316666666666666,0.11066666666666668,-0.041666666666671404,-0.036666666666668846,1.6235,1.6535,73.399,49.239000000000004,72.782,62.922,88.443,55.3895,84.864,73.88,85.665,53.1535,83.896,71.8955,82.316,51.5545,82.347,70.06333333333333,-0.030000000000000027,-0.09050000000000002,0.11026000000000001,0.12318500000000002,0.0,196.91500000000002,196.82,194.18666666666667,194.18666666666667,0.0,0.0
801,0.0,0.0,0.0,1.0,1.0,0.0,0.0,1.0,0.0,100.0,1.0,1.1856,26.0,0.0,0.0,0.0,57.999998,0.0,26.0,26.0,26.0,26.0,-0.056777777777777816,0.3929,-0.11230000000000001,297.821,-2.74525,-2.73975,-1.58305,-1.5381,-329.82,216.10250000000002,191.2705,0.0,0.0,0.0,0.0,0.9701333333333334,-5.498166666666667,-5.498166666666667,-0.548,-0.1263333333333332,0.003555555555555534,-0.76,63.018,-0.0158,-0.22282500000000002,1.2020000000000008,100.0,1.0,1.0,195.14666666666668,0.0,0.0,0.0,0.0,0.0,0.0,0.0,9543.7,0.0,55.0,4.0,226.82333333333332,1.0,0.0,0.0,0.0,0.0,0.0,0.0,0.0,40.056,40.056,0.0,17.284,1.0,55.0,616.79921,10000.0,85.000001,85.000001,85.000001,85.000001,395.0,0.0,0.0,0.0,1.0,166.665,57.098,57.098,53.543,53.543,34.0,-26.5975,20.369999999999997,-22.693333333333335,19.887500000000003,0.0,1742.884,0.6799999999999997,100.0,25.23,24.899,40.696,40.342,0.0,0.0,100.0,0.0,0.0,0.0,0.0,3039.0,2696.8,3307.25,3397.4,307.406,307.1483333333333,318.34975,317.73925,27.589,23.7216,27.490000000000002,25.912,314.999998,314.999998,324.999988,324.999988,99.71968571428572,99.57135,99.72578571428572,99.66071428571429,0.01866666666666683,-0.09075,-0.15616666666666665,0.07516666666666667,-0.05333333333332746,-0.04333333333332945,1.7874999999999999,1.8445,73.431,49.26,72.812,62.95,88.348,55.3705,84.8145,73.859,85.574,53.136,83.8475,71.877,82.23,51.538,82.2965,70.04466666666667,-0.014000000000000012,-0.11799999999999988,0.10798,0.10757000000000001,0.0,197.525,197.41500000000002,195.14666666666668,195.14666666666668,0.0,0.0
802,0.0,0.0,0.0,1.0,1.0,0.0,0.0,1.0,0.0,100.0,1.0,1.1856,26.0,0.0,0.0,0.0,57.999998,0.0,26.0,26.0,26.0,26.0,-0.12644444444444447,0.43080000000000007,0.1582,296.616,-2.669,-2.792375,-1.5075,-1.5746,-326.6,216.125,191.250375,0.0,0.0,0.0,0.0,0.9720000000000001,-5.498166666666667,-5.498166666666667,-0.5024000000000001,0.8613333333333333,-0.030888888888888744,1.3900000000000001,63.238,-0.037200000000000004,-0.174775,1.3120000000000003,100.0,1.0,1.0,195.37333333333333,0.0,0.0,0.0,0.0,0.0,0.0,0.0,9554.8,0.0,55.0,4.0,227.61333333333334,0.0,0.0,0.0,0.0,0.0,0.0,0.0,0.0,40.107,40.107,0.0,17.284,0.0,55.0,616.79921,10000.0,85.000001,85.000001,85.000001,85.000001,395.0,0.0,0.0,0.0,1.0,166.665,56.564,56.564,51.605000000000004,51.605000000000004,34.0,-27.0925,21.572000000000003,-32.803333333333335,24.5175,0.0,1742.833,0.5700000000000003,100.0,26.059,24.733,41.028999999999996,40.122,0.0,0.0,100.0,0.0,0.0,0.0,0.0,3106.5,2826.3,4282.5,4012.2,307.069,306.99533333333335,316.29875,316.5125,27.5948,23.7252,27.4953,25.917,314.999998,314.999998,324.999988,324.999988,99.71968571428572,99.57136666666666,99.72594285714285,99.66087142857143,0.014333333333333087,-0.09350000000000003,-0.17783333333333334,0.05,-0.02833333333332888,-0.06333333333333258,1.5434999999999999,1.6099999999999999,73.468,49.2825,72.846,62.981,88.249,55.3505,84.765,73.842,85.48,53.1185,83.7995,71.8625,82.14,51.521,82.2465,70.03,-0.020499999999999963,-0.1080000000000001,0.11335,0.10659500000000001,0.0,198.28,198.14499999999998,195.37333333333333,195.37333333333333,0.0,0.0
803,0.0,0.0,0.0,1.0,1.0,0.0,0.0,1.0,0.0,100.0,1.0,1.1856,26.0,0.0,0.0,0.0,57.999998,0.0,26.0,26.0,26.0,26.0,-0.14177777777777778,0.41759999999999997,0.12035000000000001,296.066,-2.6822,-2.780875,-1.50085,-1.5848,-323.18,216.14499999999998,191.23075,0.0,0.0,0.0,0.0,0.9740000000000001,-5.498166666666667,-5.498166666666667,-0.49460000000000004,-0.5566666666666669,-0.02777777777777768,0.5089999999999999,63.465,-0.0463,-0.20067500000000002,1.1799999999999997,100.0,1.0,1.0,196.02333333333334,0.0,0.0,0.0,0.0,0.0,0.0,0.0,9586.6,0.0,55.0,4.0,228.43333333333334,1.0,0.0,0.0,0.0,0.0,0.0,0.0,0.0,40.161,40.161,0.0,17.284,1.0,55.0,616.79921,10000.0,85.000001,85.000001,85.000001,85.000001,395.0,0.0,0.0,0.0,1.0,166.665,56.091,56.091,50.827,50.827,34.0,-28.947499999999998,22.554000000000002,-31.223333333333333,25.0725,0.0,1742.779,0.6400000000000006,100.0,25.971,25.072,41.967,40.825,0.0,0.0,100.0,0.0,0.0,0.0,0.0,3236.25,2977.1,4127.0,4088.9,306.872,306.509,316.5755,316.33025,27.6009,23.729,27.5011,25.9225,314.999998,314.999998,324.999988,324.999988,99.71968571428572,99.57136666666666,99.72608571428572,99.66101428571429,0.0003333333333332966,-0.10250000000000004,-0.17583333333333334,0.04566666666666667,-0.041666666666671404,-0.03999999999999915,1.5465,1.6015,73.505,49.3065,72.882,63.0155,88.143,55.3305,84.7135,73.826,85.379,53.1005,83.7485,71.849,82.043,51.504,82.194,70.016,-0.022499999999999964,-0.10850000000000026,0.11099,0.10314000000000001,0.0,198.91500000000002,198.8,196.02333333333334,196.02333333333334,0.0,0.0
804,0.0,0.0,0.0,1.0,1.0,0.0,0.0,1.0,0.0,100.0,1.0,1.1856,26.0,0.0,0.0,0.0,57.999998,0.0,26.0,26.0,26.0,26.0,-0.11299999999999999,0.46240000000000014,-0.06955,296.31,-2.6977,-2.726,-1.5635,-1.5386000000000002,-320.32,216.16,191.2155,0.0,0.0,0.0,0.0,0.9756666666666667,-5.498166666666667,-5.498166666666667,-0.47450000000000003,1.1246666666666667,-0.03677777777777802,-1.638,63.649,-0.057,-0.184425,1.298,100.0,1.0,1.0,196.78,0.0,0.0,0.0,0.0,0.0,0.0,0.0,9623.6,0.0,55.0,4.0,229.08666666666667,0.0,0.0,0.0,0.0,0.0,0.0,0.0,0.0,40.206,40.206,0.0,17.284,0.0,55.0,616.79921,10000.0,85.000001,85.000001,85.000001,85.000001,395.0,0.0,0.0,0.0,1.0,333.33500000000004,56.183,56.183,51.3,51.3,34.0,-27.3525,20.558,-32.05,23.137500000000003,0.0,1742.733,0.45500000000000185,100.0,26.328,25.531,41.394,40.753,0.0,0.0,100.0,0.0,0.0,0.0,0.0,3113.75,2799.2,4191.125,4048.9,307.3325,306.877,316.769,316.44975,27.606,23.7323,27.5057,25.9268,314.999998,314.999998,324.999988,324.999988,99.7197,99.57138333333333,99.7262,99.66114285714286,0.0043333333333333,-0.10599999999999998,-0.19033333333333335,0.034666666666666665,-0.07499999999999574,-0.06499999999999773,1.675,1.7025000000000001,73.538,49.326499999999996,72.91,63.043,88.056,55.3155,84.6665,73.81,85.296,53.087,83.7025,71.8355,81.964,51.491,82.146,70.002,-0.03200000000000003,-0.10250000000000004,0.10388000000000001,0.11274500000000001,0.0,199.56,199.435,196.78,196.78,0.0,0.0
805,0.0,0.0,0.0,1.0,1.0,0.0,0.0,1.0,0.0,100.0,1.0,1.1856,26.0,0.0,0.0,0.0,57.999998,0.0,26.0,26.0,26.0,26.0,-0.12444444444444447,0.4284000000000001,0.0568,296.31,-2.64465,-2.739625,-1.53985,-1.5306000000000002,-317.07,216.175,191.198875,0.0,0.0,0.0,0.0,0.9775333333333335,-5.498166666666667,-5.498166666666667,-0.4511,-0.03733333333333322,-0.01855555555555588,0.9660000000000002,63.861000000000004,-0.0616,-0.1845,1.112000000000001,100.0,1.0,1.0,197.29666666666668,0.0,0.0,0.0,0.0,0.0,0.0,0.0,9648.9,0.0,55.0,4.0,229.86,1.0,0.0,0.0,0.0,0.0,0.0,0.0,0.0,40.257000000000005,40.257000000000005,0.0,17.284,1.0,55.0,616.79921,10000.0,85.000001,85.000001,85.000001,85.000001,395.0,0.0,0.0,0.0,1.0,333.33500000000004,56.808,56.808,51.132,51.132,34.0,-24.05,19.912,-30.84,24.9525,0.0,1742.682,0.3049999999999997,100.0,26.447,25.024,42.122,41.118,0.0,0.0,100.0,0.0,0.0,0.0,0.0,2811.125,2703.9,4018.375,4270.0,307.84,307.29266666666666,316.9285,315.98275,27.6118,23.7357,27.5111,25.932,314.999998,314.999998,324.999988,324.999988,99.7197,99.5714,99.72635714285714,99.66128571428571,0.008999999999999897,-0.09924999999999995,-0.189,0.037333333333333336,-0.05333333333332746,-0.054999999999999716,1.5955,1.65,73.574,49.348,72.944,63.075,87.957,55.295,84.618,73.7945,85.202,53.0685,83.655,71.8225,81.874,51.473,82.0965,69.98833333333333,-0.04049999999999998,-0.08150000000000013,0.101055,0.11561500000000001,0.0,200.19,200.07999999999998,197.29666666666668,197.29666666666668,0.0,0.0
806,0.0,0.0,0.0,1.0,1.0,0.0,0.0,1.0,0.0,100.0,1.0,1.1856,26.0,0.0,0.0,0.0,57.999998,0.0,26.0,26.0,26.0,26.0,-0.14244444444444448,0.3953,-0.0117,296.005,-2.6313,-2.74775,-1.4625,-1.5596999999999999,-313.8,216.185,191.182375,0.0,0.0,0.0,0.0,0.9794333333333335,-5.498166666666667,-5.498166666666667,-0.4801,0.8313333333333334,-0.03699999999999992,0.8080000000000003,64.068,-0.0575,-0.222025,1.1739999999999995,100.0,1.0,1.0,198.13666666666666,0.0,0.0,0.0,0.0,0.0,0.0,0.0,9690.0,0.0,55.0,4.0,230.60333333333335,0.0,0.0,0.0,0.0,0.0,0.0,0.0,0.0,40.308,40.308,0.0,17.284,0.0,55.0,616.79921,10000.0,85.000001,85.000001,85.000001,85.000001,395.0,0.0,0.0,0.0,1.0,166.665,55.161,55.161,51.849000000000004,51.849000000000004,34.0,-32.6225,21.348,-28.64,20.4175,0.0,1742.631,0.2699999999999996,100.0,26.676,25.587,42.133,40.857,0.0,0.0,100.0,0.0,0.0,0.0,0.0,3627.875,2837.4,3863.25,3667.5,305.8575,306.715,317.20425,317.204,27.6176,23.7393,27.5164,25.9369,314.999998,314.999998,324.999988,324.999988,99.7197,99.5714,99.7265,99.66142857142857,0.0009999999999998899,-0.10075,-0.2,0.02816666666666667,-0.03999999999999915,-0.061666666666667425,1.671,1.733,73.61,49.371,72.97800000000001,63.1055,87.858,55.2765,84.5675,73.774,85.107,53.052,83.6055,71.8045,81.783,51.4575,82.0455,69.97033333333333,-0.04299999999999993,-0.08850000000000025,0.10801000000000001,0.10687,0.0,200.81,200.72,198.13666666666666,198.13666666666666,0.0,0.0
807,0.0,0.0,0.0,1.0,1.0,0.0,0.0,1.0,0.0,100.0,1.0,1.1856,26.0,0.0,0.0,0.0,57.999998,0.0,26.0,26.0,26.0,26.0,-0.10755555555555552,0.42310000000000003,0.11040000000000001,295.868,-2.7159,-2.7504999999999997,-1.4917500000000001,-1.5541,-310.72,216.1925,191.167125,0.0,0.0,0.0,0.0,0.9812333333333334,-5.498166666666667,-5.498166666666667,-0.4152,-0.6416666666666668,-0.02400000000000002,-0.2509999999999999,64.273,-0.056600000000000004,-0.15505000000000002,0.6479999999999997,100.0,1.0,1.0,198.27333333333334,0.0,0.0,0.0,0.0,0.0,0.0,0.0,9696.6,0.0,55.0,4.0,231.34,1.0,0.0,0.0,0.0,0.0,0.0,0.0,0.0,40.356,40.356,0.0,17.284,1.0,55.0,616.79921,10000.0,85.000001,85.000001,85.000001,85.000001,395.0,0.0,0.0,0.0,1.0,166.665,57.312,57.312,48.981,48.981,34.0,-21.645,18.478,-37.67666666666666,26.98,0.0,1742.584,0.03500000000000014,100.0,26.28,25.451,42.471000000000004,41.56,0.0,0.0,100.0,0.0,0.0,0.0,0.0,2623.375,2483.3,4791.875,4310.1,308.5,307.846,315.307,315.7815,27.6228,23.7426,27.5214,25.9418,314.999998,314.999998,324.999988,324.999988,99.71971428571429,99.57141666666666,99.72664285714286,99.66157142857143,0.030666666666666842,-0.08999999999999997,-0.17483333333333334,0.04716666666666666,-0.030000000000001137,-0.036666666666668846,1.4575,1.492,73.642,49.391,73.009,63.136,87.763,55.2565,84.521,73.7625,85.016,53.034,83.56,71.795,81.697,51.44,81.998,69.96000000000001,-0.06800000000000006,-0.06800000000000006,0.108115,0.10483,0.0,201.445,201.35500000000002,198.27333333333334,198.27333333333334,0.0,0.0
808,0.0,0.0,0.0,1.0,1.0,0.0,0.0,1.0,0.0,100.0,1.0,1.1856,26.0,0.0,0.0,0.0,57.999998,0.0,26.0,26.0,26.0,26.0,-0.07444444444444442,0.43080000000000007,0.08,296.31,-2.7699,-2.7105,-1.56215,-1.5495,-307.44,216.1975,191.151375,0.0,0.0,0.0,0.0,0.9831333333333334,-5.498166666666667,-5.498166666666667,-0.48450000000000004,0.04633333333333334,-0.011444444444444368,-0.837,64.47200000000001,-0.0463,-0.22162500000000002,0.5960000000000001,100.0,1.0,1.0,199.52333333333334,0.0,0.0,0.0,0.0,0.0,0.0,0.0,9757.7,0.0,55.0,4.0,232.05666666666667,0.0,0.0,0.0,0.0,0.0,0.0,0.0,0.0,40.407,40.407,0.0,17.284,0.0,55.0,616.79921,10000.0,85.000001,85.000001,85.000001,85.000001,395.0,0.0,0.0,0.0,1.0,166.665,55.496,55.496,51.743,51.743,34.0,-26.565,23.5,-25.146666666666665,21.595,0.0,1742.534,0.004999999999999005,100.0,26.517,25.946,41.861000000000004,41.298,0.0,0.0,100.0,0.0,0.0,0.0,0.0,3087.25,3053.7,3566.0,3695.1,307.24,306.263,317.89225,317.145,27.6284,23.7462,27.5265,25.9467,314.999998,314.999998,324.999988,324.999988,99.71971428571429,99.57143333333333,99.72677142857142,99.6617,0.03933333333333344,-0.08250000000000002,-0.17033333333333334,0.060833333333333336,-0.054999999999999716,-0.05666666666667197,1.788,1.8245,73.678,49.414,73.041,63.167,87.662,55.238,84.4665,73.742,84.921,53.017,83.5065,71.777,81.606,51.424,81.943,69.94166666666666,-0.07400000000000007,-0.07299999999999995,0.10386000000000001,0.10654000000000001,0.0,202.01999999999998,201.945,199.5233333333333,199.52333333333334,0.0,0.0
809,0.0,0.0,0.0,1.0,1.0,0.0,0.0,1.0,0.0,100.0,1.0,1.1856,26.0,0.0,0.0,0.0,57.999998,0.0,26.0,26.0,26.0,26.0,-0.07266666666666666,0.40690000000000004,-0.0269,295.944,-2.67685,-2.73075,-1.59115,-1.5514999999999999,-304.15,216.2025,191.135125,0.0,0.0,0.0,0.0,0.9850333333333334,-5.498166666666667,-5.498166666666667,-0.4288,0.9176666666666666,-0.02488888888888896,0.5910000000000002,64.685,-0.038200000000000005,-0.17695,0.38400000000000034,100.0,1.0,1.0,199.77,0.0,0.0,0.0,0.0,0.0,0.0,0.0,9769.8,0.0,55.0,4.0,232.82333333333332,1.0,0.0,0.0,0.0,0.0,0.0,0.0,0.0,40.458,40.458,0.0,17.284,1.0,55.0,616.79921,10000.0,85.000001,85.000001,85.000001,85.000001,395.0,0.0,0.0,0.0,1.0,333.33500000000004,56.488,56.488,50.537,50.537,34.0,-20.9625,19.828,-32.22333333333333,27.3075,0.0,1742.48,-0.35999999999999943,100.0,27.027,25.956,42.122,41.522,0.0,0.0,100.0,0.0,0.0,0.0,0.0,2633.375,2531.2,4156.875,4274.5,308.2025,307.5763333333333,316.577,315.94975,27.6341,23.7498,27.5319,25.9517,314.999998,314.999998,324.999988,324.999988,99.71971428571429,99.57143333333333,99.72691428571429,99.66185714285714,0.05733333333333368,-0.06374999999999997,-0.16883333333333334,0.06933333333333333,-0.03166666666666629,-0.04999999999999716,1.552,1.5935,73.713,49.4365,73.074,63.198,87.559,55.216499999999996,84.4145,73.7245,84.822,52.998,83.4555,71.762,81.511,51.4055,81.89,69.92633333333333,-0.09599999999999986,-0.03699999999999992,0.112795,0.10874,0.0,202.715,202.68,199.76999999999998,199.77,0.0,0.0
810,0.0,0.0,0.0,1.0,1.0,0.0,0.0,1.0,0.0,100.0,1.0,1.1856,26.0,0.0,0.0,0.0,57.999998,0.0,26.0,26.0,26.0,26.0,-0.05511111111111111,0.3719000000000001,0.12465000000000001,295.7,-2.62515,-2.7041250000000003,-1.55415,-1.5341,-300.84,216.2025,191.11925,0.0,0.0,0.0,0.0,0.9869666666666667,-5.498166666666667,-5.498166666666667,-0.4738,-0.7556666666666667,-0.0011111111111112848,1.1139999999999999,64.888,-0.0227,-0.229,0.06200000000000028,100.0,1.0,1.0,200.64,0.0,0.0,0.0,0.0,0.0,0.0,0.0,9812.3,0.0,55.0,4.0,233.56,0.0,0.0,0.0,0.0,0.0,0.0,1.0,0.0,40.509,40.509,0.0,17.284,0.0,55.0,616.79921,10000.0,85.000001,85.000001,85.000001,85.000001,395.0,0.0,0.0,0.0,1.0,166.665,54.764,54.764,51.575,51.575,34.0,-26.4775,25.832,-23.626666666666665,23.045,0.0,1742.432,-0.3000000000000007,100.0,26.824,26.036,42.446,41.953,0.0,0.0,100.0,0.0,0.0,0.0,0.0,3309.25,3174.1,3491.25,3665.3,306.4995,306.0083333333333,317.8585,317.15525,27.639400000000002,23.7533,27.5371,25.9568,314.999998,314.999998,324.999988,324.999988,99.71972857142858,99.57145,99.72707142857143,99.66198571428572,0.06633333333333358,-0.05025000000000002,-0.13316666666666666,0.08966666666666667,-0.06833333333332803,-0.061666666666667425,1.706,1.692,73.746,49.4585,73.107,63.230000000000004,87.464,55.196,84.3665,73.7075,84.732,52.980000000000004,83.408,71.7475,81.425,51.388,81.84100000000001,69.91166666666666,-0.09199999999999986,-0.04400000000000004,0.106175,0.10756500000000001,0.0,203.26999999999998,203.24,200.64,200.64,0.0,0.0
811,0.0,0.0,0.0,1.0,1.0,0.0,0.0,1.0,0.0,100.0,1.0,1.1856,26.0,0.0,0.0,0.0,57.999998,0.0,26.0,26.0,26.0,26.0,-0.02300000000000002,0.46310000000000007,0.08320000000000001,295.547,-2.6802,-2.67925,-1.48845,-1.5110999999999999,-297.72,216.20499999999998,191.103875,0.0,0.0,0.0,0.0,0.9887666666666667,-5.498166666666667,-5.498166666666667,-0.441,0.2703333333333333,0.01633333333333331,0.508,65.087,-0.0135,-0.180425,-0.05200000000000049,100.0,1.0,1.0,200.85666666666668,0.0,0.0,0.0,0.0,0.0,0.0,0.0,9823.0,0.0,55.0,4.0,234.26666666666665,1.0,0.0,0.0,0.0,0.0,0.0,1.0,0.0,40.557,40.557,0.0,17.284,1.0,55.0,616.79921,10000.0,85.000001,85.000001,85.000001,85.000001,395.0,0.0,0.0,0.0,1.0,333.33500000000004,56.442,56.442,49.408,49.408,34.0,-19.134999999999998,22.604,-31.33,30.155,0.0,1742.381,-0.4499999999999993,100.0,26.696,26.126,41.959,41.953,0.0,0.0,100.0,0.0,0.0,0.0,0.0,2537.875,2785.7,4501.25,4434.2,308.4235,307.03266666666667,315.732,315.63725,27.6445,23.7567,27.5419,25.9615,314.999998,314.999998,324.999988,324.999988,99.71972857142858,99.57145,99.72721428571428,99.66212857142857,0.08599999999999985,-0.035250000000000004,-0.11616666666666667,0.10266666666666667,-0.03833333333332689,-0.06333333333333258,1.5505,1.5190000000000001,73.77799999999999,49.4795,73.137,63.2595,87.372,55.176500000000004,84.31700000000001,73.693,84.644,52.962,83.3595,71.7355,81.34100000000001,51.3715,81.7905,69.899,-0.10599999999999987,-0.03849999999999998,0.11088,0.10449000000000001,0.0,203.93,203.925,200.85666666666668,200.85666666666668,0.0,0.0
812,0.0,0.0,0.0,1.0,1.0,0.0,0.0,1.0,0.0,100.0,1.0,1.1856,26.0,0.0,0.0,0.0,57.999998,0.0,26.0,26.0,26.0,26.0,0.02866666666666684,0.3781000000000001,-0.02415,295.898,-2.6864,-2.682375,-1.5452,-1.4866000000000001,-294.4,216.20499999999998,191.0875,0.0,0.0,0.0,0.0,0.9907,-5.498166666666667,-5.498166666666667,-0.47540000000000004,0.07799999999999996,0.03688888888888897,0.5489999999999999,65.285,-0.0011,-0.21727500000000002,-0.1299999999999999,100.0,1.0,1.0,201.84666666666666,0.0,0.0,0.0,0.0,0.0,0.0,0.0,9871.4,0.0,55.0,4.0,234.98666666666668,0.0,0.0,0.0,0.0,0.0,0.0,1.0,0.0,40.608000000000004,40.608000000000004,0.0,17.284,0.0,55.0,616.79921,10000.0,85.000001,85.000001,85.000001,85.000001,395.0,0.0,0.0,0.0,1.0,166.665,55.42,55.42,51.453,51.453,34.0,-22.0775,24.65,-22.803333333333335,26.0975,0.0,1742.331,-0.4450000000000003,100.0,26.79,26.409,42.006,42.0,0.0,0.0,100.0,0.0,0.0,0.0,0.0,2865.625,3002.9,3430.125,4024.4,307.6945,306.28866666666664,317.988,316.45875,27.6499,23.7603,27.547,25.9665,314.999998,314.999998,324.999988,324.999988,99.71974285714286,99.57145,99.72734285714286,99.66227142857143,0.08400000000000007,-0.04149999999999998,-0.125,0.10916666666666668,-0.046666666666666856,-0.06333333333333258,1.681,1.688,73.812,49.502,73.169,63.2905,87.273,55.155,84.2635,73.674,84.55,52.9425,83.3075,71.719,81.251,51.3525,81.7365,69.88233333333334,-0.10799999999999987,-0.040000000000000036,0.11222000000000001,0.10868000000000001,0.0,204.54500000000002,204.535,201.84666666666666,201.84666666666666,0.0,0.0
813,0.0,0.0,0.0,1.0,1.0,0.0,0.0,1.0,0.0,100.0,1.0,1.1856,26.0,0.0,0.0,0.0,57.999998,0.0,26.0,26.0,26.0,26.0,-0.012333333333333307,0.3852,0.06165,295.074,-2.7472,-2.660375,-1.51285,-1.5413000000000001,-291.26,216.20499999999998,191.071375,0.0,0.0,0.0,0.0,0.9925333333333335,-5.498166666666667,-5.498166666666667,-0.4596,-0.052999999999999936,0.009666666666666712,-0.5860000000000001,65.482,0.0119,-0.20185,-0.016000000000000014,100.0,1.0,1.0,202.16333333333333,0.0,0.0,0.0,0.0,0.0,0.0,0.0,9886.8,0.0,55.0,4.0,235.69333333333333,1.0,0.0,0.0,0.0,0.0,0.0,1.0,0.0,40.656,40.656,0.0,17.284,1.0,55.0,616.79921,10000.0,85.000001,85.000001,85.000001,85.000001,395.0,0.0,0.0,0.0,1.0,333.33500000000004,54.825,54.825,50.491,50.491,34.0,-28.625,23.176,-27.62,28.490000000000002,0.0,1742.283,-0.19000000000000128,100.0,26.801,26.601,42.325,42.219,0.0,0.0,100.0,0.0,0.0,0.0,0.0,3546.25,2868.2,4083.0,4109.9,306.4105,306.65833333333336,316.654,316.2085,27.6549,23.7638,27.5519,25.9712,314.999998,314.999998,324.999988,324.999988,99.71974285714286,99.57145,99.72748571428572,99.66241428571429,0.07833333333333359,-0.04225000000000001,-0.108,0.11516666666666667,-0.04833333333333201,-0.04833333333333201,1.551,1.5675,73.843,49.524,73.199,63.32,87.18,55.136,84.21600000000001,73.6585,84.461,52.926,83.261,71.706,81.166,51.3365,81.688,69.869,-0.09450000000000003,-0.0535000000000001,0.10953,0.10621000000000001,0.0,205.15,205.13,202.16333333333333,202.16333333333333,0.0,0.0
814,0.0,0.0,0.0,1.0,1.0,0.0,0.0,1.0,0.0,100.0,1.0,1.1856,26.0,0.0,0.0,0.0,57.999998,0.0,26.0,26.0,26.0,26.0,0.009666666666666712,-0.3273999999999999,0.043250000000000004,295.09,-2.77875,-2.64275,-1.4647000000000001,-1.4216,-287.72,216.20499999999998,191.0545,0.0,0.0,0.0,0.0,0.9946,-5.498166666666667,-5.498166666666667,-0.4534,-1.2690000000000001,0.010555555555555651,-0.764,65.483,0.012700000000000001,-0.21302500000000002,-0.12399999999999967,100.0,1.0,1.0,199.04,0.0,0.0,0.0,0.0,0.0,0.0,0.0,9682.5,0.0,55.0,0.0,235.77666666666667,0.0,0.0,0.0,0.0,0.0,0.0,1.0,0.0,40.71,40.71,0.0,17.284,0.0,55.0,616.79921,10000.0,85.000001,85.000001,85.000001,85.000001,395.0,0.0,0.0,0.0,1.0,166.665,54.900999999999996,54.900999999999996,49.316,49.316,34.0,-22.56,23.896,-32.71666666666667,29.8175,0.0,1742.23,-0.03999999999999915,100.0,27.125,27.267,42.439,42.4,0.0,0.0,0.0,0.0,0.0,0.0,0.0,2857.5,2960.5,4250.125,3949.2,307.7565,306.44033333333334,316.3605,316.66375,27.6606,23.7679,27.5573,25.9765,314.999998,314.999998,324.999988,324.999988,99.71977142857143,99.57145,99.72755714285714,99.66248571428571,0.08766666666666634,-0.04049999999999998,-0.09566666666666668,0.113,0.0016666666666722563,0.00833333333333286,-0.007500000000000284,0.006000000000000005,73.878,49.5495,73.233,63.353,87.077,55.116,84.129,73.6095,84.363,52.908,83.175,71.6605,81.072,51.3195,81.602,69.82433333333333,-0.08499999999999996,-0.06000000000000005,0.098555,0.09328,0.0,205.245,205.245,199.04000000000002,199.04,0.0,0.0
815,0.0,0.0,0.0,1.0,1.0,0.0,0.0,1.0,0.0,100.0,1.0,1.1856,26.0,0.0,0.0,0.0,57.999998,0.0,26.0,26.0,26.0,26.0,0.01333333333333342,0.27760000000000007,-0.06505,295.486,-2.7598,-2.6630000000000003,-1.4856,-1.5182,-284.58,216.20499999999998,191.03975,0.0,0.0,0.0,0.0,0.9964333333333334,-5.498166666666667,-5.498166666666667,-0.5226000000000001,0.20099999999999996,-0.025555555555555554,-1.581,65.49000000000001,0.012,-0.28292500000000004,0.3799999999999999,100.0,1.0,1.0,202.00333333333333,0.0,0.0,0.0,0.0,0.0,0.0,0.0,8562.2,0.0,55.0,5.0,235.73666666666668,1.0,0.0,0.0,0.0,0.0,0.0,1.0,0.0,40.757999999999996,40.757999999999996,0.0,17.284,1.0,55.0,616.79921,10000.0,85.000001,85.000001,85.000001,85.000001,395.0,0.0,0.0,0.0,1.0,166.665,53.711,53.711,51.62,51.62,34.0,-26.6525,25.326,-23.103333333333335,24.79,0.0,1742.183,0.26000000000000156,100.0,27.732,27.928,41.678,41.621,0.0,0.0,100.0,0.0,0.0,0.0,0.0,3253.375,3134.4,3574.875,3629.6,306.901,305.89366666666666,317.82925,317.2945,27.6656,23.7717,27.5619,25.981,314.999998,314.999998,324.999988,324.999988,99.71977142857143,99.57146666666667,99.72764285714285,99.66257142857143,0.07100000000000017,-0.051999999999999935,-0.10383333333333333,0.12133333333333333,-0.03833333333332689,-0.030000000000001137,1.462,1.4615,73.91,49.573,73.262,63.381,86.986,55.101,84.05,73.563,84.276,52.8945,83.0975,71.617,80.989,51.307,81.525,69.78233333333333,-0.05899999999999994,-0.09149999999999991,0.106325,0.11190000000000001,0.0,205.195,205.16500000000002,202.00333333333333,202.00333333333333,0.0,0.0
816,0.0,0.0,0.0,1.0,1.0,0.0,0.0,1.0,0.0,100.0,1.0,1.1856,26.0,0.0,0.0,0.0,57.999998,0.0,26.0,26.0,26.0,26.0,-0.060111111111111115,0.33330000000000015,-0.06365,296.173,-2.7203,-2.697625,-1.5711,-1.5531000000000001,-281.43,216.20499999999998,191.02375,0.0,0.0,0.0,0.0,0.9982666666666666,-5.498166666666667,-5.498166666666667,-0.4907,-0.6206666666666667,-0.054777777777777814,0.3719999999999999,65.637,-0.0017000000000000001,-0.20877500000000002,0.7679999999999998,100.0,1.0,1.0,202.14666666666668,0.0,0.0,0.0,0.0,0.0,0.0,0.0,8568.2,0.0,55.0,5.0,236.26,0.0,0.0,0.0,0.0,0.0,0.0,1.0,0.0,40.806,40.806,0.0,17.284,0.0,55.0,616.79921,10000.0,85.000001,85.000001,85.000001,85.000001,395.0,0.0,0.0,0.0,1.0,333.33500000000004,56.503,56.503,51.117,51.117,34.0,-20.7675,17.208,-32.086666666666666,28.4125,0.0,1742.132,0.33000000000000185,100.0,27.219,26.626,41.649,41.56,0.0,0.0,100.0,0.0,0.0,0.0,0.0,2592.5,2317.4,4246.125,4153.7,308.4655,308.34433333333334,316.4675,316.192,27.6703,23.7748,27.5666,25.985500000000002,314.999998,314.999998,324.999988,324.999988,99.71978571428572,99.57146666666667,99.72775714285714,99.66268571428571,0.05433333333333357,-0.07199999999999995,-0.13266666666666665,0.08750000000000001,-0.061666666666667425,-0.03499999999999659,1.307,1.3559999999999999,73.94,49.5925,73.291,63.4095,86.886,55.077,83.9885,73.5355,84.18,52.873,83.0375,71.593,80.898,51.286500000000004,81.4635,69.758,-0.04800000000000004,-0.09250000000000025,0.10245000000000001,0.10410000000000001,0.0,205.68,205.595,202.14666666666668,202.14666666666668,0.0,0.0
817,0.0,0.0,0.0,1.0,1.0,0.0,0.0,1.0,0.0,100.0,1.0,1.1856,26.0,0.0,0.0,0.0,57.999998,0.0,26.0,26.0,26.0,26.0,-0.1012222222222221,0.2815000000000001,-0.20305,296.692,-2.67975,-2.715375,-1.5986,-1.4824,-278.08,216.2025,191.00425,0.0,0.0,0.0,0.0,0.0002,-5.498166666666667,-5.498166666666667,-0.5805,-1.0703333333333336,-0.010444444444444478,1.592,65.782,-0.018600000000000002,-0.25325000000000003,0.9079999999999995,100.0,1.0,1.0,202.95666666666668,0.0,0.0,0.0,0.0,0.0,0.0,0.0,8602.6,0.0,55.0,5.0,236.7866666666667,1.0,0.0,0.0,0.0,0.0,0.0,1.0,0.0,40.857,40.857,0.0,17.284,1.0,55.0,616.79921,10000.0,85.000001,85.000001,85.000001,85.000001,395.0,0.0,0.0,0.0,1.0,333.33500000000004,55.45,55.45,53.467,53.467,34.0,-26.125,21.07,-24.79,21.7375,0.0,1742.082,0.46000000000000085,100.0,27.03,26.078,41.163,41.067,0.0,0.0,100.0,0.0,0.0,0.0,0.0,3103.875,2822.5,3386.125,3586.9,307.1155,306.99466666666666,318.163,317.415,27.6754,23.7781,27.5714,25.9903,314.999998,314.999998,324.999988,324.999988,99.71978571428572,99.57148333333333,99.72787142857143,99.6628,0.03866666666666685,-0.09050000000000002,-0.15816666666666665,0.077,-0.03833333333332689,-0.061666666666667425,1.525,1.5425,73.971,49.613,73.321,63.4395,86.79,55.0555,83.9265,73.5065,84.089,52.8535,82.9765,71.5665,80.811,51.268,81.4015,69.732,-0.04299999999999993,-0.10899999999999999,0.106745,0.11156,0.0,206.075,205.99,202.95666666666668,202.95666666666668,0.0,0.0
818,0.0,0.0,0.0,1.0,1.0,0.0,0.0,1.0,0.0,100.0,1.0,1.1856,26.0,0.0,0.0,40.891000000000005,57.999998,0.0,26.0,26.0,26.0,26.0,-0.10011111111111104,0.29869999999999997,0.16925,294.937,-2.73115,-2.6111250000000004,-1.5575999999999999,-1.5508000000000002,-274.72,216.2,190.98275,0.0,0.0,0.0,0.0,0.002166666666666667,-5.498166666666667,-5.498166666666667,-0.5275000000000001,2.248666666666667,-0.014444444444444482,-1.976,65.93299999999999,-0.0373,-0.20090000000000002,0.9960000000000004,100.0,1.0,1.0,203.14,0.0,0.0,0.0,0.0,0.0,0.0,0.0,8610.4,0.0,55.0,5.0,237.33333333333331,0.0,0.0,0.0,0.0,0.0,0.0,1.0,0.0,0.018000000000000682,0.018000000000000682,40.891000000000005,23.607,0.0,55.0,616.79921,10000.0,85.000001,85.000001,85.000001,85.000001,395.0,0.0,0.0,0.0,1.0,166.665,53.757,53.757,50.095,50.095,34.0,-27.3725,22.554000000000002,-33.47333333333333,26.045,1.0,1742.031,0.6750000000000007,100.0,27.946,27.766,41.238,41.007,0.0,0.0,100.0,0.0,0.0,0.0,0.0,3117.25,3176.4,4330.125,3980.8,307.2085,305.62533333333334,316.23925,316.55725,27.6807,23.7822,27.5763,25.9951,314.999998,314.999998,324.999988,324.999988,99.7198,99.5715,99.728,99.66292857142857,0.018000000000000238,-0.11524999999999996,-0.14683333333333334,0.06866666666666667,-0.03999999999999915,-0.06333333333333258,1.3235,1.3425,74.004,49.6385,73.352,63.469,86.69200000000001,55.0435,83.864,73.4785,83.996,52.843,82.915,71.5415,80.722,51.258,81.3385,69.707,-0.02849999999999997,-0.12300000000000022,0.10090500000000001,0.11146500000000001,0.0,206.66500000000002,206.575,203.14,203.14,0.0,0.0
819,0.0,0.0,0.0,1.0,1.0,0.0,0.0,1.0,0.0,100.0,1.0,1.1856,26.0,0.0,0.0,40.891000000000005,57.999998,0.0,26.0,26.0,26.0,26.0,-0.11266666666666658,0.2833000000000001,0.20615,294.449,-2.6342,-2.79575,-1.5601,-1.5249000000000001,-271.55,216.195,190.964375,0.0,0.0,0.0,0.0,0.004,-5.498166666666667,-5.498166666666667,-0.5099,-1.8723333333333336,-0.05600000000000005,-1.587,66.078,-0.049800000000000004,-0.22235000000000002,1.3679999999999994,100.0,1.0,1.0,203.36,0.0,0.0,0.0,0.0,0.0,0.0,0.0,8619.7,0.0,55.0,5.0,237.85333333333335,1.0,0.0,0.0,0.0,0.0,0.0,1.0,0.0,0.06599999999999895,0.06599999999999895,40.891000000000005,23.607,1.0,55.0,616.79921,10000.0,85.000001,85.000001,85.000001,85.000001,395.0,0.0,0.0,0.0,1.0,333.33500000000004,54.764,54.764,49.835,49.835,34.0,-27.9925,19.658,-34.83,27.005,1.0,1741.984,0.6799999999999997,100.0,27.839,26.97,43.403999999999996,42.819,0.0,0.0,100.0,0.0,0.0,0.0,0.0,3217.125,2710.5,4199.0,4315.3,307.0795,307.295,316.5065,315.63825,27.6856,23.7853,27.5813,26.0,314.999998,314.999998,324.999988,324.999988,99.7198,99.57151666666667,99.72811428571428,99.66304285714286,0.002000000000000224,-0.11975000000000002,-0.18816666666666665,0.03666666666666667,-0.015000000000000568,-0.01999999999999602,1.2425,1.3014999999999999,74.035,49.658500000000004,73.383,63.5005,86.598,55.024,83.81,73.4585,83.905,52.826,82.8625,71.524,80.636,51.2415,81.2845,69.68933333333334,-0.014499999999999957,-0.12950000000000017,0.112335,0.10415500000000001,0.0,207.015,206.88,203.36,203.36,0.0,0.0
820,0.0,0.0,0.0,1.0,1.0,0.0,0.0,1.0,0.0,100.0,1.0,1.1856,26.0,0.0,0.0,40.891000000000005,57.999998,0.0,26.0,26.0,26.0,26.0,-0.13944444444444448,0.28990000000000005,-0.036000000000000004,294.952,-2.63345,-2.74175,-1.52925,-1.5737,-268.18,216.185,190.945125,0.0,0.0,0.0,0.0,0.005966666666666667,-5.498166666666667,-5.498166666666667,-0.54,1.1156666666666666,-0.00755555555555576,2.665,66.22,-0.06720000000000001,-0.23265000000000002,1.5200000000000005,100.0,1.0,1.0,204.17000000000002,0.0,0.0,0.0,0.0,0.0,0.0,0.0,8654.1,0.0,55.0,5.0,238.36,0.0,0.0,0.0,0.0,0.0,0.0,0.0,0.0,0.11700000000000088,0.11700000000000088,40.891000000000005,23.607,0.0,55.0,616.79921,10000.0,85.000001,85.000001,85.000001,85.000001,395.0,0.0,0.0,0.0,1.0,333.33500000000004,53.909,53.909,51.285,51.285,34.0,-27.4275,21.968,-29.783333333333335,23.3425,1.0,1741.931,0.4800000000000004,100.0,28.742,27.064,42.619,41.583,0.0,0.0,100.0,0.0,0.0,0.0,0.0,3135.75,3068.5,3719.125,4067.0,307.008,306.339,317.527,316.50375,27.691,23.7889,27.586100000000002,26.0047,314.999998,314.999998,324.999988,324.999988,99.7198,99.57151666666667,99.72824285714286,99.66317142857143,0.006666666666666821,-0.12524999999999997,-0.21233333333333335,0.0115,-0.013333333333328312,-0.03999999999999915,1.421,1.4775,74.069,49.6805,73.413,63.528999999999996,86.501,55.007,83.7465,73.4255,83.813,52.8105,82.8,71.4935,80.548,51.2265,81.221,69.65933333333334,-0.03949999999999987,-0.11249999999999982,0.10543500000000001,0.10804000000000001,0.0,207.515,207.38,204.17000000000002,204.17000000000002,0.0,0.0
821,0.0,0.0,0.0,1.0,1.0,0.0,0.0,1.0,0.0,100.0,1.0,1.1856,26.0,0.0,0.0,40.891000000000005,57.999998,0.0,26.0,26.0,26.0,26.0,-0.139,0.29410000000000003,0.11085,294.662,-2.7251,-2.6891249999999998,-1.5239500000000001,-1.5995,-265.0,216.1725,190.9265,0.0,0.0,0.0,0.0,0.0078000000000000005,-5.498166666666667,-5.498166666666667,-0.5104000000000001,-0.6616666666666668,-0.009777777777777885,-0.506,66.363,-0.0727,-0.205525,1.0379999999999994,100.0,1.0,1.0,204.31,0.0,0.0,0.0,0.0,0.0,0.0,0.0,8660.0,0.0,55.0,5.0,238.87666666666667,1.0,0.0,0.0,0.0,0.0,0.0,0.0,0.0,0.16499999999999915,0.16499999999999915,40.891000000000005,23.607,1.0,55.0,616.79921,10000.0,85.000001,85.000001,85.000001,85.000001,395.0,0.0,0.0,0.0,1.0,333.33500000000004,54.886,54.886,49.316,49.316,34.0,-25.68,19.964,-35.44333333333333,27.302500000000002,1.0,1741.885,0.5399999999999991,100.0,28.079,26.9,43.241,42.131,0.0,0.0,100.0,0.0,0.0,0.0,0.0,2903.875,2886.0,4307.25,4274.8,307.7335,306.8346666666667,316.2885,315.95225,27.6957,23.7923,27.5909,26.0094,314.999998,314.999998,324.999988,324.999988,99.7198,99.57153333333333,99.72835714285715,99.66328571428572,0.003666666666666707,-0.12624999999999997,-0.192,0.0345,-0.036666666666668846,-0.04333333333332945,1.2774999999999999,1.321,74.098,49.702,73.443,63.559,86.405,54.9915,83.691,73.4025,83.721,52.7965,82.74549999999999,71.473,80.46000000000001,51.213,81.1655,69.63866666666667,-0.040000000000000036,-0.10850000000000026,0.10475000000000001,0.11252500000000001,0.0,207.925,207.82,204.31,204.31,0.0,0.0
822,0.0,0.0,0.0,1.0,1.0,0.0,0.0,1.0,0.0,100.0,1.0,1.1856,26.0,0.0,0.0,40.891000000000005,57.999998,0.0,26.0,26.0,26.0,26.0,-0.12944444444444447,0.28700000000000014,-0.0161,294.922,-2.6625,-2.772125,-1.54005,-1.5917,-261.61,216.1575,190.906625,0.0,0.0,0.0,0.0,0.009766666666666668,-5.498166666666667,-5.498166666666667,-0.5475,0.07199999999999995,-0.06755555555555581,-0.764,66.506,-0.0727,-0.239925,1.258,100.0,1.0,1.0,204.99,0.0,0.0,0.0,0.0,0.0,0.0,0.0,8688.8,0.0,55.0,5.0,239.39333333333332,0.0,0.0,0.0,0.0,0.0,0.0,0.0,0.0,0.21600000000000108,0.21600000000000108,40.891000000000005,23.607,0.0,55.0,616.79921,10000.0,85.000001,85.000001,85.000001,85.000001,395.0,0.0,0.0,0.0,1.0,333.33500000000004,54.153,54.153,50.43,50.43,34.0,-30.5125,20.64,-32.303333333333335,21.89,1.0,1741.833,0.3550000000000004,100.0,28.129,27.073999999999998,43.182,41.724000000000004,0.0,0.0,100.0,0.0,0.0,0.0,0.0,3417.75,2878.3,4012.0,3701.0,306.534,306.65833333333336,316.9475,317.1605,27.7009,23.7959,27.5958,26.0141,314.999998,314.999998,324.999988,324.999988,99.7198,99.57155,99.72848571428571,99.6634,0.0006666666666665932,-0.13175000000000003,-0.19733333333333336,0.023,-0.03499999999999659,-0.04999999999999716,1.3835,1.424,74.131,49.7245,73.474,63.588499999999996,86.305,54.9755,83.6305,73.371,83.626,52.7825,82.6865,71.4445,80.369,51.1995,81.105,69.61,-0.045499999999999874,-0.10749999999999993,0.100885,0.10968000000000001,0.0,208.35000000000002,208.265,204.99,204.99,0.0,0.0
823,0.0,0.0,0.0,1.0,1.0,0.0,0.0,1.0,0.0,100.0,1.0,1.1856,26.0,0.0,0.0,40.891000000000005,57.999998,0.0,26.0,26.0,26.0,26.0,-0.1366666666666666,0.27180000000000004,0.0258,294.754,-2.6927,-2.73375,-1.51495,-1.5709,-258.21,216.1375,190.886,0.0,0.0,0.0,0.0,0.011733333333333333,-5.498166666666667,-5.498166666666667,-0.5282,-0.03733333333333322,-0.05366666666666653,1.012,66.655,-0.07490000000000001,-0.2101,0.8820000000000006,100.0,1.0,1.0,205.25,0.0,0.0,0.0,0.0,0.0,0.0,0.0,8699.8,0.0,55.0,5.0,239.92666666666668,1.0,0.0,0.0,0.0,0.0,0.0,0.0,0.0,0.26699999999999946,0.26699999999999946,40.891000000000005,23.607,1.0,55.0,616.79921,10000.0,85.000001,85.000001,85.000001,85.000001,395.0,0.0,0.0,0.0,1.0,333.33500000000004,54.778999999999996,54.778999999999996,49.896,49.896,34.0,-26.8425,21.275999999999996,-34.236666666666665,26.7725,1.0,1741.781,-0.02499999999999858,100.0,28.034,26.64,43.197,41.864000000000004,0.0,0.0,100.0,0.0,0.0,0.0,0.0,3131.0,2888.6,4209.625,4242.6,307.12,306.8466666666667,316.49925,316.05625,27.7061,23.7994,27.6008,26.019,314.999998,314.999998,324.999988,324.999988,99.7198,99.57156666666667,99.72861428571429,99.66354285714286,0.02833333333333332,-0.10299999999999998,-0.19283333333333336,0.04016666666666666,-0.026666666666670835,-0.030000000000001137,1.3,1.3495,74.163,49.7465,73.505,63.619,86.205,54.957,83.57,73.3435,83.531,52.766,82.627,71.42,80.279,51.1835,81.044,69.58533333333334,-0.08050000000000002,-0.07650000000000023,0.106245,0.10974500000000001,0.0,208.81,208.745,205.25,205.25,0.0,0.0
824,0.0,0.0,0.0,1.0,1.0,0.0,0.0,1.0,0.0,100.0,1.0,1.1856,26.0,0.0,-0.003,40.891000000000005,57.999998,0.0,26.0,26.0,26.0,26.0,-0.09311111111111103,0.2993000000000001,-0.00525,294.907,-2.65835,-2.77075,-1.5339,-1.5601,-254.81,216.115,190.8655,0.0,0.0,0.0,0.0,0.013733333333333335,-5.498166666666667,-5.498166666666667,-0.5302,0.05599999999999994,-0.044222222222222385,-0.43900000000000006,66.8,-0.0666,-0.213875,0.6200000000000001,100.0,1.0,1.0,205.74333333333334,0.0,0.0,0.0,0.0,0.0,0.0,0.0,8720.7,0.0,55.0,5.0,240.45,0.0,0.0,0.0,0.0,0.0,0.0,0.0,0.0,0.31799999999999784,0.31799999999999784,40.891000000000005,23.607,0.0,55.0,616.79921,10000.0,85.000001,85.000001,85.000001,85.000001,395.0,0.0,0.0,0.0,1.0,166.665,54.871,54.871,49.988,49.988,34.0,-26.9175,20.984,-33.65,25.1875,1.0,1741.733,-0.11499999999999844,100.0,27.752,26.846,43.024,42.042,0.0,0.0,100.0,0.0,0.0,0.0,0.0,3177.375,2782.4,4181.75,4075.7,307.127,306.915,316.6115,316.3515,27.7112,23.803,27.6057,26.0239,314.999998,314.999998,324.999988,324.999988,99.71981428571429,99.57156666666667,99.72874285714286,99.66365714285715,0.025333333333333208,-0.10224999999999995,-0.18966666666666665,0.036833333333333336,-0.021666666666668277,-0.04333333333332945,1.3575,1.3635,74.195,49.769,73.536,63.6495,86.106,54.939,83.5095,73.3155,83.437,52.75,82.5675,71.3945,80.189,51.1685,80.983,69.56,-0.08349999999999991,-0.06450000000000022,0.10729500000000002,0.10953,0.0,209.265,209.2,205.74333333333334,205.74333333333334,0.0,0.0
825,0.0,0.0,0.0,1.0,1.0,0.0,0.0,1.0,0.0,100.0,1.0,1.1856,26.0,0.0,-0.003,40.891000000000005,57.999998,0.0,26.0,26.0,26.0,26.0,-0.05711111111111111,0.2914000000000001,-0.020550000000000002,294.952,-2.63515,-2.7588749999999997,-1.59585,-1.5961,-251.4,216.09,190.845,0.0,0.0,0.0,0.0,0.015700000000000002,-5.498166666666667,-5.498166666666667,-0.5288,0.18899999999999995,-0.022333333333333094,1.0470000000000002,66.944,-0.0548,-0.214225,0.19200000000000017,100.0,1.0,1.0,206.23000000000002,0.0,0.0,0.0,0.0,0.0,0.0,0.0,8741.3,0.0,55.0,5.0,240.96666666666667,1.0,0.0,0.0,0.0,0.0,0.0,0.0,0.0,0.3689999999999998,0.3689999999999998,40.891000000000005,23.607,1.0,55.0,616.79921,10000.0,85.000001,85.000001,85.000001,85.000001,395.0,0.0,0.0,0.0,1.0,166.665,54.794,54.794,50.247,50.247,34.0,-23.605,23.314,-30.853333333333335,26.7425,1.0,1741.682,-0.4250000000000007,100.0,28.011,26.863,43.012,42.211,0.0,0.0,100.0,0.0,0.0,0.0,0.0,2964.25,2934.5,3971.0,4048.4,307.47,306.662,317.0285,316.4495,27.7162,23.8067,27.6106,26.0288,314.999998,314.999998,324.999988,324.999988,99.71981428571429,99.57158333333334,99.72887142857142,99.66378571428571,0.05733333333333368,-0.0695,-0.16066666666666665,0.0645,-0.03333333333333144,-0.04833333333333201,1.3885,1.3940000000000001,74.226,49.7915,73.566,63.68,86.008,54.920500000000004,83.4475,73.288,83.344,52.7335,82.507,71.37,80.099,51.152,80.9215,69.53533333333334,-0.11099999999999999,-0.040999999999999925,0.10609500000000001,0.10930500000000001,0.0,209.695,209.66,206.23000000000002,206.23000000000002,0.0,0.0
826,0.0,0.0,0.0,1.0,1.0,0.0,0.0,1.0,0.0,100.0,1.0,1.1856,26.0,0.0,0.0,40.891000000000005,57.999998,0.0,26.0,26.0,26.0,26.0,-0.005333333333333301,0.274,-0.0304,294.83,-2.7131,-2.6946250000000003,-1.5176,-1.5965,-247.98,216.0625,190.824,0.0,0.0,0.0,0.0,0.0177,-5.498166666666667,-5.498166666666667,-0.545,-0.4626666666666668,-0.019000000000000128,-0.768,67.088,-0.0318,-0.22435000000000002,-0.03200000000000003,100.0,1.0,1.0,206.67333333333335,0.0,0.0,0.0,0.0,0.0,0.0,0.0,8760.1,0.0,55.0,5.0,241.49,0.0,0.0,0.0,0.0,0.0,0.0,0.0,0.0,0.41999999999999815,0.41999999999999815,40.891000000000005,23.607,0.0,55.0,616.79921,10000.0,85.000001,85.000001,85.000001,85.000001,395.0,0.0,0.0,0.0,1.0,166.665,54.489,54.489,50.064,50.064,34.0,-26.16,24.278,-28.689999999999998,27.19,1.0,1741.63,-0.504999999999999,100.0,27.499,27.102,43.024,42.522999999999996,0.0,0.0,100.0,0.0,0.0,0.0,0.0,3259.75,3012.6,3932.25,3929.4,306.988,306.31666666666666,317.09775,316.62425,27.7211,23.8103,27.6155,26.0337,314.999998,314.999998,324.999988,324.999988,99.71982857142856,99.5716,99.729,99.66391428571428,0.07033333333333358,-0.05449999999999999,-0.14266666666666666,0.0895,-0.051666666666669414,-0.030000000000001137,1.378,1.3845,74.257,49.814,73.59700000000001,63.710499999999996,85.909,54.900999999999996,83.3865,73.26,83.249,52.716,82.447,71.3445,80.009,51.1355,80.86,69.51,-0.11749999999999994,-0.03500000000000014,0.107855,0.11570000000000001,0.0,210.12,210.10000000000002,206.67333333333335,206.67333333333335,0.0,0.0
827,0.0,0.0,0.0,1.0,1.0,0.0,0.0,1.0,0.0,100.0,1.0,1.1856,26.0,0.0,0.0,40.891000000000005,57.999998,0.0,26.0,26.0,26.0,26.0,-0.00477777777777777,0.2872000000000001,0.023,294.281,-2.64695,-2.684,-1.5876000000000001,-1.5352000000000001,-244.76,216.0375,190.804,0.0,0.0,0.0,0.0,0.019566666666666666,-5.498166666666667,-5.498166666666667,-0.5224,0.821,-0.007111111111111068,-0.133,67.224,-0.0184,-0.20135,-0.1559999999999997,100.0,1.0,1.0,206.99333333333334,0.0,0.0,0.0,0.0,0.0,0.0,0.0,8773.7,0.0,55.0,5.0,241.97333333333336,1.0,0.0,0.0,0.0,0.0,0.0,0.0,0.0,0.46799999999999997,0.46799999999999997,40.891000000000005,23.607,1.0,55.0,616.79921,10000.0,85.000001,85.000001,85.000001,85.000001,395.0,0.0,0.0,0.0,1.0,166.665,54.153,54.153,49.82,49.82,34.0,-24.525,23.793999999999997,-32.15,29.8625,1.0,1741.582,-0.754999999999999,100.0,28.129,27.462,42.799,42.72,0.0,0.0,100.0,0.0,0.0,0.0,0.0,3239.875,2906.7,4260.625,4279.2,306.9635,306.567,316.51,315.93025,27.7259,23.8138,27.6199,26.0382,314.999998,314.999998,324.999988,324.999988,99.71982857142856,99.5716,99.72911428571429,99.66402857142857,0.09066666666666645,-0.040999999999999925,-0.13133333333333336,0.09583333333333333,-0.03333333333333144,-0.03999999999999915,1.3315,1.317,74.287,49.836,73.625,63.739000000000004,85.819,54.883,83.3275,73.2345,83.164,52.7,82.389,71.3215,79.92699999999999,51.1205,80.801,69.487,-0.1339999999999999,-0.021500000000000075,0.104275,0.110075,0.0,210.56,210.57,206.99333333333334,206.99333333333334,0.0,0.0
828,0.0,0.0,0.0,1.0,1.0,0.0,0.0,1.0,0.0,100.0,1.0,1.1856,26.0,0.0,0.0,40.891000000000005,57.999998,0.0,26.0,26.0,26.0,26.0,0.01588888888888884,0.27180000000000004,0.018850000000000002,294.54,-2.72715,-2.6491249999999997,-1.5689000000000002,-1.5057,-241.32999999999998,216.01,190.7835,0.0,0.0,0.0,0.0,0.021566666666666668,-5.498166666666667,-5.498166666666667,-0.5344,-1.1723333333333334,0.03600000000000003,1.024,67.367,0.002,-0.2223,-0.6139999999999999,100.0,1.0,1.0,207.42666666666668,0.0,0.0,0.0,0.0,0.0,0.0,0.0,8792.0,0.0,55.0,5.0,242.49333333333334,0.0,0.0,0.0,0.0,0.0,0.0,0.0,0.0,0.5189999999999984,0.5189999999999984,40.891000000000005,23.607,0.0,55.0,616.79921,10000.0,85.000001,85.000001,85.000001,85.000001,395.0,0.0,0.0,0.0,1.0,166.665,54.687,54.687,49.454,49.454,34.0,-22.1325,25.972,-28.303333333333335,29.8825,1.0,1741.532,-0.7349999999999994,100.0,27.647,27.131,43.269999999999996,43.268,0.0,0.0,100.0,0.0,0.0,0.0,0.0,2950.25,3090.7,4007.25,4154.8,307.643,306.2846666666667,316.8985,316.197,27.7306,23.8174,27.6248,26.0433,314.999998,314.999998,324.999988,324.999988,99.71984285714285,99.5716,99.72924285714285,99.66415714285715,0.10499999999999998,-0.01574999999999993,-0.10366666666666667,0.125,-0.030000000000001137,-0.05333333333332746,1.3539999999999999,1.329,74.316,49.859,73.655,63.7705,85.722,54.862,83.267,73.209,83.071,52.681,82.33,71.299,79.838,51.102000000000004,80.74,69.46433333333333,-0.13349999999999995,-0.015499999999999847,0.10822500000000002,0.10582000000000001,0.0,210.945,210.985,207.42666666666668,207.42666666666668,0.0,0.0
829,0.0,0.0,0.0,1.0,1.0,0.0,0.0,1.0,0.0,100.0,1.0,1.1856,26.0,0.0,0.0,40.891000000000005,57.999998,0.0,26.0,26.0,26.0,26.0,0.04588888888888887,0.2895000000000001,-0.03685,294.754,-2.71455,-2.65875,-1.60105,-1.4934,-238.09,215.985,190.763375,0.0,0.0,0.0,0.0,0.022600000000000002,-5.498166666666667,-5.498166666666667,-0.5508000000000001,0.5153333333333333,0.04166666666666674,0.44399999999999995,67.498,0.017400000000000002,-0.21575,-0.726,100.0,1.0,1.0,207.95666666666668,0.0,0.0,0.0,0.0,0.0,0.0,0.0,8814.5,0.0,55.0,5.0,242.96333333333334,1.0,0.0,0.0,0.0,0.0,0.0,0.0,0.0,0.5670000000000002,0.5670000000000002,40.891000000000005,23.607,1.0,55.0,616.79921,10000.0,85.000001,85.000001,85.000001,85.000001,395.0,0.0,0.0,0.0,1.0,333.33500000000004,54.504,54.504,49.957,49.957,34.0,-20.18,28.086,-27.226666666666663,29.945,1.0,1741.482,-1.1799999999999997,100.0,27.602,27.434,42.518,42.871,0.0,0.0,100.0,0.0,0.0,0.0,0.0,2946.625,3135.0,3994.625,4084.3,307.5285,306.0926666666667,317.025,316.415,27.735,23.821,27.6291,26.0477,314.999998,314.999998,324.999988,324.999988,99.71985714285714,99.5716,99.72935714285714,99.66427142857142,0.15233333333333343,0.020000000000000018,-0.0835,0.14883333333333335,-0.041666666666671404,-0.045000000000001705,1.403,1.3845,74.344,49.881,73.682,63.798,85.631,54.8435,83.2055,73.182,82.984,52.665,82.2695,71.2745,79.756,51.0865,80.6785,69.44,-0.16449999999999987,0.009500000000000064,0.10909500000000001,0.11180000000000001,0.0,211.39,211.43,207.95666666666668,207.95666666666668,0.0,0.0
830,0.0,0.0,0.0,1.0,1.0,0.0,0.0,1.0,0.0,100.0,1.0,1.1856,26.0,0.0,-0.003,40.891000000000005,57.999998,0.0,26.0,26.0,26.0,26.0,0.022666666666666613,0.26260000000000017,0.024900000000000002,294.25,-2.7475,-2.64725,-1.5819,-1.5208,-234.64,215.96,190.74125,0.0,0.0,0.0,0.0,0.025466666666666665,-5.498166666666667,-5.498166666666667,-0.5388000000000001,0.03166666666666662,0.035222222222222044,-1.3159999999999998,67.642,0.0392,-0.20955000000000001,-0.3420000000000005,100.0,1.0,1.0,208.26333333333332,0.0,0.0,0.0,0.0,0.0,0.0,0.0,8827.6,0.0,55.0,5.0,243.48000000000002,0.0,0.0,0.0,0.0,0.0,0.0,1.0,0.0,0.6179999999999986,0.6179999999999986,40.891000000000005,23.607,0.0,55.0,616.79921,10000.0,85.000001,85.000001,85.000001,85.000001,395.0,0.0,0.0,0.0,1.0,166.665,54.199,54.199,49.362,49.362,34.0,-23.895,25.560000000000002,-27.97,32.332499999999996,1.0,1741.431,-1.1999999999999993,100.0,27.458,27.838,42.725,43.307,0.0,0.0,100.0,0.0,0.0,0.0,0.0,3150.375,3079.5,4135.75,4213.8,307.2285,306.069,316.7155,316.02825,27.7396,23.8248,27.6339,26.052599999999998,314.999998,314.999998,324.999988,324.999988,99.71988571428571,99.57161666666667,99.72948571428572,99.6644,0.1070000000000002,-0.031000000000000028,-0.07266666666666667,0.15383333333333335,-0.00999999999999801,-0.023333333333326323,1.3265,1.3075,74.373,49.905,73.712,63.829,85.535,54.826,83.1445,73.156,82.892,52.649,82.209,71.2515,79.668,51.0715,80.617,69.41666666666667,-0.11549999999999994,-0.03849999999999998,0.10544500000000001,0.10973500000000001,0.0,211.8,211.84,208.26333333333332,208.26333333333332,0.0,0.0
831,0.0,0.0,0.0,1.0,1.0,0.0,0.0,1.0,0.0,100.0,1.0,1.1856,26.0,0.0,-0.003,40.891000000000005,57.999998,0.0,26.0,26.0,26.0,26.0,0.09277777777777785,0.2821,0.00395,294.159,-2.72025,-2.6574999999999998,-1.6131,-1.5227,-231.39,215.9375,190.721,0.0,0.0,0.0,0.0,0.027333333333333334,-5.498166666666667,-5.498166666666667,-0.539,-0.1483333333333332,0.04044444444444428,-0.20100000000000007,67.774,0.036000000000000004,-0.21962500000000001,-0.8279999999999994,100.0,1.0,1.0,208.66666666666669,0.0,0.0,0.0,0.0,0.0,0.0,0.0,8844.6,0.0,55.0,5.0,243.96,1.0,0.0,0.0,0.0,0.0,0.0,1.0,0.0,0.6660000000000004,0.6660000000000004,40.891000000000005,23.607,1.0,55.0,616.79921,10000.0,85.000001,85.000001,85.000001,85.000001,395.0,0.0,0.0,0.0,1.0,333.33500000000004,54.153,54.153,49.5,49.5,34.0,-21.6875,26.986,-28.366666666666664,32.45,1.0,1741.383,-1.0350000000000001,100.0,27.726,27.896,42.833,43.646,0.0,0.0,100.0,0.0,0.0,0.0,0.0,3130.0,3012.6,4129.75,4200.1,307.267,306.25966666666665,316.737,316.05075,27.744,23.8283,27.6384,26.0573,314.999998,314.999998,324.999988,324.999988,99.7199,99.57161666666667,99.7296,99.66452857142858,0.14733333333333354,0.018000000000000016,-0.07433333333333333,0.15866666666666665,-0.046666666666666856,-0.05666666666667197,1.3419999999999999,1.3185,74.4,49.927,73.74000000000001,63.858000000000004,85.447,54.808,83.086,73.1315,82.809,52.633,82.1515,71.23,79.588,51.0565,80.55799999999999,69.39533333333333,-0.15849999999999986,0.0044999999999999485,0.10852500000000001,0.10710000000000001,0.0,212.235,212.275,208.66666666666669,208.66666666666669,0.0,0.0
832,0.0,0.0,0.0,1.0,1.0,0.0,0.0,1.0,0.0,100.0,1.0,1.1856,26.0,0.0,-0.003,40.891000000000005,57.999998,0.0,26.0,26.0,26.0,26.0,0.08311111111111114,0.27370000000000005,-0.00115,294.281,-2.7506,-2.65625,-1.62215,-1.5004,-227.93,215.91500000000002,190.6995,0.0,0.0,0.0,0.0,0.02936666666666667,-5.498166666666667,-5.498166666666667,-0.5455,0.006333333333333302,0.0725555555555557,0.823,67.913,0.0506,-0.2197,-1.1520000000000001,100.0,1.0,1.0,209.14666666666668,0.0,0.0,0.0,0.0,0.0,0.0,0.0,8864.9,0.0,55.0,5.0,244.46,0.0,0.0,0.0,0.0,0.0,0.0,1.0,0.0,0.7169999999999987,0.7169999999999987,40.891000000000005,23.607,0.0,55.0,616.79921,10000.0,85.000001,85.000001,85.000001,85.000001,395.0,0.0,0.0,0.0,1.0,166.665,54.092,54.092,49.728,49.728,34.0,-20.9025,29.186,-26.026666666666664,32.635000000000005,1.0,1741.333,-1.0549999999999997,100.0,27.643,27.836,42.681,43.607,0.0,0.0,100.0,0.0,0.0,0.0,0.0,3086.25,3169.3,3980.25,4182.3,307.2875,305.9916666666667,317.002,316.1635,27.7485,23.832,27.643,26.0621,314.999998,314.999998,324.999988,324.999988,99.71991428571428,99.57161666666667,99.72974285714285,99.66465714285714,0.16599999999999993,0.03774999999999995,-0.0525,0.17683333333333334,-0.015000000000000568,-0.05833333333333002,1.3795,1.3505,74.428,49.9505,73.769,63.888,85.353,54.789500000000004,83.022,73.1055,82.719,52.6165,82.089,71.207,79.502,51.0405,80.494,69.37233333333333,-0.15849999999999986,0.007500000000000062,0.11424500000000001,0.09994000000000001,0.0,212.63,212.715,209.14666666666668,209.14666666666668,0.0,0.0
833,0.0,0.0,0.0,1.0,1.0,0.0,0.0,1.0,0.0,100.0,1.0,1.1856,26.0,0.0,-0.006,40.891000000000005,57.999998,0.0,26.0,26.0,26.0,26.0,0.127,0.28190000000000004,0.02475,294.25,-2.75465,-2.6262499999999998,-1.6386,-1.5122,-224.67000000000002,215.8975,190.678875,0.0,0.0,0.0,0.0,0.03126666666666667,-5.498166666666667,-5.498166666666667,-0.5379,-0.2270000000000001,0.08966666666666678,0.28600000000000003,68.04599999999999,0.0625,-0.2063,-1.2359999999999998,100.0,1.0,1.0,209.46666666666667,0.0,0.0,0.0,0.0,0.0,0.0,0.0,8878.5,0.0,55.0,5.0,244.93666666666667,1.0,0.0,0.0,0.0,0.0,0.0,1.0,0.0,0.7650000000000006,0.7650000000000006,40.891000000000005,23.607,1.0,55.0,616.79921,10000.0,85.000001,85.000001,85.000001,85.000001,395.0,0.0,0.0,0.0,1.0,166.665,54.55,54.55,48.95,48.95,34.0,-17.8125,29.166,-27.206666666666663,35.265,1.0,1741.285,-1.0249999999999986,100.0,27.511,27.894,42.627,43.829,0.0,0.0,100.0,0.0,0.0,0.0,0.0,2759.625,3170.0,4227.75,4295.5,308.0455,306.01366666666667,316.55175,315.91275,27.7527,23.8356,27.6473,26.0667,314.999998,314.999998,324.999988,324.999988,99.71992857142857,99.57161666666667,99.72985714285714,99.66478571428571,0.18166666666666664,0.044499999999999984,-0.0325,0.19816666666666666,-0.04833333333333201,-0.05833333333333002,1.3555,1.306,74.455,49.9725,73.79599999999999,63.917,85.264,54.7725,82.9625,73.082,82.634,52.6015,82.0305,71.186,79.42,51.025999999999996,80.4345,69.35166666666666,-0.15999999999999992,0.007500000000000062,0.11241500000000001,0.11375,0.0,213.05,213.135,209.46666666666667,209.46666666666667,0.0,0.0
834,0.0,0.0,0.0,1.0,1.0,0.0,0.0,1.0,0.0,100.0,1.0,1.1856,26.0,0.0,-0.006,40.891000000000005,57.999998,0.0,26.0,26.0,26.0,26.0,0.14655555555555577,0.2734000000000001,-0.025,294.022,-2.80265,-2.5745,-1.60565,-1.5136,-221.2,215.88,190.6565,0.0,0.0,0.0,0.0,0.033266666666666674,-5.498166666666667,-5.498166666666667,-0.5634,0.09366666666666656,0.07088888888888878,-1.141,68.18299999999999,0.07250000000000001,-0.22870000000000001,-1.0579999999999998,100.0,1.0,1.0,210.01333333333332,0.0,0.0,0.0,0.0,0.0,0.0,0.0,8901.7,0.0,55.0,5.0,245.43,0.0,0.0,0.0,0.0,0.0,0.0,1.0,0.0,0.815999999999999,0.815999999999999,40.891000000000005,23.607,0.0,55.0,616.79921,10000.0,85.000001,85.000001,85.000001,85.000001,395.0,0.0,0.0,0.0,1.0,333.33500000000004,53.391,53.391,49.683,49.683,34.0,-22.6925,30.28,-23.743333333333336,32.695,1.0,1741.233,-0.9649999999999999,100.0,27.572,28.364,42.573,43.804,0.0,0.0,100.0,0.0,0.0,0.0,0.0,3298.625,3317.1,3897.625,4065.7,306.876,305.45533333333333,317.19975,316.37525,27.7572,23.8395,27.6519,26.0715,314.999998,314.999998,324.999988,324.999988,99.71995714285714,99.57163333333334,99.72998571428572,99.66491428571429,0.17233333333333345,0.03950000000000009,-0.02666666666666667,0.197,-0.03833333333332689,-0.04333333333332945,1.399,1.3645,74.482,49.9965,73.824,63.947,85.17,54.756,82.8995,73.055,82.544,52.587,81.9685,71.162,79.334,51.0125,80.371,69.32733333333333,-0.15100000000000002,-0.0030000000000001137,0.10276,0.110075,0.0,213.45499999999998,213.535,210.01333333333332,210.01333333333332,0.0,0.0
835,0.0,0.0,0.0,1.0,1.0,0.0,0.0,1.0,0.0,100.0,1.0,1.1856,26.0,0.0,-0.003,40.891000000000005,57.999998,0.0,26.0,26.0,26.0,26.0,0.13511111111111118,0.2693000000000001,0.09425,293.579,-2.68295,-2.6571249999999997,-1.56845,-1.4711,-217.70999999999998,215.8675,190.633875,0.0,0.0,0.0,0.0,0.035300000000000005,-5.498166666666667,-5.498166666666667,-0.5424,-0.12166666666666681,0.06533333333333324,1.2850000000000001,68.324,0.0737,-0.2094,-1.1660000000000004,100.0,1.0,1.0,210.22,0.0,0.0,0.0,0.0,0.0,0.0,0.0,8910.4,0.0,55.0,5.0,245.93666666666667,1.0,0.0,0.0,0.0,0.0,0.0,1.0,0.0,0.8670000000000009,0.8670000000000009,40.891000000000005,23.607,1.0,55.0,616.79921,10000.0,85.000001,85.000001,85.000001,85.000001,395.0,0.0,0.0,0.0,1.0,333.33500000000004,53.925,53.925,48.492,48.492,34.0,-18.0225,29.988,-26.426666666666666,37.4725,1.0,1741.182,-1.1099999999999994,100.0,27.865,28.18,43.064,44.076,0.0,0.0,100.0,0.0,0.0,0.0,0.0,2951.0,3178.6,4298.375,4553.9,307.4945,305.90633333333335,316.28,315.42425,27.7616,23.8432,27.6565,26.0764,314.999998,314.999998,324.999988,324.999988,99.71997142857143,99.57163333333334,99.73011428571428,99.66504285714285,0.19733333333333336,0.05225000000000013,-0.019,0.19833333333333333,-0.02499999999999858,-0.036666666666668846,1.2894999999999999,1.246,74.51,50.0205,73.85300000000001,63.9775,85.077,54.7385,82.838,73.0305,82.456,52.5715,81.908,71.14,79.249,50.9975,80.309,69.30566666666667,-0.16799999999999993,0.007500000000000062,0.10692000000000002,0.10683000000000001,0.0,213.905,213.98000000000002,210.22,210.22,0.0,0.0
836,0.0,0.0,0.0,1.0,1.0,0.0,0.0,1.0,0.0,100.0,1.0,1.1856,26.0,0.0,-0.003,40.891000000000005,57.999998,0.0,26.0,26.0,26.0,26.0,0.16755555555555568,0.27080000000000015,0.0316,293.747,-2.721,-2.65925,-1.58045,-1.5177,-214.43,215.85750000000002,190.612625,0.0,0.0,0.0,0.0,0.037200000000000004,-5.498166666666667,-5.498166666666667,-0.5628000000000001,-0.06133333333333324,0.08566666666666678,0.694,68.451,0.0745,-0.229825,-1.42,100.0,1.0,1.0,210.74666666666667,0.0,0.0,0.0,0.0,0.0,0.0,0.0,8932.8,0.0,55.0,5.0,246.39666666666665,0.0,0.0,0.0,0.0,0.0,0.0,1.0,0.0,0.9149999999999991,0.9149999999999991,40.891000000000005,23.607,0.0,55.0,616.79921,10000.0,85.000001,85.000001,85.000001,85.000001,395.0,0.0,0.0,0.0,1.0,333.33500000000004,53.574,53.574,49.118,49.118,34.0,-18.5325,32.242,-23.113333333333333,35.845,1.0,1741.135,-1.384999999999998,100.0,27.826999999999998,28.437,42.912,44.24,0.0,0.0,100.0,0.0,0.0,0.0,0.0,3033.375,3328.3,3932.875,4259.0,307.394,305.4866666666667,317.049,315.9505,27.7658,23.8469,27.660800000000002,26.081,314.999998,314.999998,324.999988,324.999988,99.72,99.57165,99.73022857142857,99.66517142857143,0.20466666666666677,0.06525000000000003,-0.010833333333333334,0.212,-0.021666666666668277,-0.060000000000002274,1.3659999999999999,1.295,74.536,50.043,73.88,64.006,84.989,54.7235,82.7775,73.006,82.372,52.5585,81.8485,71.119,79.169,50.985,80.248,69.28466666666667,-0.1835,0.02400000000000002,0.10594500000000001,0.10497500000000001,0.0,214.26999999999998,214.385,210.74666666666667,210.74666666666667,0.0,0.0
837,0.0,0.0,0.0,1.0,1.0,0.0,0.0,1.0,0.0,100.0,1.0,1.1856,26.0,0.0,-0.003,40.891000000000005,57.999998,0.0,26.0,26.0,26.0,26.0,0.20844444444444443,0.27390000000000003,-5e-05,293.564,-2.73385,-2.622625,-1.6130499999999999,-1.5356,-210.94,215.85250000000002,190.59,0.0,0.0,0.0,0.0,0.039233333333333335,-5.498166666666667,-5.498166666666667,-0.5352,0.2646666666666666,0.09766666666666679,-0.704,68.589,0.0821,-0.201325,-1.6419999999999995,100.0,1.0,1.0,211.07999999999998,0.0,0.0,0.0,0.0,0.0,0.0,0.0,8946.9,0.0,55.0,5.0,246.89,1.0,0.0,0.0,0.0,0.0,0.0,1.0,0.0,0.9660000000000011,0.9660000000000011,40.891000000000005,23.607,1.0,55.0,616.79921,10000.0,85.000001,85.000001,85.000001,85.000001,395.0,0.0,0.0,0.0,1.0,333.33500000000004,53.94,53.94,48.507999999999996,48.507999999999996,34.0,-16.8925,29.63,-26.226666666666663,37.165,1.0,1741.083,-1.6750000000000007,100.0,27.865,28.768,42.822,44.731,0.0,0.0,100.0,0.0,0.0,0.0,0.0,2876.625,3070.4,4297.625,4365.3,307.8595,306.087,316.445,315.68375,27.7702,23.8507,27.665399999999998,26.0858,314.999998,314.999998,324.999988,324.999988,99.72002857142857,99.57165,99.73035714285714,99.6653,0.21733333333333338,0.07550000000000012,-0.010833333333333334,0.20716666666666667,-0.03999999999999915,-0.04333333333332945,1.3265,1.268,74.564,50.067,73.908,64.0365,84.898,54.709,82.7145,72.982,82.285,52.546,81.7865,71.0975,79.086,50.973,80.1845,69.26333333333334,-0.20750000000000002,0.047499999999999876,0.10028000000000001,0.11080000000000001,0.0,214.735,214.84,211.07999999999998,211.07999999999998,0.0,0.0
838,0.0,0.0,0.0,1.0,1.0,0.0,0.0,1.0,0.0,100.0,1.0,1.1856,26.0,0.0,-0.006,40.891000000000005,57.999998,0.0,26.0,26.0,26.0,26.0,0.2102222222222221,0.2509000000000001,-0.05135,293.839,-2.80015,-2.5623750000000003,-1.6473499999999999,-1.5158,-207.44,215.85,190.56725,0.0,0.0,0.0,0.0,0.041266666666666674,-5.498166666666667,-5.498166666666667,-0.5746,-0.8426666666666667,0.10244444444444434,0.31899999999999995,68.723,0.0969,-0.23805,-2.08,100.0,1.0,1.0,211.65666666666667,0.0,0.0,0.0,0.0,0.0,0.0,0.0,8971.3,0.0,55.0,5.0,247.37666666666667,0.0,0.0,0.0,0.0,0.0,0.0,1.0,0.0,1.0169999999999995,1.0169999999999995,40.891000000000005,23.607,0.0,55.0,616.79921,10000.0,85.000001,85.000001,85.000001,85.000001,395.0,0.0,0.0,0.0,1.0,166.665,53.574,53.574,49.118,49.118,34.0,-17.33,33.95,-21.553333333333335,34.8575,1.0,1741.033,-1.8599999999999994,100.0,27.646,28.564,43.066,44.759,0.0,0.0,100.0,0.0,0.0,0.0,0.0,2988.75,3408.3,3792.125,4029.0,307.562,305.377,317.38075,316.46575,27.7744,23.8546,27.6699,26.090600000000002,314.999998,314.999998,324.999988,324.999988,99.72004285714286,99.57166666666667,99.73048571428572,99.66544285714286,0.23966666666666647,0.10850000000000004,0.013000000000000001,0.24766666666666667,-0.02499999999999858,-0.03999999999999915,1.416,1.35,74.59,50.091,73.937,64.0665,84.805,54.6955,82.6515,72.9565,82.196,52.5345,81.7245,71.075,79.0,50.962,80.121,69.24066666666667,-0.22599999999999998,0.0645,0.10596000000000001,0.10591500000000001,0.0,215.04500000000002,215.22500000000002,211.65666666666667,211.65666666666667,0.0,0.0
839,0.0,0.0,0.0,1.0,1.0,0.0,0.0,1.0,0.0,100.0,1.0,1.1856,26.0,0.0,-0.006,40.891000000000005,57.999998,0.0,26.0,26.0,26.0,26.0,0.20999999999999996,0.27690000000000015,0.00885,293.488,-2.8205999999999998,-2.55725,-1.67355,-1.4516,-203.93,215.85500000000002,190.543625,0.0,0.0,0.0,0.0,0.043300000000000005,-5.498166666666667,-5.498166666666667,-0.5599000000000001,0.5046666666666666,0.09966666666666679,-0.677,68.86,0.1202,-0.20345000000000002,-2.01,100.0,1.0,1.0,211.93333333333334,0.0,0.0,0.0,0.0,0.0,0.0,0.0,8983.1,0.0,55.0,5.0,247.86666666666667,1.0,0.0,0.0,0.0,0.0,0.0,1.0,0.0,1.0679999999999978,1.0679999999999978,40.891000000000005,23.607,1.0,55.0,616.79921,10000.0,85.000001,85.000001,85.000001,85.000001,395.0,0.0,0.0,0.0,1.0,166.665,53.665,53.665,48.615,48.615,34.0,-19.8275,29.83,-24.943333333333335,38.8825,1.0,1740.982,-0.8099999999999987,100.0,27.66,28.842,42.588,44.683,0.0,0.0,100.0,0.0,0.0,0.0,0.0,3049.75,3184.0,4307.5,4419.9,307.492,305.79533333333336,316.45825,315.66525,27.7787,23.8585,27.6743,26.0953,314.999998,314.999998,324.999988,324.999988,99.72007142857143,99.57168333333334,99.73061428571428,99.66557142857143,0.19566666666666643,0.0645,0.026166666666666668,0.25533333333333336,-0.045000000000001705,-0.03166666666666629,1.3545,1.2765,74.617,50.1155,73.964,64.0955,84.714,54.6835,82.5875,72.931,82.11,52.524,81.6615,71.053,78.917,50.952,80.0565,69.21866666666666,-0.16149999999999998,0.006000000000000005,0.11008000000000001,0.10629000000000001,0.0,215.54000000000002,215.685,211.93333333333334,211.93333333333334,0.0,0.0
840,0.0,0.0,0.0,1.0,1.0,0.0,0.0,1.0,0.0,100.0,1.0,1.1856,26.0,0.0,-0.003,40.891000000000005,57.999998,0.0,26.0,26.0,26.0,26.0,0.12188888888888894,0.26150000000000007,-0.0018000000000000002,293.365,-2.87075,-2.526625,-1.69445,-1.4586000000000001,-200.41,215.865,190.52,0.0,0.0,0.0,0.0,0.04536666666666667,-5.498166666666667,-5.498166666666667,-0.5626,-0.44033333333333324,0.0988888888888888,-0.030000000000000027,68.995,0.1202,-0.21545,-0.8600000000000003,100.0,1.0,1.0,212.34333333333333,0.0,0.0,0.0,0.0,0.0,0.0,0.0,9000.5,0.0,55.0,5.0,248.35333333333335,0.0,0.0,0.0,0.0,0.0,0.0,0.0,0.0,1.1189999999999998,1.1189999999999998,40.891000000000005,23.607,0.0,55.0,616.79921,10000.0,85.000001,85.000001,85.000001,85.000001,395.0,0.0,0.0,0.0,1.0,166.665,53.467,53.467,48.400999999999996,48.400999999999996,34.0,-22.565,29.226,-24.933333333333334,36.8625,1.0,1740.931,0.15000000000000213,100.0,27.735,28.662,43.1,44.928,0.0,0.0,100.0,0.0,0.0,0.0,0.0,3027.375,3405.2,4148.25,4303.6,307.4375,305.4216666666667,316.66475,315.9175,27.7829,23.8624,27.6789,26.1002,314.999998,314.999998,324.999988,324.999988,99.7201,99.57168333333334,99.73075714285714,99.66571428571429,0.1426666666666665,0.013000000000000123,0.015166666666666667,0.24166666666666667,-0.015000000000000568,-0.04999999999999716,1.3415,1.3035,74.643,50.14,73.993,64.126,84.619,54.667,82.5255,72.908,82.019,52.5095,81.6005,71.0325,78.83,50.9385,79.994,69.19833333333334,-0.07050000000000001,-0.08850000000000025,0.10866500000000001,0.10239500000000001,0.0,215.945,216.05,212.34333333333333,212.34333333333333,0.0,0.0
841,0.0,0.0,0.0,1.0,1.0,0.0,0.0,1.0,0.0,100.0,1.0,1.1856,26.0,0.0,-0.006,40.891000000000005,57.999998,0.0,26.0,26.0,26.0,26.0,0.03933333333333322,0.2784,-0.04535,293.488,-2.7116,-2.619875,-1.7102,-1.46,-197.1,215.8775,190.497875,0.0,0.0,0.0,0.0,0.04726666666666667,-5.498166666666667,-5.498166666666667,-0.5688,0.22099999999999997,0.0694444444444442,0.40100000000000025,69.12,0.0835,-0.218175,0.30799999999999983,100.0,1.0,1.0,212.76999999999998,0.0,0.0,0.0,0.0,0.0,0.0,0.0,9018.6,0.0,55.0,5.0,248.80333333333334,1.0,0.0,0.0,0.0,0.0,0.0,0.0,0.0,1.166999999999998,1.166999999999998,40.891000000000005,23.607,1.0,55.0,616.79921,10000.0,85.000001,85.000001,85.000001,85.000001,395.0,0.0,0.0,0.0,1.0,166.665,53.68,53.68,48.828,48.828,34.0,-22.4625,25.77,-28.689999999999998,33.3625,1.0,1740.883,0.6350000000000016,100.0,28.314,28.473,43.173,44.601,0.0,0.0,100.0,0.0,0.0,0.0,0.0,2965.75,3157.3,4215.875,4299.6,307.476,306.026,316.56425,315.99925,27.787,23.866,27.6831,26.1046,314.999998,314.999998,324.999988,324.999988,99.72011428571429,99.5717,99.73087142857143,99.66584285714286,0.10233333333333361,-0.032749999999999946,-0.04083333333333334,0.182,-0.03166666666666629,-0.03499999999999659,1.3435,1.3425,74.669,50.1625,74.019,64.15350000000001,84.529,54.65,82.46600000000001,72.883,81.93299999999999,52.4945,81.542,71.01050000000001,78.748,50.924,79.934,69.17633333333333,-0.02499999999999991,-0.13149999999999995,0.10035000000000001,0.11053,0.0,216.425,216.4,212.76999999999998,212.76999999999998,0.0,0.0
842,0.0,0.0,0.0,1.0,1.0,0.0,0.0,1.0,0.0,100.0,1.0,1.1856,26.0,0.0,-0.006,40.891000000000005,57.999998,0.0,26.0,26.0,26.0,26.0,-0.004222222222222127,0.25860000000000016,-0.052250000000000005,293.9,-2.79175,-2.62,-1.57815,-1.5329000000000002,-193.57,215.89,190.47325,0.0,0.0,0.0,0.0,0.04933333333333333,-5.498166666666667,-5.498166666666667,-0.5952000000000001,-1.0516666666666667,0.051444444444444404,-1.0659999999999998,69.254,0.025500000000000002,-0.22312500000000002,1.1420000000000003,100.0,1.0,1.0,213.19333333333333,0.0,0.0,0.0,0.0,0.0,0.0,0.0,9036.4,0.0,55.0,5.0,249.29000000000002,0.0,0.0,0.0,0.0,0.0,0.0,0.0,0.0,1.218,1.218,40.891000000000005,23.607,0.0,55.0,616.79921,10000.0,85.000001,85.000001,85.000001,85.000001,395.0,0.0,0.0,0.0,1.0,166.665,54.153,54.153,48.935,48.935,34.0,-26.015,22.512,-29.323333333333334,28.0825,1.0,1740.832,0.870000000000001,100.0,27.739,28.134999999999998,43.512,44.353,0.0,0.0,100.0,0.0,0.0,0.0,0.0,3076.25,3036.8,4059.875,4016.8,307.452,306.29466666666667,316.8635,316.4665,27.7911,23.8695,27.6876,26.1092,314.999998,314.999998,324.999988,324.999988,99.72012857142857,99.5717,99.731,99.66597142857142,0.04933333333333367,-0.08524999999999994,-0.11233333333333333,0.10866666666666668,-0.036666666666668846,-0.02499999999999858,1.3345,1.3735,74.695,50.1845,74.048,64.1825,84.429,54.6305,82.404,72.8555,81.837,52.477000000000004,81.481,70.986,78.656,50.9075,79.8715,69.15166666666667,-0.007500000000000062,-0.15050000000000008,0.106745,0.101125,0.0,216.85500000000002,216.73000000000002,213.19333333333333,213.19333333333333,0.0,0.0
843,0.0,0.0,0.0,1.0,1.0,0.0,0.0,1.0,0.0,100.0,1.0,1.1856,26.0,0.0,-0.006,40.891000000000005,57.999998,0.0,26.0,26.0,26.0,26.0,-0.08599999999999997,0.27090000000000014,0.055600000000000004,293.167,-2.69175,-2.71075,-1.6071,-1.561,-190.24,215.9025,190.448875,0.0,0.0,0.0,0.0,0.05126666666666667,-5.498166666666667,-5.498166666666667,-0.596,1.1143333333333334,-0.00533333333333319,-2.023,69.379,-0.0253,-0.209125,1.5940000000000003,100.0,1.0,1.0,213.58666666666667,0.0,0.0,0.0,0.0,0.0,0.0,0.0,9053.2,0.0,55.0,5.0,249.73333333333335,1.0,0.0,0.0,0.0,0.0,0.0,0.0,0.0,1.2659999999999982,1.2659999999999982,40.891000000000005,23.607,1.0,55.0,616.79921,10000.0,85.000001,85.000001,85.000001,85.000001,395.0,0.0,0.0,0.0,1.0,166.665,52.75,52.75,48.721000000000004,48.721000000000004,34.0,-30.177500000000002,23.055999999999997,-35.50666666666667,26.4775,1.0,1740.784,0.8449999999999989,100.0,28.81,28.573,43.476,43.695,0.0,0.0,100.0,0.0,0.0,0.0,0.0,3466.375,3141.2,4416.5,4064.2,306.39,305.859,316.28925,316.42775,27.7954,23.8731,27.6918,26.113500000000002,314.999998,314.999998,324.999988,324.999988,99.72012857142857,99.57171666666666,99.73111428571428,99.66608571428571,0.02733333333333343,-0.11699999999999999,-0.16366666666666665,0.06466666666666668,-0.045000000000001705,-0.030000000000001137,1.3335,1.3784999999999998,74.721,50.207,74.074,64.209,84.336,54.618,82.3445,72.827,81.75,52.466,81.4225,70.9605,78.572,50.897,79.8115,69.12633333333333,-0.01949999999999985,-0.1499999999999999,0.110685,0.10915000000000001,0.0,217.305,217.15,213.58666666666667,213.58666666666667,0.0,0.0
844,0.0,0.0,0.0,1.0,1.0,0.0,0.0,1.0,0.0,100.0,1.0,1.1856,26.0,0.0,-0.006,40.891000000000005,57.999998,0.0,26.0,26.0,26.0,26.0,-0.12488888888888894,0.2518,0.0329,292.77,-2.6846,-2.708625,-1.55415,-1.6553,-186.49,215.91500000000002,190.422125,0.0,0.0,0.0,0.0,0.05343333333333334,-5.498166666666667,-5.498166666666667,-0.5694,-0.7263333333333333,-0.04588888888888887,-1.31,69.522,-0.06760000000000001,-0.209625,1.5460000000000003,100.0,1.0,1.0,213.85000000000002,0.0,0.0,0.0,0.0,0.0,0.0,0.0,9064.3,0.0,55.0,5.0,250.25333333333333,0.0,0.0,0.0,0.0,0.0,0.0,0.0,0.0,1.3200000000000003,1.3200000000000003,40.891000000000005,23.607,0.0,55.0,616.79921,10000.0,85.000001,85.000001,85.000001,85.000001,395.0,0.0,0.0,0.0,1.0,166.665,53.482,53.482,47.15,47.15,34.0,-28.65,20.2,-39.06333333333333,27.4875,1.0,1740.73,0.6999999999999993,100.0,29.032,28.32,45.117000000000004,44.329,0.0,0.0,100.0,0.0,0.0,0.0,0.0,3205.875,2956.1,4555.625,4215.7,307.1595,306.53633333333335,315.88825,315.996,27.8001,23.8769,27.6969,26.1185,314.999998,314.999998,324.999988,324.999988,99.72012857142857,99.57173333333333,99.73127142857143,99.66624285714286,-0.006000000000000005,-0.14249999999999996,-0.20233333333333334,0.026333333333333334,-0.03166666666666629,-0.036666666666668846,1.2389999999999999,1.2945,74.751,50.2305,74.105,64.241,84.232,54.602000000000004,82.2845,72.7995,81.65,52.452,81.3635,70.936,78.477,50.8835,79.751,69.10166666666666,-0.03149999999999986,-0.13549999999999995,0.10764000000000001,0.10486500000000001,0.0,217.715,217.57,213.85000000000002,213.85000000000002,0.0,0.0
845,0.0,0.0,0.0,1.0,1.0,0.0,0.0,1.0,0.0,100.0,1.0,1.1856,26.0,0.0,-0.009,40.891000000000005,57.999998,0.0,26.0,26.0,26.0,26.0,-0.14100000000000001,0.2633000000000001,-0.0852,293.289,-2.65415,-2.7117500000000003,-1.5754000000000001,-1.613,-183.14999999999998,215.9225,190.39875,0.0,0.0,0.0,0.0,0.055400000000000005,-5.498166666666667,-5.498166666666667,-0.6073000000000001,-0.021666666666666723,-0.05966666666666676,-0.9550000000000001,69.642,-0.0863,-0.23752500000000001,1.5700000000000003,100.0,1.0,1.0,214.48000000000002,0.0,0.0,0.0,0.0,0.0,0.0,0.0,9091.0,0.0,55.0,5.0,250.68333333333334,1.0,0.0,0.0,0.0,0.0,0.0,0.0,0.0,1.3679999999999986,1.3679999999999986,40.891000000000005,23.607,1.0,55.0,616.79921,10000.0,85.000001,85.000001,85.000001,85.000001,395.0,0.0,0.0,0.0,1.0,166.665,53.024,53.024,49.149,49.149,34.0,-31.8825,20.165999999999997,-33.25333333333333,22.939999999999998,1.0,1740.683,0.5899999999999999,100.0,29.186,28.111,44.75,43.813,0.0,0.0,100.0,0.0,0.0,0.0,0.0,3528.0,2979.3,3984.625,3917.9,306.2985,306.40833333333336,317.09625,316.68525,27.8042,23.8802,27.701,26.1228,314.999998,314.999998,324.999988,324.999988,99.72012857142857,99.57175,99.73138571428571,99.66635714285714,-0.00533333333333319,-0.15025,-0.2175,0.0075,-0.046666666666666856,-0.05833333333333002,1.3875,1.45,74.776,50.2515,74.131,64.2675,84.139,54.588499999999996,82.226,72.771,81.561,52.4405,81.3065,70.9095,78.392,50.872,79.6925,69.07533333333333,-0.040999999999999925,-0.12700000000000022,0.10579500000000001,0.10550000000000001,0.0,218.075,217.945,214.48000000000002,214.48000000000002,0.0,0.0
846,0.0,0.0,0.0,1.0,1.0,0.0,0.0,1.0,0.0,100.0,1.0,1.1856,26.0,0.0,-0.006,40.891000000000005,57.999998,0.0,26.0,26.0,26.0,26.0,-0.1604444444444444,0.2761,0.0239,293.121,-2.64555,-2.7555,-1.5230000000000001,-1.6308,-179.6,215.9275,190.372625,0.0,0.0,0.0,0.0,0.057466666666666666,-5.498166666666667,-5.498166666666667,-0.5857,-0.1226666666666667,-0.06311111111111156,0.6240000000000001,69.776,-0.0981,-0.1952,1.274,100.0,1.0,1.0,214.65,0.0,0.0,0.0,0.0,0.0,0.0,0.0,9098.2,0.0,55.0,5.0,251.16666666666666,0.0,0.0,0.0,0.0,0.0,0.0,0.0,0.0,1.4190000000000005,1.4190000000000005,40.891000000000005,23.607,0.0,55.0,616.79921,10000.0,85.000001,85.000001,85.000001,85.000001,395.0,0.0,0.0,0.0,1.0,166.665,53.955,53.955,47.668,47.668,34.0,-27.0875,19.972,-37.92333333333333,27.1175,1.0,1740.63,0.38500000000000156,100.0,29.12,27.661,45.036,43.602000000000004,0.0,0.0,100.0,0.0,0.0,0.0,0.0,3070.25,2908.6,4479.875,4371.0,307.283,306.7366666666667,315.97975,315.81175,27.8085,23.8837,27.7055,26.1274,314.999998,314.999998,324.999988,324.999988,99.72012857142857,99.57176666666666,99.73152857142857,99.6665,-0.0020000000000000018,-0.14700000000000002,-0.20566666666666666,0.010666666666666666,-0.01999999999999602,-0.03333333333333144,1.275,1.317,74.803,50.272999999999996,74.16,64.296,84.039,54.573,82.167,72.7425,81.46600000000001,52.427,81.2485,70.884,78.30199999999999,50.859,79.6335,69.04933333333334,-0.052000000000000046,-0.11649999999999983,0.098195,0.1057,0.0,218.5,218.37,214.65,214.65,0.0,0.0
847,0.0,0.0,0.0,1.0,1.0,0.0,0.0,1.0,0.0,100.0,1.0,1.1856,26.0,0.0,-0.009,40.891000000000005,57.999998,0.0,26.0,26.0,26.0,26.0,-0.17088888888888887,0.2552000000000001,-0.0172,292.984,-2.671,-2.656,-1.55085,-1.6381000000000001,-176.24,215.9275,190.347625,0.0,0.0,0.0,0.0,0.0594,-5.498166666666667,-5.498166666666667,-0.6165,-0.2536666666666667,-0.06833333333333336,0.52,69.897,-0.09430000000000001,-0.2277,1.1739999999999995,100.0,1.0,1.0,215.18333333333334,0.0,0.0,0.0,0.0,0.0,0.0,0.0,9120.8,0.0,55.0,5.0,251.60333333333335,1.0,0.0,0.0,0.0,0.0,0.0,0.0,0.0,1.4669999999999987,1.4669999999999987,40.891000000000005,23.607,1.0,55.0,616.79921,10000.0,85.000001,85.000001,85.000001,85.000001,395.0,0.0,0.0,0.0,1.0,333.33500000000004,52.643,52.643,48.843,48.843,34.0,-32.5275,22.102,-33.74666666666667,24.762500000000003,1.0,1740.582,0.33500000000000085,100.0,29.403,27.797,44.973,43.61,0.0,0.0,100.0,0.0,0.0,0.0,0.0,3613.25,3270.6,4043.5,4010.8,306.0375,305.933,316.871,316.52025,27.8125,23.887,27.7098,26.1318,314.999998,314.999998,324.999988,324.999988,99.72014285714286,99.57178333333333,99.73165714285715,99.66661428571429,0.005666666666666931,-0.13774999999999993,-0.212,0.01933333333333333,-0.03333333333333144,-0.03999999999999915,1.343,1.3895,74.828,50.294,74.186,64.3235,83.946,54.5595,82.1105,72.715,81.378,52.415,81.193,70.859,78.217,50.8475,79.5765,69.02466666666666,-0.0645,-0.10950000000000015,0.105355,0.11171500000000001,0.0,218.85000000000002,218.72500000000002,215.18333333333334,215.18333333333334,0.0,0.0
848,0.0,0.0,0.0,1.0,1.0,0.0,0.0,1.0,0.0,100.0,1.0,1.1856,26.0,0.0,-0.006,40.891000000000005,57.999998,0.0,26.0,26.0,26.0,26.0,-0.16033333333333333,0.29390000000000005,0.0621,292.175,-2.60665,-2.7647500000000003,-1.59665,-1.5301,-172.88,215.925,190.32275,0.0,0.0,0.0,0.0,0.06136666666666667,-5.498166666666667,-5.498166666666667,-0.5802,0.6739999999999999,-0.05866666666666642,1.3439999999999999,70.022,-0.08850000000000001,-0.19625,0.8399999999999999,100.0,1.0,1.0,215.34,0.0,0.0,0.0,0.0,0.0,0.0,0.0,9127.5,0.0,55.0,5.0,252.05,0.0,0.0,0.0,0.0,0.0,0.0,0.0,0.0,1.5150000000000006,1.5150000000000006,40.891000000000005,23.607,0.0,55.0,616.79921,10000.0,85.000001,85.000001,85.000001,85.000001,395.0,0.0,0.0,0.0,1.0,333.33500000000004,52.643,52.643,46.967,46.967,34.0,-28.075,22.75,-41.46,28.3125,1.0,1740.534,0.045000000000001705,100.0,29.959,28.422,45.286,43.755,0.0,0.0,100.0,0.0,0.0,0.0,0.0,3271.875,3138.6,4708.0,4659.2,306.763,306.154,315.6125,315.35275,27.8166,23.8905,27.714,26.1362,314.999998,314.999998,324.999988,324.999988,99.72014285714286,99.5718,99.73178571428572,99.66674285714285,0.015666666666666718,-0.127,-0.20650000000000002,0.024,-0.021666666666668277,-0.03833333333332689,1.2485,1.305,74.854,50.3155,74.213,64.351,83.855,54.547,82.0555,72.689,81.291,52.403999999999996,81.139,70.8355,78.134,50.8365,79.521,69.001,-0.0754999999999999,-0.08950000000000014,0.11117,0.10703000000000001,0.0,219.26,219.175,215.34,215.34,0.0,0.0
849,0.0,0.0,0.0,1.0,1.0,0.0,0.0,1.0,0.0,100.0,1.0,1.1856,26.0,0.0,-0.009,40.891000000000005,57.999998,0.0,26.0,26.0,26.0,26.0,-0.09955555555555551,0.2552000000000001,0.03325,292.526,-2.6452,-2.717,-1.5854,-1.5878,-169.31,215.91750000000002,190.297125,0.0,0.0,0.0,0.0,0.06343333333333334,-5.498166666666667,-5.498166666666667,-0.6037,-0.5073333333333332,-0.06011111111111145,-0.9789999999999999,70.149,-0.0727,-0.24002500000000002,0.726,100.0,1.0,1.0,215.86333333333334,0.0,0.0,0.0,0.0,0.0,0.0,0.0,9149.7,0.0,55.0,5.0,252.51333333333332,1.0,0.0,0.0,0.0,0.0,0.0,0.0,0.0,1.565999999999999,1.565999999999999,40.891000000000005,23.607,1.0,55.0,616.79921,10000.0,85.000001,85.000001,85.000001,85.000001,395.0,0.0,0.0,0.0,1.0,333.33500000000004,52.582,52.582,47.516,47.516,34.0,-28.505,22.614,-34.71,25.765,1.0,1740.483,0.07000000000000028,100.0,29.437,28.807000000000002,45.328,44.41,0.0,0.0,100.0,0.0,0.0,0.0,0.0,3344.25,3109.9,4216.125,4085.0,306.697,305.966,316.537,316.29275,27.8208,23.8941,27.718600000000002,26.141,314.999998,314.999998,324.999988,324.999988,99.72014285714286,99.57181666666666,99.73191428571428,99.66687142857143,0.02666666666666684,-0.122,-0.18366666666666667,0.034833333333333334,-0.02833333333332888,-0.03999999999999915,1.309,1.3355000000000001,74.88,50.338,74.241,64.381,83.756,54.533,81.9965,72.6615,81.196,52.3915,81.0815,70.8105,78.044,50.8245,79.462,68.976,-0.07699999999999996,-0.08899999999999997,0.09778,0.11338500000000001,0.0,219.60000000000002,219.535,215.86333333333334,215.86333333333334,0.0,0.0
850,0.0,0.0,0.0,1.0,1.0,0.0,0.0,1.0,0.0,100.0,1.0,1.1856,26.0,0.0,-0.009,40.891000000000005,57.999998,0.0,26.0,26.0,26.0,26.0,-0.09144444444444444,0.25160000000000005,-0.0654,292.953,-2.679,-2.72675,-1.5397,-1.638,-165.73000000000002,215.9075,190.271,0.0,0.0,0.0,0.0,0.0655,-5.498166666666667,-5.498166666666667,-0.6018,-0.03299999999999992,-0.07811111111111124,0.5590000000000002,70.278,-0.060500000000000005,-0.2155,0.516,100.0,1.0,1.0,216.25666666666666,0.0,0.0,0.0,0.0,0.0,0.0,0.0,9166.3,0.0,55.0,5.0,252.97666666666666,0.0,0.0,0.0,0.0,0.0,0.0,1.0,0.0,1.6170000000000009,1.6170000000000009,40.891000000000005,23.607,0.0,55.0,616.79921,10000.0,85.000001,85.000001,85.000001,85.000001,395.0,0.0,0.0,0.0,1.0,166.665,53.329,53.329,48.218,48.218,34.0,-26.6675,21.77,-32.94,28.9425,1.0,1740.433,-0.04499999999999815,100.0,29.448,28.295,45.048,44.135000000000005,0.0,0.0,100.0,0.0,0.0,0.0,0.0,3204.125,2934.3,4184.0,4232.4,307.008,306.73466666666667,316.58975,316.07125,27.8249,23.8976,27.7229,26.1456,314.999998,314.999998,324.999988,324.999988,99.72015714285715,99.57181666666666,99.73205714285714,99.667,0.04499999999999993,-0.10024999999999995,-0.16783333333333333,0.060833333333333336,-0.03166666666666629,-0.045000000000001705,1.3155,1.3355000000000001,74.906,50.36,74.268,64.41,83.657,54.5165,81.935,72.632,81.103,52.377,81.021,70.7845,77.954,50.8105,79.4,68.94933333333333,-0.08949999999999991,-0.07350000000000012,0.10225000000000001,0.11027,0.0,220.01,219.97,216.25666666666666,216.25666666666666,0.0,0.0
851,0.0,0.0,0.0,1.0,1.0,0.0,0.0,1.0,0.0,100.0,1.0,1.1856,26.0,0.0,-0.006,40.891000000000005,57.999998,0.0,26.0,26.0,26.0,26.0,-0.07511111111111102,0.264,-0.06635,292.938,-2.6921,-2.69775,-1.62185,-1.5903,-162.14,215.89499999999998,190.24375,0.0,0.0,0.0,0.0,0.06760000000000001,-5.498166666666667,-5.498166666666667,-0.6218,-0.5233333333333332,-0.05266666666666664,0.0129999999999999,70.406,-0.046,-0.219975,0.42799999999999994,100.0,1.0,1.0,216.65333333333334,0.0,0.0,0.0,0.0,0.0,0.0,0.0,9183.2,0.0,55.0,5.0,253.43666666666667,1.0,0.0,0.0,0.0,0.0,0.0,1.0,0.0,1.6679999999999993,1.6679999999999993,40.891000000000005,23.607,1.0,55.0,616.79921,10000.0,85.000001,85.000001,85.000001,85.000001,395.0,0.0,0.0,0.0,1.0,166.665,53.268,53.268,48.203,48.203,34.0,-27.94,22.458,-34.69333333333333,27.295,1.0,1740.382,-0.14499999999999957,100.0,29.019,28.173000000000002,44.871,44.234,0.0,0.0,100.0,0.0,0.0,0.0,0.0,3364.375,3003.0,4288.75,4160.2,306.727,306.37733333333335,316.489,316.215,27.829,23.9011,27.7272,26.1503,314.999998,314.999998,324.999988,324.999988,99.72015714285715,99.57183333333333,99.7322,99.66714285714286,0.05033333333333356,-0.09699999999999998,-0.165,0.05533333333333334,-0.03499999999999659,-0.03333333333333144,1.327,1.3545,74.931,50.382,74.295,64.439,83.56,54.4985,81.874,72.6035,81.009,52.3605,80.9615,70.7585,77.865,50.795,79.339,68.92333333333333,-0.09899999999999998,-0.06850000000000023,0.102885,0.10641500000000001,0.0,220.39,220.32,216.65333333333334,216.65333333333334,0.0,0.0
852,0.0,0.0,0.0,1.0,1.0,0.0,0.0,1.0,0.0,100.0,1.0,1.1856,26.0,0.0,-0.009,40.891000000000005,57.999998,0.0,26.0,26.0,26.0,26.0,-0.05699999999999994,0.2499,-0.14575000000000002,293.472,-2.68895,-2.638375,-1.5822500000000002,-1.5607,-158.76,215.8825,190.21675,0.0,0.0,0.0,0.0,0.06956666666666667,-5.498166666666667,-5.498166666666667,-0.657,-0.9910000000000001,-0.02922222222222226,-0.55,70.526,-0.0349,-0.224,0.2679999999999998,100.0,1.0,1.0,217.03,0.0,0.0,0.0,0.0,0.0,0.0,0.0,9199.0,0.0,55.0,5.0,253.86666666666667,0.0,0.0,0.0,0.0,0.0,0.0,1.0,0.0,1.716000000000001,1.716000000000001,40.891000000000005,23.607,0.0,55.0,616.79921,10000.0,85.000001,85.000001,85.000001,85.000001,395.0,0.0,0.0,0.0,1.0,166.665,54.108,54.108,48.477000000000004,48.477000000000004,34.0,-23.9,22.458,-31.89,28.5425,1.0,1740.334,-0.19500000000000028,100.0,28.609,27.909,44.537,44.187,0.0,0.0,100.0,0.0,0.0,0.0,0.0,3014.875,2959.0,4106.75,4200.7,307.5465,306.5543333333333,316.75975,316.1325,27.8326,23.9043,27.7312,26.1547,314.999998,314.999998,324.999988,324.999988,99.72015714285715,99.57185,99.73232857142857,99.66727142857142,0.06700000000000017,-0.07350000000000001,-0.15216666666666667,0.0795,-0.023333333333326323,-0.045000000000001705,1.3285,1.3455,74.95400000000001,50.402,74.32,64.4665,83.46600000000001,54.480000000000004,81.814,72.577,80.92,52.3445,80.9025,70.735,77.78,50.7795,79.279,68.89966666666666,-0.09650000000000003,-0.058499999999999996,0.10388000000000001,0.11028,0.0,220.73000000000002,220.715,217.03,217.03,0.0,0.0
853,0.0,0.0,0.0,1.0,1.0,0.0,0.0,1.0,0.0,100.0,1.0,1.1856,26.0,0.0,-0.009,40.891000000000005,57.999998,0.0,26.0,26.0,26.0,26.0,-0.06077777777777782,0.2592000000000001,-0.02925,292.786,-2.7589,-2.654125,-1.56345,-1.5432000000000001,-155.16,215.8675,190.185625,0.0,0.0,0.0,0.0,0.07166666666666667,-5.498166666666667,-5.498166666666667,-0.6768000000000001,0.546,-0.05422222222222217,-0.1499999999999999,70.652,-0.0194,-0.2104,0.16799999999999926,100.0,1.0,1.0,217.44,0.0,0.0,0.0,0.0,0.0,0.0,0.0,9216.5,0.0,55.0,5.0,254.32333333333332,1.0,0.0,0.0,0.0,0.0,0.0,1.0,0.0,1.7669999999999995,1.7669999999999995,40.891000000000005,23.607,1.0,55.0,616.79921,10000.0,85.000001,85.000001,85.000001,85.000001,395.0,0.0,0.0,0.0,1.0,333.33500000000004,52.582,52.582,48.37,48.37,34.0,-28.72,25.88,-30.953333333333333,29.2925,1.0,1740.281,-0.10999999999999943,100.0,29.02,28.587,44.351,43.64,0.0,0.0,100.0,0.0,0.0,0.0,0.0,3474.5,3288.2,4189.25,4250.1,306.3915,305.692,316.645,316.125,27.8366,23.908,27.7353,26.1592,314.999998,314.999998,324.999988,324.999988,99.72017142857143,99.57186666666666,99.73245714285714,99.6674,0.0733333333333337,-0.06499999999999995,-0.12866666666666665,0.09466666666666668,-0.03166666666666629,-0.04833333333333201,1.359,1.365,74.979,50.4255,74.346,64.495,83.369,54.4645,81.7515,72.5455,80.827,52.3305,80.8415,70.706,77.691,50.7665,79.216,68.871,-0.09299999999999997,-0.07650000000000023,0.10622500000000001,0.103595,0.0,221.16500000000002,221.14499999999998,217.44,217.44,0.0,0.0
854,0.0,0.0,0.0,1.0,1.0,0.0,0.0,1.0,0.0,100.0,1.0,1.1856,26.0,0.0,-0.009,40.891000000000005,57.999998,0.0,26.0,26.0,26.0,26.0,-0.04688888888888887,0.25860000000000016,-0.022850000000000002,292.74,-2.61445,-2.6235,-1.6514,-1.5788,-151.77,215.85,190.155875,0.0,0.0,0.0,0.0,0.07363333333333334,-5.498166666666667,-5.498166666666667,-0.6718000000000001,-1.318,-0.07811111111111124,0.22100000000000009,70.775,-0.0154,-0.20985,0.21999999999999975,100.0,1.0,1.0,217.58666666666667,0.0,0.0,0.0,0.0,0.0,0.0,0.0,9222.8,0.0,55.0,5.0,254.76333333333332,0.0,0.0,0.0,0.0,0.0,0.0,1.0,0.0,1.8150000000000013,1.8150000000000013,40.891000000000005,23.607,0.0,55.0,616.79921,10000.0,85.000001,85.000001,85.000001,85.000001,395.0,0.0,0.0,0.0,1.0,333.33500000000004,54.138,54.138,46.967,46.967,34.0,-21.305,20.694000000000003,-37.486666666666665,31.875,1.0,1740.234,-0.22499999999999787,100.0,29.064,28.411,45.137,44.646,0.0,0.0,100.0,0.0,0.0,0.0,0.0,2884.125,2697.3,4680.125,4409.7,307.8375,307.157,315.63375,315.71125,27.8403,23.9113,27.7395,26.163800000000002,314.999998,314.999998,324.999988,324.999988,99.72018571428572,99.57186666666666,99.73258571428572,99.66752857142858,0.08700000000000019,-0.05974999999999997,-0.12833333333333335,0.0965,-0.021666666666668277,-0.03999999999999915,1.2535,1.2694999999999999,75.002,50.4455,74.372,64.5235,83.277,54.4465,81.6965,72.522,80.74,52.315,80.787,70.685,77.608,50.751,79.16,68.84966666666666,-0.09799999999999986,-0.06150000000000011,0.106645,0.10346500000000002,0.0,221.505,221.48000000000002,217.58666666666664,217.58666666666667,0.0,0.0
855,0.0,0.0,0.0,1.0,1.0,0.0,0.0,1.0,0.0,100.0,1.0,1.1856,26.0,0.0,-0.009,40.891000000000005,57.999998,0.0,26.0,26.0,26.0,26.0,-0.00911111111111107,0.25439999999999996,-0.3514,294.54,-2.7654,-2.669,-1.5183499999999999,-1.6602000000000001,-148.15,215.83249999999998,190.122125,0.0,0.0,0.0,0.0,0.07573333333333335,-5.498166666666667,-5.498166666666667,-0.7957000000000001,-2.498,-0.07911111111111158,-0.6019999999999999,70.896,-0.0119,-0.2582,0.10799999999999965,100.0,1.0,1.0,218.43333333333334,0.0,0.0,0.0,0.0,0.0,0.0,0.0,9258.6,0.0,55.0,5.0,255.2,1.0,0.0,0.0,0.0,0.0,0.0,1.0,0.0,1.8659999999999997,1.8659999999999997,40.891000000000005,23.607,1.0,55.0,616.79921,10000.0,85.000001,85.000001,85.000001,85.000001,395.0,0.0,0.0,0.0,1.0,333.33500000000004,54.932,54.932,49.713,49.713,34.0,-21.287499999999998,21.682000000000002,-25.216666666666665,25.605,1.0,1740.183,-0.129999999999999,100.0,28.034,27.955,44.073,43.757,0.0,0.0,100.0,0.0,0.0,0.0,0.0,2709.5,2801.5,3692.5,3638.5,308.2085,307.03,317.68,317.38975,27.8437,23.9144,27.7434,26.1682,314.999998,314.999998,324.999988,324.999988,99.72018571428572,99.57186666666666,99.73271428571428,99.66764285714285,0.08099999999999996,-0.0625,-0.128,0.108,-0.03833333333332689,-0.04333333333332945,1.5105,1.514,75.023,50.465,74.397,64.551,83.175,54.4235,81.63,72.489,80.643,52.294,80.722,70.655,77.515,50.731,79.094,68.82,-0.09149999999999991,-0.06899999999999995,0.11275500000000001,0.10688500000000001,0.0,221.82,221.8,218.43333333333334,218.43333333333334,0.0,0.0
856,0.0,0.0,0.0,1.0,1.0,0.0,0.0,1.0,0.0,100.0,1.0,1.1856,26.0,0.0,-0.009,40.891000000000005,57.999998,0.0,26.0,26.0,26.0,26.0,-0.01766666666666661,0.25250000000000017,-0.18895,294.403,-2.7435,-2.644,-1.5739,-1.5201,-144.53,215.815,190.0815,0.0,0.0,0.0,0.0,0.07783333333333334,-5.498166666666667,-5.498166666666667,-0.8705,-0.44333333333333336,-0.1501111111111113,-1.861,71.023,-0.013900000000000001,-0.229275,0.3020000000000005,100.0,1.0,1.0,218.71,0.0,0.0,0.0,0.0,0.0,0.0,0.0,9270.3,0.0,55.0,5.0,255.65666666666667,0.0,0.0,0.0,0.0,0.0,0.0,1.0,0.0,1.916999999999998,1.916999999999998,40.891000000000005,23.607,0.0,55.0,616.79921,10000.0,85.000001,85.000001,85.000001,85.000001,395.0,0.0,0.0,0.0,1.0,166.665,54.382,54.382,49.728,49.728,34.0,-23.4325,23.35,-28.976666666666663,26.11,1.0,1740.133,-0.06500000000000128,100.0,27.915,28.163,42.894,42.382,0.0,0.0,100.0,0.0,0.0,0.0,0.0,2958.25,2968.3,4054.75,3867.8,307.6675,306.46133333333336,316.965,316.96225,27.8472,23.9178,27.7473,26.1724,314.999998,314.999998,324.999988,324.999988,99.7202,99.57188333333333,99.73284285714286,99.66777142857143,0.07799999999999985,-0.05725000000000002,-0.11966666666666667,0.10816666666666667,-0.03166666666666629,-0.045000000000001705,1.4355,1.4335,75.045,50.4865,74.42,64.5775,83.074,54.4035,81.5635,72.4545,80.547,52.275999999999996,80.6565,70.6235,77.423,50.714,79.0275,68.78833333333333,-0.08949999999999991,-0.07200000000000006,0.10204,0.11153500000000001,0.0,222.285,222.24,218.71,218.71,0.0,0.0
857,0.0,0.0,0.0,1.0,1.0,0.0,0.0,1.0,0.0,100.0,1.0,1.1856,26.0,0.0,-0.009,40.891000000000005,57.999998,0.0,26.0,26.0,26.0,26.0,-0.030555555555555558,0.2330000000000001,-0.00945,293.182,-2.67685,-2.6545,-1.54495,-1.5956000000000001,-140.91,215.7975,190.036875,0.0,0.0,0.0,0.0,0.07993333333333334,-5.498166666666667,-5.498166666666667,-0.9109,-0.7053333333333334,-0.22199999999999998,-0.5569999999999999,71.152,-0.021,-0.24115,0.36600000000000055,100.0,1.0,1.0,218.91333333333336,0.0,0.0,0.0,0.0,0.0,0.0,0.0,9278.9,0.0,55.0,5.0,256.12,1.0,0.0,0.0,0.0,0.0,0.0,1.0,0.0,1.968,1.968,40.891000000000005,23.607,1.0,55.0,616.79921,10000.0,85.000001,85.000001,85.000001,85.000001,395.0,0.0,0.0,0.0,1.0,166.665,52.963,52.963,49.103,49.103,34.0,-27.415,27.432000000000002,-30.456666666666663,29.0425,1.0,1740.083,-0.03999999999999915,100.0,28.484,28.187,43.542,42.764,0.0,0.0,100.0,0.0,0.0,0.0,0.0,3440.625,3403.4,4156.75,4134.5,306.5125,305.4313333333333,316.64675,316.2945,27.8509,23.9213,27.7514,26.1769,314.999998,314.999998,324.999988,324.999988,99.72021428571429,99.5719,99.73298571428572,99.66791428571429,0.07500000000000018,-0.05325000000000002,-0.12316666666666667,0.0895,-0.041666666666671404,-0.036666666666668846,1.313,1.334,75.068,50.5085,74.446,64.606,82.976,54.385,81.502,72.425,80.453,52.2595,80.5965,70.597,77.334,50.6985,78.966,68.762,-0.09349999999999992,-0.07399999999999984,0.10501500000000001,0.100455,0.0,222.66500000000002,222.625,218.91333333333336,218.91333333333333,0.0,0.0
858,0.0,0.0,0.0,1.0,1.0,0.0,0.0,1.0,0.0,100.0,1.0,1.1856,26.0,0.0,-0.009,40.891000000000005,57.999998,0.0,26.0,26.0,26.0,26.0,-0.047111111111111104,0.2549000000000001,0.2291,290.573,-2.6581,-2.659,-1.51645,-1.5902,-137.49,215.7775,189.99475,0.0,0.0,0.0,0.0,0.08193333333333334,-5.498166666666667,-5.498166666666667,-0.8492000000000001,2.984,-0.28033333333333355,-1.2570000000000001,71.27,-0.0268,-0.20977500000000002,0.48799999999999955,100.0,1.0,1.0,219.14333333333335,0.0,0.0,0.0,0.0,0.0,0.0,0.0,9288.6,0.0,55.0,5.0,256.54333333333335,0.0,0.0,0.0,0.0,0.0,0.0,1.0,0.0,2.0159999999999982,2.0159999999999982,40.891000000000005,23.607,0.0,55.0,616.79921,10000.0,85.000001,85.000001,85.000001,85.000001,395.0,0.0,0.0,0.0,1.0,333.33500000000004,49.728,49.728,46.432,46.432,34.0,-31.4425,30.716,-36.92,33.6075,1.0,1740.032,0.21499999999999986,100.0,30.601,30.371000000000002,44.288,43.459,0.0,0.0,100.0,0.0,0.0,0.0,0.0,3804.5,3918.4,4839.5,4637.3,305.494,303.875,315.43225,315.2965,27.8549,23.9254,27.7554,26.1813,314.999998,314.999998,324.999988,324.999988,99.72022857142858,99.5719,99.73312857142857,99.66804285714285,0.06400000000000006,-0.08650000000000002,-0.13283333333333336,0.08883333333333333,-0.02833333333332888,-0.045000000000001705,1.2409999999999999,1.249,75.093,50.533500000000004,74.471,64.633,82.89,54.3775,81.4455,72.3985,80.372,52.2535,80.541,70.57300000000001,77.255,50.6925,78.9095,68.738,-0.08099999999999996,-0.10550000000000015,0.106215,0.107355,0.0,223.14,223.095,219.14333333333335,219.14333333333335,0.0,0.0
859,0.0,0.0,0.0,1.0,1.0,0.0,0.0,1.0,0.0,100.0,1.0,1.1856,26.0,0.0,-0.009,40.891000000000005,57.999998,0.0,26.0,26.0,26.0,26.0,-0.0912222222222222,0.24839999999999995,0.49735,287.247,-2.5985,-2.62975,-1.54,-1.5549,-133.85,215.7575,189.95625,0.0,0.0,0.0,0.0,0.08403333333333333,-5.498166666666667,-5.498166666666667,-0.6978000000000001,2.794,-0.35755555555555585,-1.266,71.396,-0.0332,-0.218725,0.9379999999999997,100.0,1.0,1.0,219.26666666666665,0.0,0.0,0.0,0.0,0.0,0.0,0.0,9293.9,0.0,55.0,5.0,257.0,1.0,0.0,0.0,0.0,0.0,0.0,1.0,0.0,2.067,2.067,40.891000000000005,23.607,1.0,55.0,616.79921,10000.0,85.000001,85.000001,85.000001,85.000001,395.0,0.0,0.0,0.0,1.0,333.33500000000004,46.448,46.448,43.335,43.335,34.0,-36.9725,30.272,-43.586666666666666,36.9525,1.0,1739.983,0.4750000000000014,100.0,32.947,32.515,46.865,46.275999999999996,0.0,0.0,100.0,0.0,0.0,0.0,0.0,4414.875,4148.0,5259.25,5246.5,304.0735,303.2063333333333,314.437,313.8895,27.8596,23.93,27.7603,26.1866,314.999998,314.999998,324.999988,324.999988,99.72022857142858,99.57191666666667,99.73325714285714,99.66818571428571,0.05566666666666675,-0.122,-0.1475,0.05683333333333334,-0.03999999999999915,-0.03999999999999915,1.0895,1.1225,75.123,50.5625,74.502,64.6665,82.803,54.3755,81.395,72.3805,80.289,52.253,80.4915,70.5575,77.176,50.6915,78.858,68.72166666666666,-0.07699999999999996,-0.1419999999999999,0.10630500000000001,0.09780000000000001,0.0,223.585,223.47,219.26666666666665,219.26666666666665,0.0,0.0
860,0.0,0.0,0.0,1.0,1.0,0.0,0.0,1.0,0.0,100.0,1.0,1.1856,26.0,0.0,-0.012,40.891000000000005,57.999998,0.0,26.0,26.0,26.0,26.0,-0.09933333333333338,0.24660000000000015,0.57445,285.751,-2.5564999999999998,-2.624375,-1.5991,-1.6341999999999999,-130.42,215.735,189.931,0.0,0.0,0.0,0.0,0.08603333333333334,-5.498166666666667,-5.498166666666667,-0.5335,3.3746666666666667,-0.35355555555555584,1.536,71.51,-0.0405,-0.2549,0.976,100.0,1.0,1.0,219.59333333333336,0.0,0.0,0.0,0.0,0.0,0.0,0.0,9307.7,0.0,55.0,5.0,257.41333333333336,0.0,0.0,0.0,0.0,0.0,0.0,0.0,0.0,2.1149999999999984,2.1149999999999984,40.891000000000005,23.607,0.0,55.0,616.79921,10000.0,85.000001,85.000001,85.000001,85.000001,395.0,0.0,0.0,0.0,1.0,166.665,44.464,44.464,42.709,42.709,34.0,-36.5225,28.04,-47.056666666666665,40.917500000000004,1.0,1739.936,0.03500000000000014,100.0,35.536,34.346000000000004,48.042,47.588,0.0,0.0,100.0,0.0,0.0,0.0,0.0,4535.25,3910.0,5393.75,5528.3,303.74,303.82033333333334,314.163,313.3545,27.8645,23.9344,27.7651,26.1918,314.999998,314.999998,324.999988,324.999988,99.72024285714286,99.57193333333333,99.7334,99.66832857142857,0.07166666666666677,-0.12575000000000003,-0.157,0.0545,-0.036666666666668846,-0.054999999999999716,1.0485,1.092,75.15299999999999,50.5905,74.532,64.6985,82.727,54.3775,81.349,72.3655,80.216,52.2555,80.4465,70.5445,77.106,50.6935,78.811,68.708,-0.10949999999999993,-0.12749999999999995,0.10047,0.10600000000000001,0.0,223.945,223.86,219.59333333333336,219.59333333333336,0.0,0.0
861,0.0,0.0,0.0,1.0,1.0,0.0,0.0,1.0,0.0,100.0,1.0,1.1856,26.0,0.0,-0.012,40.891000000000005,57.999998,0.0,26.0,26.0,26.0,26.0,-0.053333333333333344,0.2127000000000001,0.40025,285.477,-2.57195,-2.5707500000000003,-1.6973,-1.9123,-126.56,215.70749999999998,189.916125,0.0,0.0,0.0,0.0,0.0883,-5.498166666666667,-5.498166666666667,-0.372,3.585,-0.24377777777777787,1.5859999999999999,71.634,-0.033600000000000005,-0.31085,0.3780000000000001,100.0,1.0,1.0,220.11666666666667,0.0,0.0,0.0,0.0,0.0,0.0,0.0,9329.9,0.0,55.0,5.0,257.86,1.0,0.0,0.0,0.0,0.0,0.0,0.0,0.0,2.1690000000000005,2.1690000000000005,40.891000000000005,23.607,1.0,55.0,616.79921,10000.0,85.000001,85.000001,85.000001,85.000001,395.0,0.0,0.0,0.0,1.0,166.665,42.45,42.45,42.602999999999994,42.602999999999994,34.0,-33.285,29.904,-44.50333333333333,41.230000000000004,1.0,1739.881,0.08500000000000085,100.0,37.362,36.008,48.114000000000004,48.186,0.0,0.0,100.0,0.0,0.0,0.0,0.0,4269.0,4316.5,5068.625,4832.1,304.278,302.662,314.83325,314.619,27.8698,23.9394,27.7703,26.1977,314.999998,314.999998,324.999988,324.999988,99.72025714285714,99.57196666666667,99.73355714285714,99.66847142857142,0.08966666666666656,-0.138,-0.152,0.07783333333333332,-0.023333333333326323,-0.036666666666668846,1.133,1.1400000000000001,75.186,50.6215,74.564,64.7355,82.641,54.3785,81.2945,72.351,80.135,52.2575,80.393,70.5325,77.027,50.6945,78.755,68.695,-0.12650000000000006,-0.13200000000000012,0.10239500000000001,0.113055,0.0,224.305,224.25,220.11666666666667,220.11666666666667,0.0,0.0
862,0.0,0.0,0.0,1.0,1.0,0.0,0.0,1.0,0.0,100.0,1.0,1.1856,26.0,0.0,-0.012,40.891000000000005,57.999998,0.0,26.0,26.0,26.0,26.0,-0.0875555555555555,0.2490000000000001,0.2911,286.911,-2.48665,-2.534375,-1.6764000000000001,-1.5744,-123.12,215.68,189.9135,0.0,0.0,0.0,0.0,0.0903,-5.498166666666667,-5.498166666666667,-0.2429,0.20099999999999996,-0.21466666666666656,0.33899999999999997,71.748,-0.0219,-0.323075,0.7020000000000008,100.0,1.0,1.0,220.26666666666665,0.0,0.0,0.0,0.0,0.0,0.0,0.0,9336.3,0.0,55.0,5.0,258.27,0.0,0.0,0.0,0.0,0.0,0.0,0.0,0.0,2.2169999999999987,2.2169999999999987,40.891000000000005,23.607,0.0,55.0,616.79921,10000.0,85.000001,85.000001,85.000001,85.000001,395.0,0.0,0.0,0.0,1.0,333.33500000000004,45.715,45.715,43.32,43.32,34.0,-27.355,18.686,-44.59,40.745000000000005,1.0,1739.831,0.5899999999999999,100.0,36.618,35.479,48.344,48.394000000000005,0.0,0.0,100.0,0.0,0.0,0.0,0.0,3638.0,3012.7,5187.25,5425.6,306.071,306.288,314.55125,313.54425,27.8739,23.9434,27.775,26.2029,314.999998,314.999998,324.999988,324.999988,99.72027142857142,99.57198333333334,99.73368571428571,99.66861428571428,0.06966666666666654,-0.15325,-0.13583333333333333,0.08166666666666668,-0.03166666666666629,-0.026666666666670835,1.1015,1.1219999999999999,75.212,50.646,74.593,64.7685,82.55799999999999,54.375,81.248,72.3385,80.056,52.255,80.347,70.52250000000001,76.951,50.6925,78.7065,68.68366666666667,-0.08749999999999991,-0.16500000000000004,0.10347500000000001,0.10429000000000001,0.0,224.595,224.525,220.26666666666665,220.26666666666665,0.0,0.0
863,0.0,0.0,0.0,1.0,1.0,0.0,0.0,1.0,0.0,100.0,1.0,1.1856,26.0,0.0,-0.012,40.891000000000005,57.999998,100.0,26.0,26.0,26.0,26.0,-0.20211111111111102,0.17149999999999999,0.00215,288.574,-2.58365,-2.68825,-1.5064000000000002,-1.4558,-119.44999999999999,215.65,189.91625,0.0,0.0,0.0,0.0,0.09240000000000001,-5.498166666666667,-5.498166666666667,-0.2346,2.802,-0.13733333333333375,3.5200000000000005,71.801,-0.025500000000000002,-0.36555000000000004,1.3479999999999999,100.0,0.0,1.0,215.68666666666667,0.0,0.0,0.0,0.0,0.0,0.0,0.0,9142.1,0.0,55.0,5.0,258.65,1.0,0.0,0.0,0.0,0.0,0.0,0.0,0.0,2.2680000000000007,2.2680000000000007,40.891000000000005,23.607,1.0,55.0,616.79921,10000.0,85.000001,85.000001,85.000001,85.000001,395.0,0.0,0.0,0.0,1.0,166.665,43.808,43.808,47.409,47.409,34.0,-30.64,20.224,-36.10666666666667,27.6025,1.0,1739.782,1.2149999999999999,100.0,36.943,34.777,46.336,46.013999999999996,0.0,0.0,0.0,0.0,0.0,0.0,0.0,4311.875,3790.5,4115.125,3984.5,304.225,304.16433333333333,316.79725,316.78625,27.8785,23.947400000000002,27.7792,26.2076,314.999998,314.999998,324.999988,324.999988,99.7203,99.57201666666667,99.73381428571429,99.66874285714286,0.028666666666666618,-0.18174999999999997,-0.17500000000000002,0.06383333333333334,-1.93333333333333,-1.953333333333326,-0.3334999999999999,-0.27249999999999996,75.24000000000001,50.671,74.62,64.798,82.475,54.3735,81.184,72.3075,79.977,52.2545,80.2845,70.494,76.876,50.692,78.6425,68.65533333333333,-0.04600000000000004,-0.20650000000000013,0.10287500000000001,0.10827500000000001,0.0,219.3,218.81,215.68666666666667,215.68666666666667,0.0,0.0
864,0.0,0.0,0.0,1.0,1.0,0.0,0.0,1.0,0.0,100.0,1.0,1.1856,26.0,0.0,-0.012,40.891000000000005,57.999998,100.0,26.0,26.0,26.0,26.0,-0.2283333333333334,-2.8934,0.06595000000000001,288.376,-2.5339,-2.55175,-1.95405,-1.5746,-116.03999999999999,215.6175,189.92025,0.0,0.0,0.0,0.0,0.0944,-5.498166666666667,-5.498166666666667,-0.3292,-6.207666666666667,-0.025111111111111306,1.032,70.486,-0.0369,-0.478675,1.9240000000000004,100.0,0.0,1.0,209.73000000000002,0.0,0.0,0.0,0.0,0.0,0.0,0.0,8889.7,0.0,55.0,5.0,254.06333333333333,0.0,0.0,0.0,0.0,0.0,0.0,0.0,0.0,2.315999999999999,2.315999999999999,40.891000000000005,23.607,0.0,55.0,616.79921,10000.0,85.000001,85.000001,85.000001,85.000001,395.0,0.0,0.0,0.0,1.0,333.33500000000004,42.557,42.557,48.157,48.157,34.0,-21.075,10.75,-35.519999999999996,23.6025,1.0,1739.732,1.6999999999999993,100.0,37.525999999999996,35.807,45.601,45.576,0.0,0.0,0.0,0.0,0.0,0.0,0.0,4115.5,3865.9,4256.5,4155.2,304.78,304.172,316.51375,316.0925,27.8824,23.951,27.7829,26.212,314.999998,314.999998,324.999988,324.999988,99.72061428571429,99.57235,99.73401428571428,99.66892857142857,0.007000000000000117,-0.21950000000000003,-0.162,0.01983333333333333,-3.4083333333333314,-4.088333333333331,-1.9634999999999998,-1.8940000000000001,75.265,50.694,74.643,64.825,82.513,54.514,81.145,72.30199999999999,80.014,52.388,80.246,70.491,76.906,50.8165,78.601,68.65166666666667,-0.0024999999999999467,-0.25950000000000006,0.07607000000000001,0.075795,0.0,213.23000000000002,211.64,209.73000000000002,209.73000000000002,0.0,0.0
865,0.0,0.0,0.0,1.0,1.0,0.0,0.0,1.0,0.0,100.0,1.0,1.1856,26.0,0.0,-0.012,40.891000000000005,57.999998,100.0,26.0,26.0,26.0,26.0,-0.23766666666666658,-2.835,-0.24400000000000002,290.939,-2.38685,-2.6001250000000002,-1.4074,-1.5918999999999999,-112.47999999999999,215.5775,189.925,0.0,0.0,0.0,0.0,0.09646666666666667,-5.498166666666667,-5.498166666666667,-0.5195000000000001,-0.794,-0.13611111111111152,-2.588,69.061,-0.07970000000000001,-0.675825,2.806000000000001,100.0,0.0,1.0,203.42333333333335,0.0,0.0,0.0,0.0,0.0,0.0,0.0,8622.3,0.0,55.0,5.0,248.93666666666667,1.0,0.0,0.0,0.0,0.0,0.0,0.0,0.0,2.367000000000001,2.367000000000001,40.891000000000005,23.607,1.0,55.0,616.79921,10000.0,85.000001,85.000001,85.000001,85.000001,395.0,0.0,0.0,0.0,1.0,333.33500000000004,39.397999999999996,39.397999999999996,53.238,53.238,34.0,-25.8525,10.424,-17.373333333333335,8.3225,1.0,1739.683,2.1950000000000003,100.0,39.595,39.764,41.687,39.127,0.0,0.0,0.0,0.0,0.0,0.0,0.0,4483.625,3880.2,3139.625,2457.8,303.869,303.79,318.771,319.86325,27.887,23.9561,27.7859,26.2151,314.999998,314.999998,324.999988,324.999988,99.72091428571429,99.5727,99.73418571428572,99.66908571428571,-0.03166666666666673,-0.28274999999999995,-0.2125,-0.006333333333333333,-3.06666666666667,-3.608333333333327,-2.854,-3.3440000000000003,75.294,50.726,74.662,64.8445,82.556,54.6605,81.1035,72.2805,80.057,52.5265,80.2055,70.4725,76.943,50.9465,78.5585,68.63266666666667,0.01849999999999996,-0.32399999999999984,0.080795,0.08457,0.0,209.865,208.305,204.07,202.7733333333333,0.0,0.0
866,0.0,0.0,0.0,1.0,1.0,0.0,0.0,1.0,0.0,100.0,1.0,1.1856,26.0,0.0,-0.015,40.891000000000005,57.999998,100.0,26.0,26.0,26.0,26.0,-0.3706666666666666,-2.8546,-0.22935,291.656,-2.27085,-2.731875,-1.1962,-1.6865999999999999,-109.0,215.535,189.926125,0.0,0.0,0.0,0.0,0.09846666666666666,-5.498166666666667,-5.498166666666667,-0.5922000000000001,-0.8023333333333333,-0.23555555555555552,1.9020000000000001,67.624,-0.1746,-0.6926,4.4140000000000015,100.0,0.0,1.0,199.83333333333331,0.0,0.0,0.0,0.0,0.0,0.0,0.0,8470.2,0.0,55.0,5.0,243.76,0.0,0.0,0.0,0.0,0.0,0.0,0.0,0.0,2.4179999999999993,2.4179999999999993,40.891000000000005,23.607,0.0,55.0,616.79921,10000.0,85.000001,85.000001,85.000001,85.000001,395.0,0.0,0.0,0.0,1.0,166.665,39.108000000000004,39.108000000000004,57.8,57.8,34.0,-33.905,6.780000000000001,-21.546666666666667,7.8475,1.0,1739.632,2.400000000000002,100.0,41.057,38.218,39.272,37.563,0.0,0.0,0.0,0.0,0.0,0.0,0.0,5021.875,3469.9,3261.125,2681.2,302.4755,305.1623333333333,318.46125,319.3975,27.8918,23.9598,27.788899999999998,26.2186,314.999998,314.999998,324.999988,324.999988,99.72124285714285,99.57303333333333,99.73438571428571,99.66928571428572,-0.09133333333333327,-0.3265,-0.3355,-0.132,-2.7483333333333277,-4.448333333333331,-2.585,-2.9325,75.32300000000001,50.749,74.68,64.866,82.601,54.8015,81.068,72.275,80.103,52.66,80.1715,70.469,76.982,51.0705,78.5225,68.62766666666667,0.028999999999999915,-0.3214999999999999,0.07281,0.08806000000000001,0.0,206.24,202.375,200.35,199.31666666666666,0.0,0.0
867,0.0,0.0,0.0,1.0,1.0,0.0,0.0,1.0,0.0,100.0,1.0,1.1856,26.0,0.0,-0.015,40.891000000000005,57.999998,100.0,26.0,26.0,26.0,26.0,-0.5341111111111111,-2.8378,0.3453,289.459,-2.4606500000000002,-2.544375,-1.34695,-1.5873,-105.59,215.48250000000002,189.926875,0.0,0.0,0.0,0.0,0.1005,-5.498166666666667,-5.498166666666667,-0.49400000000000005,4.075333333333333,-0.16266666666666652,-1.988,66.162,-0.259,-0.6421,5.454000000000001,100.0,0.0,1.0,196.77666666666667,0.0,0.0,0.0,0.0,0.0,0.0,0.0,8340.6,0.0,55.0,5.0,238.5,1.0,0.0,0.0,0.0,0.0,0.0,0.0,0.0,2.469000000000001,2.469000000000001,40.891000000000005,23.607,1.0,55.0,616.79921,10000.0,85.000001,85.000001,85.000001,85.000001,395.0,0.0,0.0,0.0,1.0,166.665,35.95,35.95,53.925,53.925,34.0,-36.975,9.120000000000001,-37.96,6.5575,1.0,1739.58,2.035,100.0,42.31,40.845,38.803,36.362,0.0,0.0,0.0,0.0,0.0,0.0,0.0,5073.0,4436.1,4291.0,3439.3,302.406,302.1743333333333,316.668,317.7305,27.897,23.9648,27.792,26.2219,314.999998,314.999998,324.999988,324.999988,99.72155714285714,99.5734,99.7346,99.66948571428571,-0.10033333333333316,-0.35950000000000004,-0.4386666666666667,-0.252,-2.7466666666666697,-3.193333333333328,-2.274,-2.308,75.357,50.78,74.7,64.887,82.65,54.9575,81.041,72.2695,80.152,52.8075,80.1465,70.4655,77.024,51.2085,78.49549999999999,68.623,-0.008499999999999952,-0.3165,0.081835,0.07604000000000001,0.0,202.10000000000002,200.60500000000002,197.13333333333333,196.41666666666669,0.0,0.0
868,0.0,0.0,0.0,1.0,1.0,0.0,0.0,1.0,0.0,100.0,1.0,1.1856,26.0,0.0,-0.015,40.891000000000005,57.999998,100.0,26.0,26.0,26.0,26.0,-0.6366666666666667,-2.7675,0.08345000000000001,289.291,-2.2843999999999998,-2.7203749999999998,-1.3135,-1.7184,-101.87,215.41,189.93675,0.0,0.0,0.0,0.0,0.10266666666666668,-5.498166666666667,-5.498166666666667,-0.3885,1.6760000000000002,-0.34244444444444433,-1.424,64.582,-0.24680000000000002,-0.695575,5.6240000000000006,100.0,0.0,1.0,191.69,0.0,0.0,0.0,0.0,0.0,0.0,0.0,8125.0,0.0,55.0,5.0,232.8,0.0,0.0,0.0,0.0,0.0,0.0,0.0,0.0,2.526,2.526,40.891000000000005,23.607,0.0,55.0,616.79921,10000.0,85.000001,85.000001,85.000001,85.000001,395.0,0.0,0.0,0.0,1.0,83.335,36.087,36.087,54.337,54.337,34.0,-48.94,3.235999999999997,-32.54333333333334,6.515000000000001,1.0,1739.524,4.25,100.0,43.184,40.077,41.622,37.586,0.0,0.0,0.0,0.0,0.0,0.0,0.0,5527.375,3825.7,3764.375,2739.5,301.1845,304.0346666666667,317.38425,319.147,27.9027,23.9696,27.7961,26.2261,314.999998,314.999998,324.999988,324.999988,99.7219,99.57375,99.73482857142857,99.66967142857143,-0.2366666666666668,-0.49024999999999996,-0.41683333333333333,-0.22383333333333336,-2.5349999999999966,-3.7816666666666663,-2.1705000000000005,-2.5600000000000005,75.392,50.81,74.725,64.913,82.705,55.1105,81.0185,72.264,80.207,52.952,80.125,70.4615,77.071,51.3435,78.471,68.61766666666666,0.14849999999999985,-0.46850000000000014,0.07436000000000001,0.08983000000000001,0.0,197.57,194.64499999999998,192.31333333333333,191.06333333333333,0.0,0.0
869,0.0,0.0,0.0,1.0,1.0,0.0,0.0,1.0,0.0,100.0,1.0,1.1856,26.0,0.0,-0.015,40.891000000000005,57.999998,100.0,26.0,26.0,26.0,26.0,-0.706,-2.6879,-0.03105,291.87,-2.13985,-2.9025,-1.36235,-1.6481,-99.18,215.345,189.948,0.0,0.0,0.0,0.0,0.10423333333333333,-5.498166666666667,-5.498166666666667,-0.32,-0.6950000000000001,-0.2724444444444445,4.375,63.452,-0.2707,-0.6273000000000001,6.686,100.0,0.0,1.0,188.69666666666666,0.0,0.0,0.0,0.0,0.0,0.0,0.0,7998.1,0.0,55.0,5.0,228.72333333333333,1.0,0.0,0.0,0.0,0.0,0.0,0.0,0.0,2.5680000000000014,2.5680000000000014,40.891000000000005,23.607,1.0,55.0,616.79921,10000.0,85.000001,85.000001,85.000001,85.000001,395.0,0.0,0.0,0.0,1.0,111.11,41.489000000000004,41.489000000000004,57.098,57.098,34.0,-36.9775,0.2959999999999994,-34.82666666666667,5.140000000000001,1.0,1739.48,5.210000000000001,100.0,42.05,36.709,41.141999999999996,36.583,0.0,0.0,0.0,0.0,0.0,0.0,0.0,4463.5,2245.9,3742.5,3699.7,303.5565,308.648,317.4565,317.249,27.9067,23.972,27.7987,26.2288,314.999998,314.999998,324.999988,324.999988,99.72215714285714,99.57398333333333,99.735,99.66982857142857,-0.32800000000000007,-0.5760000000000001,-0.5003333333333333,-0.3163333333333333,-3.0,-6.515000000000001,-2.2744999999999997,-2.1765,75.417,50.825,74.742,64.9295,82.743,55.2115,81.0005,72.26050000000001,80.245,53.047,80.108,70.4595,77.105,51.431,78.452,68.61433333333333,0.23350000000000026,-0.5260000000000002,0.070895,0.08465500000000001,0.0,193.18,185.335,188.79333333333332,188.6,0.0,0.0
870,0.0,0.0,0.0,1.0,1.0,0.0,0.0,1.0,0.0,100.0,1.0,1.1856,26.0,0.0,-0.015,40.891000000000005,57.999998,100.0,26.0,26.0,26.0,26.0,-0.7612222222222222,-2.7842000000000002,-0.30855,295.67,-2.32705,-2.803125,-1.22165,-1.6775,-95.99000000000001,215.25,189.959375,0.0,0.0,0.0,0.0,0.10606666666666668,-5.498166666666667,-5.498166666666667,-0.5177,-3.7940000000000005,-0.1631111111111112,1.0710000000000002,62.094,-0.3578,-0.7210000000000001,9.062000000000001,100.0,0.0,1.0,181.91333333333333,0.0,0.0,0.0,0.0,0.0,0.0,0.0,7710.6,0.0,55.0,5.0,223.85333333333332,0.0,0.0,0.0,0.0,0.0,0.0,1.0,0.0,2.6189999999999998,2.6189999999999998,40.891000000000005,23.607,0.0,55.0,616.79921,10000.0,85.000001,85.000001,85.000001,85.000001,395.0,0.0,0.0,0.0,1.0,166.665,42.313,42.313,60.928,60.928,34.0,-41.185,-0.921999999999997,-20.546666666666667,0.20999999999999908,1.0,1739.431,6.77,100.0,39.449,34.665,37.87,32.94,0.0,0.0,0.0,0.0,0.0,0.0,0.0,4523.625,3284.1,2640.25,1684.8999999999999,303.8485,305.774,319.516,321.504,27.9105,23.9746,27.8012,26.2315,314.999998,314.999998,324.999988,324.999988,99.72247142857142,99.57443333333333,99.73517142857143,99.66997142857143,-0.4943333333333333,-0.69375,-0.6306666666666666,-0.4156666666666667,-3.318333333333328,-6.609999999999999,-3.0605,-4.0785,75.441,50.841499999999996,74.757,64.947,82.79,55.403,80.9695,72.2425,80.292,53.2265,80.078,70.4435,77.146,51.5975,78.42,68.59766666666667,0.3810000000000002,-0.645,0.07259,0.09268000000000001,0.0,188.67000000000002,182.005,183.26333333333332,180.56,0.0,0.0
871,0.0,0.0,0.0,1.0,1.0,0.0,0.0,1.0,0.0,100.0,1.0,1.1856,26.0,0.0,-0.018,40.891000000000005,57.999998,100.0,26.0,26.0,26.0,26.0,-1.0027777777777778,-2.8811999999999998,-0.01975,295.807,-2.25335,-2.815375,-1.1481,-1.6875,-93.03999999999999,215.1475,189.9645,0.0,0.0,0.0,0.0,0.1078,-5.498166666666667,-5.498166666666667,-0.5432,1.0053333333333334,-0.2517777777777779,-3.7030000000000003,60.748000000000005,-0.5565,-0.6717000000000001,12.77,100.0,0.0,1.0,179.03,0.0,0.0,0.0,0.0,0.0,0.0,0.0,7588.4,0.0,55.0,5.0,219.02,1.0,0.0,0.0,0.0,0.0,0.0,1.0,0.0,2.666999999999998,2.666999999999998,40.891000000000005,23.607,1.0,55.0,616.79921,10000.0,85.000001,85.000001,85.000001,85.000001,395.0,0.0,0.0,0.0,1.0,333.33500000000004,41.153,41.153,61.981,61.981,34.0,-47.5025,-2.0080000000000027,-34.64666666666667,-4.710000000000001,1.0,1739.381,5.815000000000001,100.0,40.144999999999996,35.221000000000004,34.976,28.866,0.0,0.0,0.0,0.0,0.0,0.0,0.0,4841.125,3418.8,3539.5,2502.0,302.948,305.297,318.02725,319.78025,27.9147,23.977899999999998,27.8033,26.2337,314.999998,314.999998,324.999988,324.999988,99.72277142857143,99.57478333333333,99.73538571428571,99.67015714285715,-0.47899999999999987,-0.687,-0.8818333333333334,-0.7028333333333334,-2.9933333333333323,-4.4566666666666706,-2.9575000000000005,-3.6565000000000003,75.467,50.862,74.77,64.9605,82.844,55.559,80.9545,72.243,80.347,53.373,80.0645,70.4455,77.193,51.7335,78.4045,68.59833333333333,0.31800000000000006,-0.5905,0.07230500000000001,0.07632000000000001,0.0,185.5,181.71,180.16333333333333,177.89666666666668,0.0,0.0
872,0.0,0.0,0.0,1.0,1.0,0.0,0.0,1.0,0.0,100.0,1.0,1.1856,26.0,0.0,-0.018,40.891000000000005,57.999998,100.0,26.0,26.0,26.0,26.0,-1.1962222222222223,-2.7068000000000003,0.1874,295.517,-2.0924,-3.01625,-0.9789,-1.8233000000000001,-89.97999999999999,215.01749999999998,189.9705,0.0,0.0,0.0,0.0,0.10956666666666667,-5.498166666666667,-5.498166666666667,-0.5016,0.32399999999999995,-0.4224444444444444,-1.458,59.364000000000004,-0.6162000000000001,-0.667975,11.532,100.0,0.0,1.0,175.68,0.0,0.0,0.0,0.0,0.0,0.0,0.0,7446.5,0.0,55.0,5.0,214.02333333333334,0.0,0.0,0.0,0.0,0.0,0.0,1.0,0.0,2.718,2.718,40.891000000000005,23.607,0.0,55.0,616.79921,10000.0,85.000001,85.000001,85.000001,85.000001,395.0,0.0,0.0,0.0,1.0,166.665,41.367000000000004,41.367000000000004,61.523,61.523,34.0,-61.1225,-2.058,-47.28333333333333,-5.65,1.0,1739.331,6.960000000000001,100.0,41.17,34.49,36.92,27.684,0.0,0.0,0.0,0.0,0.0,0.0,0.0,5361.375,2675.6,3956.75,2443.8,301.7595,307.35566666666665,317.079,319.86175,27.9194,23.9808,27.8064,26.2361,314.999998,314.999998,324.999988,324.999988,99.72307142857143,99.57508333333334,99.73561428571429,99.67032857142857,-0.6446666666666667,-0.8515,-0.9688333333333334,-0.7695,-2.828333333333326,-5.960000000000001,-2.3185000000000002,-3.292,75.496,50.88,74.78999999999999,64.9755,82.897,55.6835,80.9545,72.2415,80.4,53.4895,80.0665,70.4455,77.241,51.841,78.4045,68.59666666666666,0.36450000000000005,-0.6430000000000002,0.08179,0.08296,0.0,181.61,174.65,176.94333333333333,174.41666666666666,0.0,0.0
873,1.0,0.0,0.0,1.0,1.0,0.0,0.0,1.0,0.0,100.0,1.0,1.1856,26.0,0.0,-0.020999999999999998,40.891000000000005,57.999998,100.0,26.0,26.0,26.0,26.0,-1.1416666666666666,-2.4695,-0.14895,298.264,-1.9065999999999999,-3.2655,-1.12145,-1.7115,-87.16999999999999,214.87,189.977125,0.0,0.0,0.0,0.0,0.11123333333333334,-5.498166666666667,-5.498166666666667,-0.5422,-2.4363333333333337,-0.28966666666666674,5.849,58.161,-0.6145,-0.6690750000000001,11.314,100.0,0.0,1.0,171.66,0.0,0.0,0.0,0.0,0.0,0.0,0.0,7276.0,0.0,55.0,5.0,209.66666666666669,1.0,0.0,0.0,0.0,0.0,0.0,1.0,0.0,2.7659999999999982,2.7659999999999982,40.891000000000005,23.607,1.0,55.0,616.79921,10000.0,85.000001,85.000001,85.000001,85.000001,395.0,0.0,0.0,0.0,1.0,333.33500000000004,45.441,45.441,67.047,67.047,34.0,-56.0125,0.12599999999999767,-28.406666666666666,-8.7425,1.0,1739.282,9.030000000000001,100.0,40.611000000000004,30.432000000000002,36.224000000000004,27.491,0.0,0.0,0.0,0.0,0.0,0.0,0.0,4781.75,1543.8999999999999,2884.625,2701.7,302.8855,310.648,319.1745,319.34425,27.9238,23.9823,27.8088,26.2384,314.999998,314.999998,324.999988,324.999988,99.72338571428571,99.57535,99.73581428571428,99.67048571428572,-0.8463333333333332,-1.0425,-1.014,-0.8240000000000001,-3.0616666666666674,-10.088333333333331,-3.0115,-3.035,75.524,50.888999999999996,74.805,64.99,82.95400000000001,55.8025,80.9465,72.2415,80.458,53.5995,80.0605,70.4465,77.293,51.941,78.396,68.596,0.5335000000000001,-0.7770000000000001,0.07569000000000001,0.084,0.0,177.29000000000002,166.69,171.98666666666668,171.33333333333334,0.0,0.0
874,0.0,0.0,0.0,1.0,1.0,0.0,0.0,1.0,0.0,100.0,1.0,1.1856,26.0,0.0,-0.020999999999999998,40.891000000000005,57.999998,100.0,26.0,26.0,26.0,26.0,-1.1965555555555556,-2.5956,-0.31395,300.964,-2.17285,-3.048,-0.9831,-1.7737,-84.07,214.6775,189.979125,0.0,0.0,0.0,0.0,0.11303333333333333,-5.498166666666667,-5.498166666666667,-0.732,-3.035333333333334,-0.08233333333333359,2.88,56.84,-0.7037,-0.69455,13.916,100.0,0.0,1.0,164.76,0.0,0.0,0.0,0.0,0.0,0.0,0.0,6983.6,0.0,55.0,5.0,204.93,0.0,0.0,0.0,0.0,0.0,0.0,1.0,0.0,2.8200000000000003,2.8200000000000003,40.891000000000005,23.607,0.0,55.0,616.79921,10000.0,85.000001,85.000001,85.000001,85.000001,395.0,0.0,0.0,0.0,1.0,166.665,46.31,46.31,67.841,67.841,34.0,-48.4375,-1.4540000000000006,-25.036666666666665,-1.3975000000000009,1.0,1739.231,11.265,100.0,37.946,29.628,33.161,24.354,0.0,0.0,0.0,0.0,0.0,0.0,0.0,4455.75,2572.0,2619.625,1270.8,303.9915,307.76866666666666,319.56825,322.33875,27.9278,23.9842,27.811,26.2404,314.999998,314.999998,324.999988,324.999988,99.72372857142857,99.57568333333333,99.73602857142858,99.67064285714285,-1.0573333333333332,-1.228,-1.1643333333333332,-0.962,-3.664999999999999,-8.055,-3.2355,-6.0435,75.549,50.9015,74.819,65.0025,83.017,55.954499999999996,80.93299999999999,72.227,80.522,53.741,80.0485,70.43299999999999,77.35,52.071,78.382,68.58166666666666,0.7305000000000001,-0.9660000000000002,0.08082500000000001,0.09433000000000001,0.0,172.46,163.39,167.82,161.70333333333335,0.0,0.0
875,0.0,0.0,0.0,1.0,1.0,0.0,0.0,1.0,0.0,100.0,1.0,1.1856,26.0,0.0,-0.024,40.891000000000005,57.999998,100.0,26.0,26.0,26.0,26.0,-1.3423333333333334,-2.7676,0.07,300.781,-2.15745,-3.043625,-0.9504,-1.7461,-81.54999999999998,214.4975,189.975625,0.0,0.0,0.0,0.0,0.1145,-5.498166666666667,-5.498166666666667,-0.7823,-0.09933333333333327,-0.10811111111111149,-3.841,55.637,-0.9312,-0.661625,19.764000000000003,100.0,0.0,0.0,160.65333333333334,0.0,0.0,0.0,0.0,0.0,0.0,0.0,6809.5,0.0,55.0,5.0,200.63333333333333,1.0,0.0,0.0,0.0,0.0,0.0,1.0,0.0,2.8649999999999984,2.8649999999999984,40.891000000000005,23.607,1.0,55.0,616.79921,10000.0,85.000001,85.000001,85.000001,85.000001,395.0,0.0,0.0,0.0,1.0,333.33500000000004,44.754,44.754,68.81700000000001,68.81700000000001,34.0,-60.182500000000005,-2.7319999999999993,-28.349999999999998,-1.8849999999999998,1.0,1739.184,8.940000000000001,100.0,38.349000000000004,30.607,31.07,21.684,0.0,0.0,0.0,0.0,0.0,0.0,0.0,4976.125,2735.4,3097.875,1790.5,302.777,307.2303333333333,318.91425,321.2485,27.9314,23.9865,27.8127,26.2419,314.999998,314.999998,324.999988,324.999988,99.72404285714286,99.57605,99.73621428571428,99.67082857142857,-1.0163333333333333,-1.1875,-1.516,-1.329,-3.2950000000000017,-7.25,-3.7140000000000004,-6.987500000000001,75.571,50.9155,74.83,65.0115,83.081,56.1205,80.931,72.2495,80.58500000000001,53.896,80.048,70.456,77.407,52.213499999999996,78.38,68.602,0.6375000000000002,-0.8799999999999999,0.06954500000000001,0.08814000000000001,0.0,169.865,161.425,164.16,157.14666666666668,0.0,0.0
876,0.0,0.0,0.0,1.0,1.0,0.0,0.0,1.0,0.0,100.0,1.0,1.1856,26.0,0.0,-0.024,40.891000000000005,57.999998,100.0,26.0,26.0,26.0,26.0,-1.5804444444444443,-2.508,0.1273,300.049,-1.5063,-3.285625,-0.76845,-1.9342000000000001,-78.59,214.25,189.97125,0.0,0.0,0.0,0.0,0.11623333333333333,-5.498166666666667,-5.498166666666667,-0.7778,0.1343333333333333,-0.3054444444444444,0.0030000000000001137,54.231,-1.1156000000000001,-0.6789000000000001,17.694000000000003,0.0,0.0,0.0,157.22,0.0,0.0,0.0,0.0,0.0,0.0,0.0,7547.8,0.0,55.0,0.0,195.55666666666667,0.0,0.0,0.0,0.0,0.0,0.0,1.0,0.0,2.9190000000000005,2.9190000000000005,40.891000000000005,23.607,0.0,55.0,616.79921,10000.0,85.000001,85.000001,85.000001,85.000001,395.0,0.0,0.0,0.0,1.0,166.665,43.915,43.915,68.893,68.893,34.0,-78.2575,-1.5159999999999982,-49.32666666666667,-1.575000000000001,1.0,1739.131,5.789999999999999,100.0,40.355000000000004,30.006,33.013,20.179000000000002,0.0,0.0,55.0,0.0,0.0,0.0,0.0,5979.75,1998.6999999999998,3727.875,1550.8999999999999,300.3755,309.2923333333333,317.5415,321.74225,27.9362,23.9887,27.8155,26.2437,314.999998,314.999998,324.999988,324.999988,99.7244,99.5764,99.73651428571429,99.67105714285714,-0.9526666666666668,-1.13675,-1.7353333333333334,-1.5535,-2.721666666666671,-7.210000000000001,-2.5825000000000005,-7.108499999999999,75.601,50.929500000000004,74.84700000000001,65.023,83.154,56.2785,80.959,72.283,80.659,54.042500000000004,80.0785,70.48949999999999,77.475,52.348,78.4075,68.632,0.3075000000000001,-0.5590000000000002,0.07769000000000001,0.09098500000000001,0.0,166.54500000000002,156.70499999999998,161.59,152.85,0.0,0.0
877,0.0,0.0,0.0,1.0,1.0,0.0,0.0,1.0,0.0,100.0,1.0,1.1856,26.0,0.0,-0.024,40.891000000000005,57.999998,100.0,26.0,26.0,26.0,26.0,-1.5862222222222222,-2.5107,-0.04415,300.339,-1.67445,-3.113875,-0.5606,-1.7497,-75.87,213.985,189.9695,0.0,0.0,0.0,0.0,0.11783333333333333,-5.498166666666667,-5.498166666666667,-0.6970000000000001,2.252,-0.10111111111111137,4.9910000000000005,52.954,-1.1626,-0.632375,17.362,0.0,0.0,0.0,155.50333333333333,0.0,0.0,0.0,0.0,0.0,0.0,0.0,8934.6,0.0,55.0,0.0,190.96,1.0,0.0,0.0,0.0,0.0,0.0,1.0,0.0,2.969999999999999,2.969999999999999,40.891000000000005,23.607,1.0,55.0,616.79921,10000.0,85.000001,85.000001,85.000001,85.000001,395.0,0.0,0.0,0.0,1.0,166.665,44.662,44.662,71.80799999999999,71.80799999999999,34.0,-75.785,-1.8640000000000043,-29.736666666666665,-15.2375,1.0,1739.079,5.245000000000001,100.0,41.469,28.933,32.414,20.605,0.0,0.0,6.875,0.0,0.0,0.0,0.0,5582.75,1614.5,3050.875,2490.2,301.0165,310.341,319.08325,319.82925,27.941200000000002,23.9904,27.8178,26.2457,314.999998,314.999998,324.999988,324.999988,99.72474285714286,99.57668333333334,99.73675714285714,99.6713,-1.014,-1.19775,-1.8551666666666669,-1.68,-2.7533333333333303,-6.741666666666667,-3.4955,-4.226,75.632,50.94,74.861,65.0355,83.227,56.406,80.976,72.326,80.734,54.1605,80.098,70.532,77.545,52.4555,78.4245,68.67066666666666,0.26449999999999996,-0.5125000000000002,0.078185,0.08470000000000001,0.0,162.48000000000002,153.35,156.64333333333335,154.36333333333334,0.0,0.0
878,0.0,0.0,0.0,1.0,1.0,0.0,0.0,1.0,0.0,100.0,1.0,1.1856,26.0,0.0,-0.027,40.891000000000005,57.999998,100.0,26.0,26.0,26.0,26.0,-1.5682222222222222,-2.5725,0.1199,300.186,-1.81585,-3.380125,-0.6939,-1.6358000000000001,-73.37,213.7025,189.97025,0.0,0.0,0.0,0.0,0.1193,-5.498166666666667,-5.498166666666667,-0.6304000000000001,1.258,0.0076666666666667105,1.564,51.875,-0.9794,-0.616025,11.925999999999998,82.7,0.0,0.0,151.55,0.0,0.0,0.0,0.0,0.0,0.0,0.0,7619.2,0.0,55.0,4.0,187.03,0.0,0.0,0.0,0.0,0.0,0.0,1.0,0.0,3.0180000000000007,3.0180000000000007,40.891000000000005,23.607,0.0,55.0,616.79921,10000.0,85.000001,85.000001,85.000001,85.000001,395.0,0.0,0.0,0.0,1.0,166.665,45.303,45.303,68.207,68.207,34.0,-71.305,-2.9080000000000013,-56.233333333333334,-13.2,1.0,1739.033,8.620000000000001,100.0,40.631,28.558,33.576,21.042,0.0,0.0,0.0,0.0,0.0,0.0,0.0,5298.625,1895.8,3847.0,1680.5,301.8125,309.574,317.349,321.39675,27.9454,23.992,27.8201,26.2476,314.999998,314.999998,324.999988,324.999988,99.72505714285714,99.57695,99.737,99.67144285714286,-1.1693333333333333,-1.3375,-1.5408333333333333,-1.3576666666666668,-3.028333333333329,-6.505000000000003,-1.9610000000000003,-2.1959999999999997,75.65899999999999,50.9505,74.876,65.0475,83.292,56.522999999999996,80.995,72.3245,80.801,54.2685,80.1195,70.532,77.607,52.5535,78.445,68.669,0.4544999999999999,-0.6880000000000002,0.07709500000000001,0.09783000000000001,0.0,158.56,151.025,151.96,151.13666666666666,0.0,0.0
879,0.0,0.0,0.0,1.0,1.0,0.0,0.0,1.0,0.0,100.0,1.0,1.1856,26.0,0.0,-0.03,40.891000000000005,57.999998,100.0,26.0,26.0,26.0,26.0,-1.513111111111111,-2.3687,0.09040000000000001,300.873,-1.98365,-3.195875,-0.84945,-1.865,-70.78,213.3725,189.973125,0.0,0.0,0.0,0.0,0.12083333333333333,-5.498166666666667,-5.498166666666667,-0.6104,-0.7616666666666667,0.16466666666666674,1.939,50.607,-0.7852,-0.603125,13.02,87.80000000000001,0.0,0.0,150.24333333333334,0.0,0.0,0.0,0.0,0.0,0.0,0.0,7041.7,0.0,55.0,4.0,182.51333333333332,1.0,0.0,0.0,0.0,0.0,0.0,1.0,0.0,3.068999999999999,3.068999999999999,40.891000000000005,23.607,1.0,55.0,616.79921,10000.0,85.000001,85.000001,85.000001,85.000001,395.0,0.0,0.0,0.0,1.0,166.665,46.036,46.036,68.024,68.024,34.0,-57.6775,0.0799999999999983,-17.173333333333332,-6.887500000000001,1.0,1738.981,12.215000000000003,100.0,39.285,28.432000000000002,33.65,20.378,0.0,0.0,0.0,0.0,0.0,0.0,0.0,4779.0,2237.5,3048.375,2098.7,303.157,308.74966666666666,318.85475,320.58725,27.9493,23.994,27.8225,26.2494,314.999998,314.999998,324.999988,324.999988,99.7254,99.57723333333334,99.73725714285715,99.67157142857143,-1.2933333333333334,-1.45725,-1.3581666666666667,-1.17,-3.5233333333333263,-9.519999999999996,-4.9275,-4.5675,75.68299999999999,50.9625,74.89,65.059,83.365,56.656,81.0205,72.3185,80.874,54.391999999999996,80.148,70.5265,77.673,52.666,78.4705,68.66266666666667,0.8050000000000002,-1.0314999999999999,0.07415500000000001,0.08639500000000001,0.0,154.055,143.02,150.39333333333335,150.09666666666666,0.0,0.0
880,0.0,0.0,0.0,1.0,1.0,0.0,0.0,1.0,0.0,100.0,1.0,1.1856,26.0,0.0,-0.03,40.891000000000005,57.999998,100.0,26.0,26.0,26.0,26.0,-1.3126666666666666,-2.5909,-0.051800000000000006,301.865,-1.97485,-3.246875,-0.77265,-1.8740999999999999,-68.25999999999999,213.015,189.97675,0.0,0.0,0.0,0.0,0.1223,-5.498166666666667,-5.498166666666667,-0.6412,0.06733333333333336,0.13666666666666671,-0.43999999999999995,49.345,-0.7605000000000001,-0.622625,16.740000000000002,92.9,0.0,0.0,141.93,0.0,0.0,0.0,0.0,0.0,0.0,0.0,7123.6,0.0,55.0,4.0,177.93,0.0,0.0,0.0,0.0,0.0,0.0,0.0,0.0,3.120000000000001,3.120000000000001,40.891000000000005,23.607,0.0,55.0,616.79921,10000.0,85.000001,85.000001,85.000001,85.000001,395.0,0.0,0.0,0.0,1.0,166.665,46.097,46.097,69.839,69.839,34.0,-63.675,-4.678000000000004,-31.846666666666664,-6.715,1.0,1738.93,13.295000000000002,100.0,39.144999999999996,28.473,32.159,19.41,0.0,0.0,0.0,0.0,0.0,0.0,0.0,5023.875,2016.6999999999998,3127.875,1414.5,302.5685,309.146,318.8035,322.01925,27.9532,23.996,27.8245,26.2511,314.999998,314.999998,324.999988,324.999988,99.72574285714286,99.57753333333334,99.73751428571428,99.6717,-1.2493333333333334,-1.40575,-1.4636666666666667,-1.2751666666666668,-3.3416666666666686,-5.964999999999996,-3.3150000000000004,-3.4830000000000005,75.708,50.9745,74.90299999999999,65.069,83.438,56.783,81.0415,72.3075,80.94800000000001,54.5095,80.17099999999999,70.517,77.74,52.7735,78.4915,68.652,0.9079999999999999,-1.137,0.0748,0.096055,0.0,150.66,144.315,142.49333333333334,141.37,0.0,0.0
